,tx_id,time,inputs,outputs
0,9824fa6d55f6094d71afb7e7f4693779de4513cb8bff82b95e7e51fcc9790ac5,2021-01-31 18:08:42,"[('15w54TTWwg56GDi3qhHuwVwcrGfiFC6QvL', 1000000), ('1G1XLZ5KcVXbWqCnYCfdR2sHmSxPqyptNb', 2631544), ('16QwJ8F89tpcwmFPEuFwJA8VC8UUF6HStc', 72479098), ('12D1RKwobxDx2ZwSMvBTFwSwGAz7NSgadB', 1549000), ('16s88Db599uAL8FkoGyBZmGBah1DzCoEUF', 100000000), ('1PcFcTSY1z5gCYD5Aqid3CUQo73cVNdjq7', 1008000), ('1MTjztph8n7qFFkC6wAJD5jxTh9JmVnLrp', 13164304), ('113b7ubNwTDsUuQep5692T6tKmo84RFoAP', 6055000), ('1PWbMKV9tyMxpjprrcJThBCudrMD8QsofV', 1521873), ('16coXui6UY6Xfh7N2ytSTfVSC3A9Yr7Tn7', 1469683), ('158wggXMzD5WEZwHNd2aRdN9yxfZbjnBSm', 4595000), ('1CfAFiaxQCWMMexG9NWBkgm5FY8tv9y3hh', 1921400), ('12tfRVn4VZEZwTYgA36Bo8dYu22bBW4ftM', 250000000), ('17PoA3tbBK9McVGpH4oyxHGfwvWWtZrJEt', 1275000), ('1NdbXnE5FzHYGxM4EwYtKeety8uJUTyiQp', 1114614), ('1NSrTSmFp3Ys8HUCEywvPb6GcpU2uwc4fQ', 39596972), ('18ad7xEFrVX5qSi6jhNV7wCiozfjHWLSbv', 1740767), ('18TnWiRzgrgZuVVVeqtLKhW7w8W4C81Nac', 286230000), ('18U4KvE9kv1pAkrgCqj5mihnpHsLM9o6Xf', 6135007), ('17gkDH3YYQdzzLVL5yAhSKvjQqV1APMsYP', 1899000), ('1MkiFkZJqrHx9fWBLUvvH6cHgnynEb1gYe', 30352767), ('19cAX5rwPBFVs1h4A2dJdvQ2EujXYYCUw5', 80000000), ('18qQjjZdKdDoACpQL5qKTgP6donQZjzpwW', 62210000), ('1FQjMwFphr8NJk5MiDcixxKUC2EPeT6U4U', 24754609), ('1HFXUzr19WbLTECmdyvHPhCdoraV7cT8TZ', 1556000), ('1M8fNZmufkBMWsNSUehBVXLhu56L4tQuyU', 1404977), ('1L9TLM9QwzzwwnzUETpEzJqsQxkuF2bP75', 6129324), ('1LLgVCrf6Dxj6PPUYfWQ2x2JUcdvUW8gbc', 1137300), ('17TYgs5yov17ppHMGeDmQg3eP9xnwKTUQC', 6070000), ('17TuxMakWA38X2HUieXFU5VZcXFusdRPnx', 1489520), ('1CQ7xFtsQ6YT1pETBmaSCMs8tb9Wd3BX5M', 1281000), ('1AJA624wMAcPo31xDx5DmFvuFTBgvXtrdr', 1206286), ('17gkDH3YYQdzzLVL5yAhSKvjQqV1APMsYP', 2958000), ('1GEg1MRF8VYGLbdw7wq3YJMyXGqyQzRpdz', 2084632), ('1ApMydCqQPZKRxMpTqfU2C8qLFaPrb183E', 153381074), ('1L5tLc6ayc3RXAyicHRv2c2uSNVJzoP4Yp', 30000000), ('1JBGtkKHRFtr78pS92fKGQtknV1P7QnvKg', 1252100), ('15WBopzRXnidHHS3p9aEtRrvC2XRz8Cs2E', 31335023), ('1FPg46teXx8ig22ws2NHwPm9tqiLLkEdpo', 1360000), ('1DBzd2dvAmfQGkcFNnND3vgeiKLUkeZLKD', 1025029), ('1cRZJxj5rdN6fQA92hC4m6UV4vgbQkBtJ', 32217000), ('1Lhrp9i8APHLGiczGuP7D29Emb1uymRsex', 3380850), ('1J24iXmgNdfryVjSrjpD5FC949TGpS4wwZ', 7070341), ('1CgbP6aCtUGz8UVZoiBk9Z3NQjrJptcqzC', 116480000), ('12DQ4qXNmrDzQXoC12gsYnKEwoXRDknfEX', 150000000), ('15msADhNh18zRvqardMUUdA9Uir24oHsYR', 15710000), ('1AGGz3KQYyGdZhCadTfAiQLcF98MdZVEFS', 1500000), ('1GDfsxSFS2kH5n2MXP7tceB6zv1iDQkUes', 1089000), ('1EuVaogKhkmqj2HRd6hdb71rMUFJX6G79', 2500000), ('1Lhrp9i8APHLGiczGuP7D29Emb1uymRsex', 1493629), ('1B2NyqUCsyuxzxcwamTwTj6MKBCGguKTQT', 100000000), ('1Htjvu9VnMRoKJ5uRHYZRUsJkcsmHY4wQN', 2398087), ('1MGzhr5Z5CsQxfHYQobniMxjDt7EgMk279', 2990372), ('14rADFYfLYkWsD7MdTgE3FbvGECGPJ2UC6', 3182185), ('1EWNcT2XKq2QsoeNE7aR7FjwvwAykLXunP', 2868737), ('1F2Q38kLEeEKGZZiMJJggYKhyCiQF6B35Z', 60903569), ('15S6UQ64ZGLYUV3JZ7TTMFWnEFEbTD2BSS', 4592882), ('1Emv1GQEsMqPp3bYAQ5Jpg76mPxQLBwx34', 1043494), ('1NCN3xmuvvZ3BaFNURUTF33tuTZKnaetR', 6025459), ('1yXUJaG5rqXP74PAf1QfwBmWHPbFdZsyb', 5739520), ('16jMZvGriJFdf6VwKfuih9es4CHRB8h8rK', 3620877), ('1L1xSXttdsBAPVjVfyoyCg3RZbdHinT5G5', 3458830), ('181rfrGpV6y7NaRyFBmWqXws19wjzqwHG', 2107550), ('1LL3FigFaXnLWZBmX15W7w3tBAvJt9w4Pf', 39960000), ('1AJA624wMAcPo31xDx5DmFvuFTBgvXtrdr', 1205600), ('1PAhs8mLYhasvArSRpisEeciYVeuGTf8Yu', 10000000), ('14uUhvwGU1HRC3qvRaXjKoGjbGthifQEEz', 1740000), ('1FXgvgnaWGuW8h5HJ8eLkWJTwdfjMe9oCY', 1780000), ('1NUPy1LL4vV85MJ8PcUsLapwV6we95ywxZ', 5800000), ('1DJt2CZLdoq9muuUMZZggspeSiPs3Jt5Jr', 3950000), ('1r21bDbKYEFkd8w3CxqfowL11gCyMfuNU', 1293100), ('1NWjjHRfGgFr79yU69BPZQ42cMWxYSAMSc', 1300890), ('17gkDH3YYQdzzLVL5yAhSKvjQqV1APMsYP', 3216000), ('15w54TTWwg56GDi3qhHuwVwcrGfiFC6QvL', 244431195), ('1ABZ7UV2jyLpMeLtyPCKvPFb2byam7Gn2J', 1580100), ('15mVKnU1GSWhfWQspYWYU1Gw3X7egvEkhJ', 1590000), ('12tfRVn4VZEZwTYgA36Bo8dYu22bBW4ftM', 250000000), ('1Hr8TNU7U6PiQW9X9ve69F9HeixVWUqPL9', 1341126), ('17Nr57reVTiqFFP9AxUGpQcnT3Y12cFoJX', 2477367), ('1M55zheJeePDN3vVVVufMCHKyxgW8MY4yH', 1753819), ('1McFBFL79nAc2Pozo4RhJueRLLGkG6tX44', 11220887), ('1NSrTSmFp3Ys8HUCEywvPb6GcpU2uwc4fQ', 37758714), ('1LajBMjsvLVfrKDCx2wbkmtQbYXt8vP5ja', 40000000), ('17kgW3KkT4pvrPa77DRSN47NjsRVWPNYL4', 5230451), ('1MGzhr5Z5CsQxfHYQobniMxjDt7EgMk279', 2756497), ('16VNEqcHwjJuLYRrQyj4NgsCusu7gm6BRM', 14369899), ('153Qee3W7P6dNHnFVReBVZckyuxbpnY7GG', 42072875), ('12mjiw2qs55tWmETABNB839suNtKjjF3kH', 64182156), ('1H2QPCTzFuEiMfRhuJufwiuKUALaTiJwTd', 1749906), ('1JtJZvBabGjLuyHG12uVCiX6Rfy8KTnbvN', 1115695), ('1KULTmtTaCYRoFirv1snT2BrcJ7ZMy1ZHR', 13836207), ('1DZd4zPks3g96wov8CnwW9sjv7wrDhj9RA', 10774742), ('1EQkrdhRoJNhvUnTz351D9SmsNG4o9WTFX', 1103688), ('15qwrrtCtPRWhruhZaDJ6HPY2XBgnpADho', 7848305), ('1K7bZNESLAfVsQ5npsdAN2DC1ME37R8ggJ', 4056026), ('1GsAsi7HvGwM37DbW6DuEcio7BU1s1HM7H', 1008540), ('15r7rPRc5GdCtJBPxYZGTGCD9851WVMJ79', 243481703), ('1G7XTrdNu4b8RgcghpGUgGEkD1BNUhAzhE', 2586206), ('1E9YKwqJrxw9Fb7KxykoRtvM8UfiZksBes', 94000000), ('1D2UTigPy1ZBEpZ4prg4WnQJZfgtJ89uKx', 1500000), ('1KXXugKCobcfPmAkjRPLsqrNVxDpr3q1qK', 14206714), ('1FKBxnpbzCnHZDEesWRPbkKY8rmf1tydKo', 193238688), ('1HJdSyp2vqx2opeCSmtDCQhfxup6sRGubs', 1644920), ('1JXGwcNL8nEUPZVpnSfWs5wBicgkzwQgXR', 200000000), ('1GKA9HLHyyaUzZCrecoQGNgyMMMW1ceTBP', 5210000), ('1T7foNt6rcVVd9d3VqXBbPKfn7CwKjKz5', 1779426), ('1Hai7PGTLnTmZaMnkXokucYhW186HX537U', 1330000), ('16UAxQ2gMcDzDxMBn5tj8mHhZXUPvYqU5T', 151985423), ('16SBUKkj9qNdG9o1vKDVB8oRV6Bm4iMmhL', 11490000), ('17gkDH3YYQdzzLVL5yAhSKvjQqV1APMsYP', 2214000), ('16emfy1rTfJLVjpmZwf92cWo9hw2UzxuKj', 1248822), ('1Jf8V8T32Z85qhrqMJGenKvvDYnkC3NaLh', 20000000), ('1Pky8xK3XtU6aoLrs8qxJe8sb1wxjLj5ux', 2141606), ('18h59CgzVzNnWmhJ5eBcy2ZmkUzTGgNRt4', 1000000), ('1MHk1EbL61znJ7N2dWwvy4sQxTwciKwcaF', 8166360), ('1H26ST5i2AXnpVET5QpcojBtgYjcTMnq7U', 6700000), ('1PVDKUc9akMx6ps8KHcTLiqryCjBoHjuVq', 265797057), ('1NGEzyLxk2GeLYSGqp31RZ1j7DUokV8tcF', 13440000), ('1NG8iM54GhPgQi8LzvG7fiTpgDa8pXHKVv', 275150000), ('1Mh5kJPgyZemy19Jss22o9heLigvuC5kvX', 5150544), ('1NedEhRb8ZMtgNUEsbNezionHVuQoUkgyE', 1422000), ('1Jf8V8T32Z85qhrqMJGenKvvDYnkC3NaLh', 20000000), ('182dZTX8v9DN7cJjHNV6q12z8C7GaDb2RS', 1300000), ('1PThqGZtggLAKvHXf2MzmJXeJZ41KYgrEn', 1040888), ('1Dm7iXtT5nLHWQiWaYMUMUs39ZkQz5eUzE', 1015596), ('18T7WVK3paesSyJH3RjDAqyc5XBSPZLkb7', 6906000), ('1JDAnh6cmcaPVvexaTweD8jm1H2M8BVyer', 50000000), ('1KXTiJnyGX2hLALhx42nbE5MyoPikxHpfy', 22000000), ('1153N8UwstUvCKCx9maMcpT7PeUMrbwor3', 3107485), ('1PDfjwd9rRbxCgvmWs2YkguccTFCN94LGQ', 50000000), ('12JjaEtthxHt66hfvJczerTW2zQ959P9Un', 4333182), ('1G5QBMELCLfZJWmC9hmNkxSUv4EKBfZnnC', 3839590), ('12hNJL1EHHfKvEQibe89a4mwFPurZPF6Zi', 1500000), ('1AvQrFTtyhQZKS7p1qvbWT26X3Dz7WenEi', 30961594), ('1BSMzznGGzhi4GqokKvg1CKPsdrHeKJts3', 4161862), ('1N7vzJd3z6vSesSDxQbW2RKx1qNBUWT36y', 16008845), ('1DxAJhi2Pxq49DeMx4DWeV8YF8vQFX1qET', 1176960), ('1B4xf9v7JsPhf1aArX23zmEJ5yyj9HiFqx', 3500000), ('1F2Q38kLEeEKGZZiMJJggYKhyCiQF6B35Z', 49534786), ('1N9UwypbUGsDvBJKDSKpfd2J6BGB9ZHMD9', 30689461), ('1L1xSXttdsBAPVjVfyoyCg3RZbdHinT5G5', 1319100), ('1G1XLZ5KcVXbWqCnYCfdR2sHmSxPqyptNb', 43634641), ('1DZd4zPks3g96wov8CnwW9sjv7wrDhj9RA', 33310000), ('19d7HRoi5weuS8eTCwEy3wDTZZFvsfNpfy', 2893502), ('16UvyM3QTFQX8XwwAXPSEgRhFxPfixxkPg', 1306700), ('1KRw6NvVKzoA2PTjfh4EKcK4anuphFPPGK', 1407408), ('1Lhrp9i8APHLGiczGuP7D29Emb1uymRsex', 1032863), ('16gTog4GGdQXSCy6YN4kj11qzDNvRypoL8', 116652570), ('1F2Q38kLEeEKGZZiMJJggYKhyCiQF6B35Z', 60000000), ('1F2Q38kLEeEKGZZiMJJggYKhyCiQF6B35Z', 25658627), ('1Dt2j1x9XW4shChTfYWo99F6e6o5QjxdNZ', 47681926), ('1L9C9Gqdum7AzP6oNWFS7eqeDas4npvcrB', 6570694), ('1UGsJ7X8rSBX3FVS7v4zWV7wFfhg1As7o', 5300000), ('17gkDH3YYQdzzLVL5yAhSKvjQqV1APMsYP', 8274000), ('1AJA624wMAcPo31xDx5DmFvuFTBgvXtrdr', 3062540), ('1LkETtTdbG3B6nrrV6XwNoaskMqmagXxTJ', 18000000), ('1JHv47UkUAgnW2jYM8T78KcdfiETiFyE9B', 6150000), ('1MTsKcMqk9QUymTed4wjPcTiZmzxwoCMkw', 3325310), ('1DvCWKpuKiakZZPv3oEsH2qQcfE45E4emK', 100000000), ('12hNJL1EHHfKvEQibe89a4mwFPurZPF6Zi', 1500000), ('16KeXRPyrsJiMWS23qdsA9oMHBAzEf6ge7', 2359391), ('12tfRVn4VZEZwTYgA36Bo8dYu22bBW4ftM', 230000000), ('13wV2o4kKUoSxXdJxtzawtpzwgobtSXX1r', 7723680), ('1H7A7JzChg7KzgQPJ8oHQT1prCSgcBftXa', 90630000), ('195jaqZf8FcAbTKcMvEiuoZCLZP5vMP9Nz', 272196204), ('1KXTiJnyGX2hLALhx42nbE5MyoPikxHpfy', 14700000), ('1G7XTrdNu4b8RgcghpGUgGEkD1BNUhAzhE', 2815655), ('1N6iYpx5FThR9GuTsF9tTg4Niwv2uoFvJC', 1700000), ('1PVWirp5Dh5Jtr97XUMbFtDrFtstxf9g5k', 4165519), ('1Lj7UfTB6LxFKJXaYaryvy8PonDC3P9fZR', 24425381), ('1Jf8V8T32Z85qhrqMJGenKvvDYnkC3NaLh', 20000000), ('18T5Q5XrciemCwh1yTsTxg6pt8gwdfK3HH', 26000000), ('1BUxfAmmfdkVuF9S8GszoTsaT1Lo55ggLZ', 8123507), ('1F2Q38kLEeEKGZZiMJJggYKhyCiQF6B35Z', 32766683), ('15mVKnU1GSWhfWQspYWYU1Gw3X7egvEkhJ', 1410000), ('1CVmpGCBFVqneZM4eoiekF15wvoyM16U7n', 1475000), ('1Lhrp9i8APHLGiczGuP7D29Emb1uymRsex', 2045886), ('1JdVqMFhfJFFkt2LLVWRfTBEBm5kwnZLkA', 1390093), ('15NBSFBrQnqSWqmpgFAEAoa91PJT4mi4sg', 1099849), ('12UCipD1ZsGxmPQAJ67RDfBq8sNaUU4ofm', 119341654), ('1BPMVYPdRuaGeR1a7fQExncrPkmhxErvpQ', 1377492), ('1Bhu3aVdbbevJiN89Mu3rC5QcH9syAk8ER', 70000000), ('1697zTL4kcQsvqnoXxhjDTpUs24itBj8EL', 1060000), ('1ELWdiQ3yKjt9sJhXGcB6xYmEfAZ1Xh63W', 16150000), ('16LUNKB6GiyGpCf98Nm3uih4bQEZpvrMen', 3424200), ('1C6j1jyzFzPPisuoMXNHknGsgaMGTTUY8f', 100000000), ('1GvfQoJ1K4e1SmwLDmcGJqWacGEUnCcyPx', 1410000), ('1PThqGZtggLAKvHXf2MzmJXeJZ41KYgrEn', 1007777), ('1CMGRjKzbaeLA7cW7bpfSFGz4s7Hj4pzCP', 11954446), ('1CRnrN3FqEbHDWA8vYkPMQCWbTinPbkni7', 5000000), ('1LTkx2Qc7PTozjQCjiR2pxq2gkPcFC9AgZ', 26062049), ('15fZBzpRFg4SdYJEPnDmYmmVLWMaAy3Bzu', 6104829), ('1DJ3bXGWeHnhXnVTLNAHfwsaXpoV8tGnMc', 1656000), ('1FamqNHWf6nBquT3y61CyQfcHmTggJNCDb', 1861200), ('1LajBMjsvLVfrKDCx2wbkmtQbYXt8vP5ja', 110000000), ('1Hm3HTZeDvix9fvBBazdm8E8w4pYeaay1v', 4814922), ('13VHKXyPXqqPHU4bjwwBLEaEKcRaR3tca1', 55000000), ('13pq3kMmgnMMVA5CENH7CufV74EsyTktHQ', 2989857), ('1J99pHXhD5WAcRf3Dzshy3Axnf34nznnjq', 2011154), ('1JBGtkKHRFtr78pS92fKGQtknV1P7QnvKg', 1247700), ('17gkDH3YYQdzzLVL5yAhSKvjQqV1APMsYP', 5167000), ('1JwYBjUGN84ajbCQ1pFtmaeimhVbVDpHxt', 3488865), ('1C8rgy7wvHiqNS2wvAaKMroHoWzUSK13DJ', 35000000), ('1BSMzznGGzhi4GqokKvg1CKPsdrHeKJts3', 24604269), ('13VHKXyPXqqPHU4bjwwBLEaEKcRaR3tca1', 6000000), ('17pRjocaXqv9u2XMV9iwAogR11a17z99DC', 1455601), ('1e2GfuEU9stfwp8F6sQt9BgEKDbQF6jsm', 1784587), ('1JwpAiZpW6CEBYenyfAxKAcURg9nEXv7vU', 1340000), ('1NeJcwF27KzbFhtkGYWz51M3XvoiyDxDgz', 280000000), ('1JYeGPB8Kv8K5p1rMnypfXKLSXJgYktnsN', 1281469), ('1F2Q38kLEeEKGZZiMJJggYKhyCiQF6B35Z', 18164052), ('1PMtzRic9HVTgMVDNwFikBWSLwxEett4fu', 102480000), ('15h95dcRTuxauzFDoShg89tT7TpDEabzGR', 16950000), ('1FJwdscu89V8vvUhbpvMZCtgphaGQU1fMe', 1513500), ('18TnWiRzgrgZuVVVeqtLKhW7w8W4C81Nac', 286200000), ('1PvFfJz6ZWyb91uAjZchGHewrzJ3onnAMi', 1200000), ('1LUBSgwfqfQgYe1ijj8oDwjP1Wwqzr7Kj8', 9590000), ('1HBBadDZ4hnUPGdMuookfWoFStR1cKiKeU', 5000000), ('1H26ST5i2AXnpVET5QpcojBtgYjcTMnq7U', 6000000), ('1JFq3FJmrCFXUzCFDZxxsGEBRm7UyZ59D5', 13936701), ('19DjusQawvwBeQhyBmmyEL7d5xSBnZoFr4', 1210000), ('13JyA29nC7cFyfKhUGuwqxHndLnfnsxi81', 87310000), ('1arkuPGsP6d3LHdefFqr44WHvEGnQ8sPR', 1456300), ('19jWg1AobLRoNw2Y23BXLixVaPNJmsdtv6', 4000000), ('15oqh26t5Lthkw8xSeANM9HeDYnxNeNJcV', 66451661), ('18K5LBZYJ6esUnigmCS7bRHLHCLHzS5fN2', 1712954), ('1DkSMv7P49U2ddwceeF8iXeWQp95wDfqvg', 2800000), ('1DZd4zPks3g96wov8CnwW9sjv7wrDhj9RA', 100000000), ('1JB7Uuo2GrpMK4dXjyxeGJ1x7smNRFZPxC', 3646999), ('1KRw6NvVKzoA2PTjfh4EKcK4anuphFPPGK', 2147600), ('12QbmCzK7HzWXhe8yp2Vqpepcsjpof7dXY', 1214410), ('1EsutbJ7JqeXysf8cxeCF3StnvhfiMu7TB', 105810000), ('19Fsf5YcqCXYZw5R85yGtoPNjFW2yJ2iGT', 1352224), ('1tchff7S7Q44KUeAtcuQZDY7LvesvugoH', 100000000), ('1CRuZiwYULhcBX3yPZDmw7iVT58hwepa1o', 1441930), ('14TTnHhd3hGxmMVsJtnW7vmZUDjY7meap9', 3250000), ('1AZg2ytaMnesDjXLDuABAPrAhzXbpS2y1q', 2117607), ('1EJshGzznkzqNroNHWkJgW1We9wQdcbG4s', 9698772), ('1ENmoNTqMFocR2iZXqvA6mYBSmuSbMyYWH', 4691000), ('15nfBB5MoGErVsMsujst3PxDENezyPnWX9', 114000000)]","[('16krYs2PCWq1wn2EFPJDFxgY6uL1tGsXz', 7631861970)]"
1,84560cb8be25d63911ec0ba55b54adc2fbbb65729f69b8d97a4bc721a697b685,2021-01-17 20:50:19,"[('1NS8ZbSPV5Z7mTNcvQhJXsh67MvLThG54u', 61800000), ('1C2BAeXnHfbL62W89meLAP3gi78KGqWhsh', 1400000), ('1G7XTrdNu4b8RgcghpGUgGEkD1BNUhAzhE', 2548853), ('1DMxN7TeM2fCVyeuDcBRQo1wMnhFZALHoB', 2100840), ('14enaygPVJsuJba6fP7FRtqZYRdoiHpdpF', 4950000), ('1G7XTrdNu4b8RgcghpGUgGEkD1BNUhAzhE', 2747250), ('19QwTzTfEHtbUTL7BevxtSJ7stPa4y59pT', 9347510), ('1H3syGbA6V67NGBwu2iaW2Q53VJTgm3WgR', 3261900), ('1G7XTrdNu4b8RgcghpGUgGEkD1BNUhAzhE', 7397160), ('19q6YrGvvFVrdk2GhC35mTt7D9ripSWqLi', 10000000), ('1G7XTrdNu4b8RgcghpGUgGEkD1BNUhAzhE', 2979604), ('12aunXpVAGAXLvMb8XLesYtnmuhJgpgNay', 200000000), ('1G7XTrdNu4b8RgcghpGUgGEkD1BNUhAzhE', 2692998), ('1F2Q38kLEeEKGZZiMJJggYKhyCiQF6B35Z', 56304883), ('1F2Q38kLEeEKGZZiMJJggYKhyCiQF6B35Z', 2599938), ('1KDuXCXgJxfspzpVDQi89hAsm2Gu15Gndr', 134280117), ('12BDMuTR48c1k4F94aaN4QHB7EmxFAN8Qs', 13900000), ('1ELGUMD4w19mNCDXUxVRRvpqXP64j6zxUf', 3500000), ('1NjtowJsm1LVxehD3MUagTujCf3ogzsNwv', 46000000), ('12W4Ne6bYjDwhwaqfzu7SB6hzWbcpDYcMU', 23420728), ('1PDfjwd9rRbxCgvmWs2YkguccTFCN94LGQ', 14027992), ('13qpnUz3FQTBLFGh2rBTM7o28tcvtoQ9eN', 275350000), ('1LD8PbdhvcZj4bSAhzwvBZGF9NXiCC8j7s', 6000000), ('1NSrTSmFp3Ys8HUCEywvPb6GcpU2uwc4fQ', 100000000), ('19iRU63xyJR2aMEyYquvCxkbpWXBHHqpwV', 3210000), ('1NCN3xmuvvZ3BaFNURUTF33tuTZKnaetR', 2789542), ('16QL1pjggNXpLgnJ7gfMmkpfwSZJgDh2yM', 5622000), ('1F2Q38kLEeEKGZZiMJJggYKhyCiQF6B35Z', 70000000), ('163FRgyM4Fxt2Vumf9qdTJm4AP4GaiRwXg', 2365000), ('1CApNzjm9xSTzxiT5nBoZr9H9VsY9X1WT8', 2378386), ('1J9yCGrhuCbRwELkAu1NoLHg4UAKp9sdo', 2382000), ('1MzfWGZFwMJJzRxKuYyHNN9ugz5Un5aqvo', 7411400), ('12fG2mPWB6TuSqdshnhfaxzAT8yGx7ND13', 85067866), ('1P93X2jJQ5wnECSkeZKH47MNDWFFxE4u4u', 50000000), ('1G7XTrdNu4b8RgcghpGUgGEkD1BNUhAzhE', 2702700), ('12UTmDp1kdSJZhrqwRj8hC6WrXSoUukQZg', 1087136), ('1HSCfoy6X8ddVgPNUe2iopCV5XeSrhNf4E', 99950000), ('17UpAWS5BDFAwzrD6cmo4vu6hQ6cERoETC', 40425685), ('13eeWtRXcJe3fGXTLTropDXMThyd2gFWXn', 284000000), ('1JN5ESBKssnYMnPVyy43YjGC8LFdt2sG67', 58580000), ('1F2Q38kLEeEKGZZiMJJggYKhyCiQF6B35Z', 33790226), ('1F2Q38kLEeEKGZZiMJJggYKhyCiQF6B35Z', 15955694), ('17UpAWS5BDFAwzrD6cmo4vu6hQ6cERoETC', 12000000), ('1LYoLDuEGJJ7hhXb2DNkLhFALgDXiJAA8B', 290759131), ('1JkzFRSYTSPfE3NCV7CPKBDFNx5GRR7Ftz', 3446257), ('18jtMPYiF672LJ6KgqDHgoUnw4JZfKJGTE', 4000000), ('1QFe5B2rxnJDrUhEvG9mV7Kqj3S7ZWk2Se', 25218000), ('1HjwEyXcmiMJeYZrUofADJQU8eDPPEAmjc', 4002563), ('16r93LKwrur4deUBYj8rdenBQS3LdsTXUr', 53575500), ('1CxgRxspVVZ9TaWeNt7YUs1ZpuDNJ6Avzr', 3373959), ('19s6KCZ3fFJRsLxV9YgFRTRzXkPRHhmsAw', 60020054), ('1PggeZKsip5DZ83di56PCL897LhYKBfvuB', 8605824), ('1G7XTrdNu4b8RgcghpGUgGEkD1BNUhAzhE', 10000000), ('14dzajZj9WLnZ3bhqbu8VpHAbKdmSLoGsN', 65764965), ('14grgaPB3kzsa98YPGwZLFtuibkvvb1QHR', 2897847), ('1GCP8UEijqYNcwRTmSebUxnAKYWZxVFxM5', 100000000), ('15bMa2oHbLrp6LV8ueGV4bChvDqSyvJkJc', 61032849), ('16dYZz9synuHcoAZfZ7U2233Ut63X8iuVV', 4443800), ('17eaVKG5Zs6V4m1mzCcDkWgExWzfwFqJts', 55271640), ('1DLH5UAdhBfJvnLEuwwV5PPwEWv9w4o8da', 9961082), ('12aunXpVAGAXLvMb8XLesYtnmuhJgpgNay', 200000000), ('1F2Q38kLEeEKGZZiMJJggYKhyCiQF6B35Z', 5000000), ('1G7XTrdNu4b8RgcghpGUgGEkD1BNUhAzhE', 2947809), ('1F2Q38kLEeEKGZZiMJJggYKhyCiQF6B35Z', 56191630), ('1G7XTrdNu4b8RgcghpGUgGEkD1BNUhAzhE', 2750000), ('1D6rU1k7iRtXD3TxcaGeEr4CnUMrWvjxKe', 1587331), ('1C2BAeXnHfbL62W89meLAP3gi78KGqWhsh', 1500000), ('1GB1iig4h1vKbdp1yEjRuiDE5j4nS5YYC5', 9336891), ('14xaiG2uRq9Unhwx1EvCE2M74KiKWz9pnv', 20381427), ('1E9sTDQkTyfuQBdEPyJBjh7NNi1rRhKgCv', 1340112), ('19jVmTusmgKJhCc6wjC9kE55YmGi3sHpPe', 299950000), ('1LpAq1mzxvDqGEMumd85Z5wbM32mbpCQv6', 4882807), ('1BPmcnjGXgKQNrm7pPhEGt9psmt1uragou', 66480000), ('1NdR9KZagXjCuQZ2Vhv9zvPenyp3RkYq3C', 67000000), ('1MoDvi7yRGXxQTA5MuRqcGujv5GQNkR2uC', 170000000), ('17gkDH3YYQdzzLVL5yAhSKvjQqV1APMsYP', 1223000), ('1NSrTSmFp3Ys8HUCEywvPb6GcpU2uwc4fQ', 2883234), ('1F2Q38kLEeEKGZZiMJJggYKhyCiQF6B35Z', 8189534), ('12Tv3dzrGZxFtB3FkTPojQDF9w3GP2iX85', 4000000), ('16QL1pjggNXpLgnJ7gfMmkpfwSZJgDh2yM', 3000000), ('153moFHMVzL11gvbVtYfP8h64PBtsaserz', 1200000), ('12yw52AFryb8K3E38mxuv4aqh897nh7BPY', 6794400), ('1B768fPAxRgQ3knBeRjrQtypcAcA2LoMec', 1780000), ('14ZrBMp6yrJsyGdcFShe5erdUFSsfSxgLh', 15108639), ('17gkDH3YYQdzzLVL5yAhSKvjQqV1APMsYP', 1669000), ('14iyfHPBJA3hTrs6cEfeLN91crYsRhCg4u', 10718689), ('17gkDH3YYQdzzLVL5yAhSKvjQqV1APMsYP', 3632000), ('1DzQ1MvdwkrvuCALHghywuL2ZkYhmT5NDR', 6000000), ('1PQ1t7QkyNkBVB7ECZa4YPDvxdNDCmFkPA', 19900000), ('1AokrvBQ9FA9uymQepBqJUHvuYxPk4wd63', 1822621), ('158sTS6vF5X2Tw9F3ZTq25zxuUDc432keN', 136410240), ('1F2Q38kLEeEKGZZiMJJggYKhyCiQF6B35Z', 50000000), ('17NhCuBEnyMqi6rWhkbtoM5An58pqd4zd3', 88000000), ('1bHgTf2cSYSep4ACMxw7vBgz3L3hCuPJs', 3000000), ('17PoA3tbBK9McVGpH4oyxHGfwvWWtZrJEt', 49996279), ('1CCmYhWWVS3cztwaSqFhk2TUBArKEpdihY', 16944270), ('1FFjc4t4AhrPTQg27UvrwxP1GSmrPpDCgq', 2978478), ('1GYwgHFxmbaiG8Ypi1R7bXrsnWcULmPhu5', 2430300), ('1DRy6RRMWjx1TzqUs1bujB6Em2DHLjEdzf', 1788091), ('1F2Q38kLEeEKGZZiMJJggYKhyCiQF6B35Z', 33109564), ('1Ee45B61CabHGFeqPJQjQjJEHwSDWC8WVk', 5000000), ('1FypU4fZbz8DvrN4oumJgVJ9bNbP4rGQm3', 5649790), ('1A9TADCiwnQe4tKtws2SmKTPMYUBkW5JA9', 98343944), ('1G7XTrdNu4b8RgcghpGUgGEkD1BNUhAzhE', 2747252), ('1Bhn7rPn64fM3bzfsdLEn8gDqBYn4o5CxX', 27500000), ('1NdR9KZagXjCuQZ2Vhv9zvPenyp3RkYq3C', 16000000), ('1MSXiffYWqiXX3eQU3N9mRJ5WmcBvLsanW', 1854652), ('1NdR9KZagXjCuQZ2Vhv9zvPenyp3RkYq3C', 30000000), ('1KuHzaXbSLcX44SRCmRGM8EgZLyvKy1yVr', 2000000), ('1DBP9afK8REwtefHEF7iKbzNDbULjTKBpK', 1950000), ('1L9kyeYBobcEqN8j7Knr1xMDaTWA8Z5EGk', 1240105), ('135K14QD89vuTQNwFHYnmQhze1azRApcUo', 37677288), ('1NnwU2wqppE4f7cjHPHRh79kF6UDMcwGzB', 50000000), ('1Ex9oQAtFSxjTxvZ665mMeMX3LBvZg7k5e', 5301370), ('12Jh434BJ6MzG37sFEDJbyAi3PVYGfGxVg', 4065041), ('1E95i9hLm8NKT9LgrCerEDZqYpBo9Lm89X', 10693326), ('18T5Q5XrciemCwh1yTsTxg6pt8gwdfK3HH', 7800000), ('139tZzHLgkhnhJopBjwCXkDWsYq9KwQtFg', 32043674), ('15Q8Yshxv1GCzNHtZosqard3HkV3kRBWg8', 63619971), ('1MCgAgDRcWGiU5T1guXyQFq4kAsfrCAr4j', 4308000), ('1B836CfyvRWEucoc6cqHW3JryEoV7NfhU1', 3450000), ('1ALBk4JCjfyPrfCoL4k4TD83gERnjWEFnu', 3250210), ('1HjwEyXcmiMJeYZrUofADJQU8eDPPEAmjc', 144955729), ('1CRkrA3VG7zeGYYhMNiUEv2efWyhL3ggb1', 33000000), ('16QL1pjggNXpLgnJ7gfMmkpfwSZJgDh2yM', 2000000), ('1N8R1Fv8cCG3sGv29jQGJLHHeSCj28kBdG', 13129599), ('1NBYTUu266o9wVNBYkQiLZuDrpPgHinvBW', 3478936), ('1G7XTrdNu4b8RgcghpGUgGEkD1BNUhAzhE', 2685765), ('16G6pgKLrCR5bL8PTnKaXpqMUL8sAFNHX1', 2523588), ('14naWr9b3yV59VHeUSmfUfLnkMBXCgLdDp', 11366568), ('17f6RDXuQG8ZRGSHGQdLNaKBCU8XUVLV4a', 1643600), ('1Frv5xxeT11S9G5CmNBwNLJKieV4kHUqHr', 78933622), ('15CxyLrGZR9yoe9XvnpXZyyCPRV8PaRQsJ', 69439182), ('1KprYMEXPN4jN93oXmU8dFsJLfkNZDsFpK', 20320245), ('1HjwEyXcmiMJeYZrUofADJQU8eDPPEAmjc', 21067106), ('1HDS8yKBrZESwgy2XZ9zMrEYkdKv4bAeq7', 10593778), ('1F2Q38kLEeEKGZZiMJJggYKhyCiQF6B35Z', 15762252), ('1JRiDfb5QTJUu3XfuMhzEZAWfSU6dxvRzM', 1745944), ('15vqUYMwaw9ZszDvj1xGk3GVo5JHPKHhv7', 109500000), ('158wggXMzD5WEZwHNd2aRdN9yxfZbjnBSm', 3122000), ('1G7XTrdNu4b8RgcghpGUgGEkD1BNUhAzhE', 2747253), ('12aunXpVAGAXLvMb8XLesYtnmuhJgpgNay', 200000000), ('17zcQfbP1NRLpPivXh9LjkUgcMEfaWUW56', 2493776), ('1GnNYEaTShu7bH5w5aEgaKAhGmX7L6xoN8', 20400566), ('1LwspYpg466k423TQkHjUEpgDCgMDVwSSu', 11075879), ('1NdR9KZagXjCuQZ2Vhv9zvPenyp3RkYq3C', 41200400), ('14cyonSS7kJqSxHLcE5LeUThGscErNPqjR', 1889238), ('1F2Q38kLEeEKGZZiMJJggYKhyCiQF6B35Z', 6300000), ('1FprNyP8MrCxVTPB3gxmSjVQi1rbWPwYMr', 1682400), ('1BVsdEHd31m4pv6VcopfAmdnVVcd74NDZJ', 91407710), ('1F2Q38kLEeEKGZZiMJJggYKhyCiQF6B35Z', 20000000), ('1FypU4fZbz8DvrN4oumJgVJ9bNbP4rGQm3', 3947100), ('17gkDH3YYQdzzLVL5yAhSKvjQqV1APMsYP', 1392000), ('1LuW6nSJJYrRBATPZWi5A7GzuBDD88e9QB', 4414023), ('1FzK3Rf9nDGLNAKhq4ysecf1LCPk9czjrH', 3250000), ('19jUgPvUdSLZyuJyaydcaTcbLYPgFuxoFb', 7258235), ('1Cm2aKKeozUWj2pTfVXLkxLvHB8UtYM93H', 62941414), ('1EYrsa24srvatZYuFuncHV9M5jUzgxTagM', 45559000), ('1F2Q38kLEeEKGZZiMJJggYKhyCiQF6B35Z', 22775832), ('135eVNxaKpTSw9L2M1rZA7euVmQPoHHX8D', 3173994), ('1Bhn7rPn64fM3bzfsdLEn8gDqBYn4o5CxX', 34000000), ('1P8djqBJdQhVYoEuN1NgBQbwtHdWLnCDF4', 35500000), ('1F2Q38kLEeEKGZZiMJJggYKhyCiQF6B35Z', 15262663), ('1JPLSg8cNQmg3CNLB3DvjViHvN7KbtEyFJ', 1260000), ('1NXkkJ2GcmBM2u257CBMKp5WQMoHpfkFFv', 7784204), ('1BvuhZxVQ17FFQTiyyAhjkKHLYL6mcqMFs', 1306229), ('1JH5E2PPkgBRshWztpovGruoQXYN9fMKsF', 4192308), ('1FypU4fZbz8DvrN4oumJgVJ9bNbP4rGQm3', 5649790), ('1NPZFmvbNUAYjSvGE3LjowAEkBjEmDuJxt', 199950000), ('1FZE4uAatr6begXQfvyL9q18Mi3WTh6ds4', 1200000), ('1HEuXntEYk6jh1v1jS49ipaBjHn1v4eoR2', 5100000), ('1G7XTrdNu4b8RgcghpGUgGEkD1BNUhAzhE', 2702702), ('1PRYxCr2zdRba3qS75zgApU86tiHLbAZZD', 2000000), ('1JG3JfrCLEyhy62n6kR9WAVThgSBHwb2Gy', 17187898), ('179XcDco1HbSbupdpRGEBRfVM22NbhNkhE', 3150413), ('1PhWYtW6UyGSdCvZLp5YvMPZaNYXSgKqgu', 5664699), ('1L1xSXttdsBAPVjVfyoyCg3RZbdHinT5G5', 4980730), ('1UGsJ7X8rSBX3FVS7v4zWV7wFfhg1As7o', 18893083), ('1C8MEyQvNaBHZLBmFZjPoT4S8XcKUNj9x', 1406593), ('1KtRFY8D56KKawwfuar1DbQ2DtGrY3MUYu', 2530000), ('1LJNBAfday7VmutpWsc2fS7geX2YV1rFVw', 2276098), ('15vqUYMwaw9ZszDvj1xGk3GVo5JHPKHhv7', 18176524), ('1BHgCVDcdwkr5Bqkz8c7yMcUcKL2qcxvLa', 3272066), ('1UGsJ7X8rSBX3FVS7v4zWV7wFfhg1As7o', 18816730), ('1fXnJW3QfkUnyB9r7AJEvTpKxoyMGBtdk', 3316000), ('19KPzKi3AHQ8DT8Q7W3FafHVKcyCURFEJ', 43000000), ('16CFxEcwtg7tCYo7RA6sSLNjRpCjccb4Zd', 7546425), ('19DyKRC6psXbcJCL8Dou5PDfKTxL3ZsRNn', 40283000), ('1FKbAvHBFRYRRL6VegNaEKR6bEcamUjaa6', 3361500), ('1G7XTrdNu4b8RgcghpGUgGEkD1BNUhAzhE', 2757300), ('1HnNy7TYVcUSzWWRJSeWi19KizhqCVfMjd', 4597440), ('1F2Q38kLEeEKGZZiMJJggYKhyCiQF6B35Z', 33674477), ('16wyoD6s2pUtwY7wcFZnmKiHaKRHY6Yu76', 2718000), ('1JHCunWhNHnWXSN7epg3miqAM3hg2M7Jtf', 80000000), ('1Q7STsw9UzG92BB9qQSs8QNTvni74gVtFG', 181000000), ('1HznEGcup9Zj5wTzQfee1Zo8ARpdnZGNWQ', 30000000), ('15ikL6UgkunTf2NgiUWt7cUNUERFKtyABV', 1800000), ('1Af2LkrtPzwh7g5Zq7efkV7x5aooxd2Zsr', 100000000), ('1G7XTrdNu4b8RgcghpGUgGEkD1BNUhAzhE', 3000000), ('1Bhn7rPn64fM3bzfsdLEn8gDqBYn4o5CxX', 47500000), ('1F2Q38kLEeEKGZZiMJJggYKhyCiQF6B35Z', 10115575), ('1PbXRJL51AA3L49GxZnPFF4STKxyF5zDAc', 1120000), ('17gkDH3YYQdzzLVL5yAhSKvjQqV1APMsYP', 3403000), ('16Gfy3y1GZW3G8tiezZFA5bwXPGmGQMCRr', 255308168), ('1PS1zVYacoosExfcCT9wYQzkC4qEqnpTud', 16000000), ('14RNbLxZWi1YU6unSzzb3jQ8ScNYMGvWWz', 199701423), ('17TuxMakWA38X2HUieXFU5VZcXFusdRPnx', 1311813), ('1CFbBbVuYruSobi88C4t5WyB2uct6gwVQT', 9610919), ('16jL678wurkG8KzBRcEChPoPF3Co9zxing', 7800000), ('1ELWdiQ3yKjt9sJhXGcB6xYmEfAZ1Xh63W', 33940000), ('14DAYGs8He7BLmMs9RevYa5Z3XFtco1Gu8', 1260684), ('1BndBHNo1JZMMjcoLCPaHSABL6qeQgeLtL', 100000000), ('1DQbqJfLz5UEy1m2DzGNxSC2JMQHsvmyGG', 3018386), ('1G7XTrdNu4b8RgcghpGUgGEkD1BNUhAzhE', 2687815), ('12F38DBRM256Bico5BFsPFzPXJwJk7Cnqr', 2971401), ('1LHttXPRShG3L1fNdFBahRXq2cwX2D5skx', 11555362), ('1M5vt8uZrPdRWfQ3ZZQ2FXWKKoyXcyWszT', 12048541), ('1NCN3xmuvvZ3BaFNURUTF33tuTZKnaetR', 7295226), ('1P4nqPYrTDbZCrPVniZ5TTXK1FCU9XJDs3', 44858613), ('1Bhn7rPn64fM3bzfsdLEn8gDqBYn4o5CxX', 22300000), ('1Bhn7rPn64fM3bzfsdLEn8gDqBYn4o5CxX', 20800000), ('1BB6GXEFmn8zvd9fzgNbuV2Kpr2bTxYwAU', 2997877), ('158wggXMzD5WEZwHNd2aRdN9yxfZbjnBSm', 2310000), ('1F2Q38kLEeEKGZZiMJJggYKhyCiQF6B35Z', 30000000), ('1BD8LDNb4ap73eq9N7up79TypFWSZY36Xn', 1507694), ('1HjwEyXcmiMJeYZrUofADJQU8eDPPEAmjc', 5917562), ('17gkDH3YYQdzzLVL5yAhSKvjQqV1APMsYP', 1964000), ('1NSrTSmFp3Ys8HUCEywvPb6GcpU2uwc4fQ', 7632704), ('1ByAxD5GofvGhuAQFxjYJgaHBkT7qkGby3', 4040700), ('12aAEnfc6192cm4KLfV5eY13jYRqy684Ym', 2117400), ('1B4DXFgj1hL1pwzWLrw1ij5iYcfrPopFCu', 2550000), ('13MZaqhdFgqxsxDgKGEvWV12TUyJkuknQo', 10000000), ('18TnWiRzgrgZuVVVeqtLKhW7w8W4C81Nac', 97700000), ('1Bhn7rPn64fM3bzfsdLEn8gDqBYn4o5CxX', 55400000), ('1G7wFPDkr4yyDohD8QHRERMVBRhD2EA1uS', 20000000), ('1F2Q38kLEeEKGZZiMJJggYKhyCiQF6B35Z', 42000000), ('1L1xSXttdsBAPVjVfyoyCg3RZbdHinT5G5', 5425840), ('12UTmDp1kdSJZhrqwRj8hC6WrXSoUukQZg', 1818917), ('1F2Q38kLEeEKGZZiMJJggYKhyCiQF6B35Z', 10587000), ('1Lwshbpj6JXyj4XbyGf8GERygnAU2cqrjN', 202000000)]","[('1FzyjTpizPftJJMTz2R3Yf2sMEp4prRrHW', 7690796746)]"
2,ee72a5c3c63990433786e3723b1446aa4d1489fd8d050697b517cd1bc8287b3b,2021-01-01 14:53:17,"[('1CqE1KaYFiink9SXb5kfoEpkvSr62yML2F', 1703485), ('1KSkRnjNy7JMPnCTHa78HrayznNUnj3VqS', 94312540), ('16A3GA3fCadbnGFURq4oU1NvVo5PriPSDU', 1818452), ('1KKdsKQAT7jgfxERoCu2P6CzwMLJ5twbFP', 1076040), ('1BuqZTzagYLaHsacfrH8cB2Bj9shbNtdMx', 1036492), ('1F8B3iqqGYP2u41ttsuEyGWxiq6H5n8ZDW', 1103099), ('1NtKtciW5wQ4UfmD2Y7MQd3RpnHY5yBNVJ', 10790000), ('1AvdpsecMLJweaTT19cQgMkBDQTdxaUUcr', 10500000), ('1ZRAtB3vAnoLgXwsJeUozqD7QPnzKmmHF', 1016978), ('1Md2GQwx4CBPrqKKLBw85bXCVWuUCaQd83', 10200000), ('1C9XhyeodDGXswbPe8j4BM4BtCoEiBgraS', 100000000), ('1NLVDfVrwHN5wXM8tAhnigHNBt6EYBii4p', 9300000), ('1H87zz8Bz4Tz7kv9RGnuH9yJDesJ4kocHq', 2500000), ('1CMC4AizhwmD8PkgdgAoEAJ5yrjjEbUYy9', 17382201), ('1F2Q38kLEeEKGZZiMJJggYKhyCiQF6B35Z', 30000000), ('12eWqPCappHAecNYJP5d3MAsvKsV1e7KAz', 38460000), ('129b9MBYotnpb9PiJJcDeP6Y5jdQrEAG3d', 69000000), ('1mMGutpt8FRDvxfwDN2aBNhrD2jxeapJ7', 1659939), ('1JKB3GxAEBrSBBzy66VxNgJwiZhSiR48c9', 100000000), ('15p6CxER26r1zCiXC3dHcTProYPhF8FrJG', 3192331), ('1dvruZMyCMzCz3SXuV1XcJgbjmhePohyG', 11672584), ('1KFKzLzDKNzxGMRCDNizhbUa2zsvWJk74D', 15000000), ('1HjwEyXcmiMJeYZrUofADJQU8eDPPEAmjc', 11926892), ('18pJTT9CiyGzXYux6u28nHeDPUoC6pW6MG', 82619422), ('1L6okNJ3x4vhYKGj9EDS8ScyHasconVm3x', 1700661), ('1FypU4fZbz8DvrN4oumJgVJ9bNbP4rGQm3', 82894000), ('16fZppAszijwoPsZZGCR7t6AG7VydoPNoa', 16656000), ('1JrUUJDiyo4nr7c9QnSHqo7UgJwp3f1YRX', 4058586), ('1F6x3UgJPvfmyc9C4WyYuTftZvKRC89AAC', 2269000), ('1MYhATB5BoRgp5o4edwpNr8uVauN4e7vjt', 72500000), ('17ZHXbuG4QMq76nY6XfhpLvvqwGC2PCa8f', 130412473), ('1FnynTXoCDSLifK9Ebqw5nuMuTo5VGzdJJ', 110450000), ('164nFcPtAfiHtmmfjGou18Fc8DjvzCb2Wf', 14200000), ('1MYhATB5BoRgp5o4edwpNr8uVauN4e7vjt', 21422766), ('1NsMYXjGZHc5SZM4noBtEz2QtEfojsb4M4', 5457324), ('1E9DgK7TRhtNRX8B9vUCnZm9mMqqGkZFzQ', 13838427), ('1H223YTs4wT3MDBouAErbgbWnzFCTEx4BW', 121500000), ('176e2Q9Zmsf4zNTShYainxXTAuwipazoPN', 4769122), ('1ELE5pfgcYjF6Y7nUTwWsoNEF3m9o3e6vw', 4407059), ('1LJFRSWkdP7VYvUrFuUakitxntMqkdU1bA', 10868306), ('12qmNZJG8Si5EqviZZvGkPWGCAujVkGZyd', 32590000), ('1NdR9KZagXjCuQZ2Vhv9zvPenyp3RkYq3C', 24979413), ('1AKE3iar7hEafHJUHsCng9yjo1YVtyuZko', 4600000), ('1Ey1GYHVYN66tTMMtFaLrmZPiFTLcK25JG', 150000000), ('1BB5C4EhrmVSWSDeT3sc5ZSjF18ovRXJnp', 3034040), ('15sL1r9xCNrnaHgygSKT3x869UGUQQW8p4', 23905583), ('1DY8Sy2KhV9EjR8yJwAAccmRbwN2jyvqVk', 23158867), ('16EoFAgMC49m24Wti1sGbY9qmbDk12b6sG', 1171649), ('1LjPu8ypUR7RBMkVqCbrDffGHKiSqchEjL', 2352374), ('1DVwwh3DQZG65AWiHMLgFiAmtvnRuxA97r', 10507257), ('13jbbk1VbuFTF9YJJxSJk94m3ZAnTDGLaF', 258329879), ('1PbXRJL51AA3L49GxZnPFF4STKxyF5zDAc', 1100000), ('1AQ81MDb8Aa8igaSZs5edGnN8ZCKmyoooa', 199950000), ('1Gki6L9nsgvwiH2iUxWmTAmy3CuaXqLVm', 40000000), ('17qXrgxSQQmvpbqkJpfhTj3UMmtoNhj3rU', 96900000), ('1WNZfZsPJiyDhpmgNrMJF4NYgSFEcgzF5', 1422857), ('18TnWiRzgrgZuVVVeqtLKhW7w8W4C81Nac', 63830000), ('15rwwaE73Dy9Lw763QaV9gXsyMuuzJ4C82', 60000000), ('12jRvcaGim5KaWvX6d2ptJbR63VtNtmjbn', 1660000), ('1xSEjfGqgxXkSzeG6MEVtfdjUuumEZqsB', 41133200), ('1JNr13PRwesUwBGgNadEFs4tcV6eay14qZ', 256810000), ('12aunXpVAGAXLvMb8XLesYtnmuhJgpgNay', 116536996), ('13D466KWP1eCBTG19iUkBLDcr3fJZC1z2v', 4288086), ('15TZnV5d2jbGP5ZtyJ8erpptKd5HFWLhQe', 1999800), ('1GPip8tWu5koriSzZhB6SmteDbhWncMrBr', 140000000), ('1HFXUzr19WbLTECmdyvHPhCdoraV7cT8TZ', 1818000), ('1MW8QJahh2YXovXpbhDcXAN8MEEL2AUn4n', 112988232), ('122RZTLaN6RJcA3BCX4y7y7BafqCeiZJ9t', 1452586), ('19pmXQTfDmDHToJpjj8YDWUkzAPbyrwRx2', 24830000), ('1A3dWgfSQMnEHdAtSg1hr5bPBxy8RihZ5A', 4679207), ('1MDZXJowwvCB66nAGL1SwMFygwc4yF8zsa', 3336292), ('18GWnhPbVm7SBkNenWNUa59ebQEYfjSwV6', 299950000), ('19KPzKi3AHQ8DT8Q7W3FafHVKcyCURFEJ', 54000000), ('16oZ5SW31F6ux783bvXNyhYRZ4eKvDACqG', 35716199), ('1355rGr5irjNeePjHtxmzF9ZdWhfDb99wL', 8785681), ('1DJ3bXGWeHnhXnVTLNAHfwsaXpoV8tGnMc', 2639000), ('13SL53sJM6aK5bFHUaLGK28smL1eNdBYn2', 1830000), ('1PzYbSC98pYPMiF2nDDaofnPmuu6SohWzP', 17529456), ('1M8nad6LgbvCK4VHHinsL7GgggfN47fBy4', 2135825), ('1BWzDFHEHERBxRxyC52N3jL9Q2jQvi24Qk', 2680000), ('14jqPam45kt5FST2CJzwXL54wH4zp2WJKB', 1063320), ('1AcFDs6ToZMRDJG8ZmUCiC6G6xWHB3XtWB', 1965372), ('1tbmPPKCgzsd1wTea3v3dwDbooqG72TCn', 13157457), ('1CpYG3bQaXWe4kUrSr25wAojnjrhHMFABj', 2075192), ('183ygyVsTDS9hR38uoou4iaptJbpZwrxnu', 75000000), ('1C2cUxjyo8Fif1HoVd9zz2QfCXFCEDDUnD', 20170000), ('1MA6h2T8CDeKRkFk5t88TfSs53uo3K5MHm', 47520000), ('1NdR9KZagXjCuQZ2Vhv9zvPenyp3RkYq3C', 24500000), ('1MNr5j4o7MRBoECbpjZoUmWEcuFqNsmCqu', 2563530), ('1Km5P2oKqze6JZwQZxkmPQEErkFE3n8GQf', 300000000), ('1HjwEyXcmiMJeYZrUofADJQU8eDPPEAmjc', 3924046), ('1E81i7A5eLDXcDsL8bTgG34U1WMci99Uwu', 26355825), ('1FBmJW6dt7y5R9DUfL53huqBe8YRqd9uyb', 20950000), ('15zxkA19f8Vtww7QFXNbkXeBdiv4cDM8xd', 2708000), ('1F2Q38kLEeEKGZZiMJJggYKhyCiQF6B35Z', 37000000), ('16oZ5SW31F6ux783bvXNyhYRZ4eKvDACqG', 17592156), ('1drnLBv4sdM43msPoHzRW9uVDfW6MeFu9', 65000000), ('17xTTMaeW6aGCZMhrCDB8FgfRaeEZbMQyW', 211200000), ('1D3J5jkVYQWcT3ER8BuFE9QEoSXSGzSQ7p', 100000000), ('1KSRGn5iDfeC22NbVXyz1M1yENffyaNxp7', 11123107), ('12m5g9GVGQiKAMRXU6jb5ghWiah813dUbb', 72247116), ('15fnA7xGNyTkQF7yjLKp7B7CPWgpDi52VP', 38154447), ('17upsq5fuPTT5qhcEhGmxxhCLvUA1hHJ1X', 4840000), ('16oZ5SW31F6ux783bvXNyhYRZ4eKvDACqG', 12497935), ('1EQ8w9hh9EcLn8KXZMaZt9iNfNTHG3xCRY', 6803620), ('1HFeNBRRbxtBQodcC3DsApDQG7ah1MnqLS', 2954592), ('1Kqu17f2FU2TV72uMarSLXWEF8GisP3qbv', 13990000), ('1Nnsxfa7uL96wtH41yY3VhSrtpnNRg8iAN', 16667662), ('17vH1SYFm5SrjXRrSPr8g4fJoxGN1bFHoL', 49480000), ('18k5SUKoVmt5FS6TVxrYw14beCtQXdMpZX', 100000000), ('1NdR9KZagXjCuQZ2Vhv9zvPenyp3RkYq3C', 100000000), ('1H9v6RqochBNUrZsnzYHWnJkapZumSTSzj', 18531700), ('1Grn8tkrMg8uZD8pvhjqkY9b73Y8rT47bv', 1026373), ('1Nc6aP15FymVKwtrqgjfQdn2ZfHEdnswf2', 100000000), ('1GSvGNC5pfKwPQCKnexN8g82QzZSM7XRXg', 17605445), ('16oZ5SW31F6ux783bvXNyhYRZ4eKvDACqG', 35794199), ('1DY8Sy2KhV9EjR8yJwAAccmRbwN2jyvqVk', 12741294), ('1P4NTYWADUnv5TjxjZsAtbzDTbaw1QsWP', 17705966), ('12o2YC88PhTMn7RSatBCFoJXZ8n8XsMHxH', 17761454), ('1B7MVU7nYk8S9UQ4BuE8nNNpRf97xb1u4f', 4093660), ('1AJA624wMAcPo31xDx5DmFvuFTBgvXtrdr', 1983000), ('1M4unib4JcXLUi2iqdwnNGXvwGcd76Uqgs', 5000000), ('1Fr62aMBARUA3mtHfnoBgBe9rqf7crBBCG', 6532811), ('189913E1ovouEGcu1CA7QpXsFD2Fr71zAF', 37823226), ('1EkeLKxc2gu3X8T4hS4BnVP9VePu1dfmuN', 8000000), ('17JcrwD4xEHrQBEktFYvduEtzFrLnzkY5f', 51031170), ('1VMUYLDoceNnHTzzHAvEwtcQ3moGzCQnv', 54162831), ('1FowSSfM1q9vAjnUYdWUuVKrvGLE7g6o5S', 106995460), ('1MW8QJahh2YXovXpbhDcXAN8MEEL2AUn4n', 100000000), ('1Nt8spe65s3oqYuSWXRpwGdQSAKjtR2iuw', 3579020), ('183ygyVsTDS9hR38uoou4iaptJbpZwrxnu', 210000000), ('1FQLpGF3FgqLjaE1uvao2aT8oRQYJS49Yc', 4204503), ('1KcQrhnmcNhnaWP7XKLy8YagV4McLZRWr8', 3745384), ('1N6thfEe7ZWUvtX53J1BfohQWYMXHWhewh', 120000000), ('16oZ5SW31F6ux783bvXNyhYRZ4eKvDACqG', 87322500), ('14CbpQDySTtLCh6J19P5VNk56ZJL9tKZBW', 20000000), ('142NjhVW1X26zmsHHSAKatiLTG2ftL9jaN', 66100000), ('1KftSQ7EPxzAmd3rap35cEzc54d2wxhGCN', 2976603), ('18A36mmEYMVmKdr62yfU119cZFpP7BHwjR', 19800000), ('1NdR9KZagXjCuQZ2Vhv9zvPenyp3RkYq3C', 9400000), ('112UZo4ERfkJ3bQgqYCFGZGkWc1zkWN1Ji', 7489000), ('19pmXQTfDmDHToJpjj8YDWUkzAPbyrwRx2', 100000000), ('1FBmTS6r3t3FC3hLfxZcYA957uy61ECi2H', 12700000), ('1ELWdiQ3yKjt9sJhXGcB6xYmEfAZ1Xh63W', 8000000), ('1PjX6Y2rhxbNa6JH5zogv2YebUdVvpzewc', 1064499), ('1Md2GQwx4CBPrqKKLBw85bXCVWuUCaQd83', 10200000), ('1GkWvmfRZA96pXeoEZ2JkEEzSc1VHdBqyL', 7715302), ('17NhCuBEnyMqi6rWhkbtoM5An58pqd4zd3', 266200000), ('18iAGoGdzosWxrvUisdZLu7YUM4bbhotth', 99000000), ('17xTTMaeW6aGCZMhrCDB8FgfRaeEZbMQyW', 140971000), ('1HFeNBRRbxtBQodcC3DsApDQG7ah1MnqLS', 26700031), ('1K6kzHQNtx6LMVwwqrPM12MrEWtsnsWvFg', 1058584), ('1F2Q38kLEeEKGZZiMJJggYKhyCiQF6B35Z', 44456121), ('1dvruZMyCMzCz3SXuV1XcJgbjmhePohyG', 1361601), ('1Fu8q4awixvXToe899t8q3gUcBb5u3rhzz', 12040000), ('15PpekawZEYrnsoxECbpPrmUMmCqjGq6HQ', 1190756), ('16ZHj3TnfpxcUJga6MKpafibz1Tjw1GCNf', 10075580), ('1BFjm7gVw52smH4hwnnt9GQCqNGu7HFQYX', 5855705), ('1FZdBTiaMxASjPUD93ZJ3QfA4UZUBRec2u', 2499828), ('1MYhATB5BoRgp5o4edwpNr8uVauN4e7vjt', 17706223), ('19YveK5rcMtoDT8vbMqyGA9ipAu7yz7L6b', 33000000), ('1MQVzhNDVpBMWGcFiN3gGUAcWGy6hGY63N', 13678831), ('1NY8Gd73Pv3DGMZJnEqzq3RvQAXyjrFxZ3', 120000000), ('183ygyVsTDS9hR38uoou4iaptJbpZwrxnu', 292000000), ('14h8MvEz8FPN416CEiHeQSwhoqwNrj11zu', 268631919), ('1DtUSnZj28h6XYpFnpaoQk39LS7yCyqUPn', 14302560), ('1ArYizDAFSgMw6KyrNPpoSZk4BMCEU9xyk', 54926460), ('12dtAicTMmpouMKRmCorA4PuDFuwNtd61L', 11354141), ('1Epaz5ETKC3UuzAkL9fAjXmYTPbYSfDgQr', 88427872), ('1KWzYFkiDpT5WoERLWeNpLJw6FRaYfAgCG', 10000000), ('18DySfAq7HYmc4taXhhYJ4s63KygFZRr2B', 1055719), ('1EyvTW2Du9ufghZqjAmcr6vLQ2tMwAW6cC', 1071560), ('1DetJh9GPxCmuffHEveWTrUAaBsQbAqfaP', 1008128), ('1F2Q38kLEeEKGZZiMJJggYKhyCiQF6B35Z', 53547440), ('1CUkdwnnk1NW3hQoH2Wvot2RGUy4rsiqGj', 114477000), ('1N6thfEe7ZWUvtX53J1BfohQWYMXHWhewh', 10000000), ('1HA6WuTvLZWv5z9NMNfsdb8E9R3y3r9U7f', 1931568), ('1GVzumGXyDyS1dUrQ1TjE82CouGdRWcyz9', 200000000), ('1NSrTSmFp3Ys8HUCEywvPb6GcpU2uwc4fQ', 60000000), ('1AqTcspB7Bk6zxPqmseGmFU1u3ieU6gqXc', 1584937), ('13awFDbReMqb2xNSWhELdYnj6soeRiFeAg', 2986110), ('15dVaeDFkj9bZS937X9reUJSjfjTxQt5Vu', 1557745), ('1AJA624wMAcPo31xDx5DmFvuFTBgvXtrdr', 6785602), ('12aunXpVAGAXLvMb8XLesYtnmuhJgpgNay', 115292002), ('1PcNBKcmzHqx1eESJv1akesUyvWcTo8cW1', 8078662), ('1JajNcBj2mPtXGUQix4ZbbBozfAzPzRGy7', 20000000), ('1BFjm7gVw52smH4hwnnt9GQCqNGu7HFQYX', 4703477), ('14M7c4B4qfwwj9WjL2Y4V4a9JAnVVe8fih', 64910865), ('16i9CvTCcNs6g57XvipTG6Hh3xFFYvipbM', 300000000), ('1C7SmMyyPo1r35gfH6De24DyAQB5MAJRhd', 5531764), ('19MKuTKSys2Qw3zdy9F8C1zR3end7bFqP3', 50000000), ('1mFyGwaVmfgxid28ybie2ik1SRexPWiTL', 4803000), ('18TnWiRzgrgZuVVVeqtLKhW7w8W4C81Nac', 54330000), ('14mYkkHtWm6NGpuUXPezUwKQhGm3VoBbQg', 3573223), ('1C7SmMyyPo1r35gfH6De24DyAQB5MAJRhd', 7176499), ('19pmXQTfDmDHToJpjj8YDWUkzAPbyrwRx2', 5177686), ('19ynKKpZKziMGUsyReA2xHdth4Uvtbw8Be', 208450000), ('1Amjc4AEVqxFSePjxbEBT48KgKb2dKiE7z', 10000000), ('1HVn9M43hHc3FqdqTt2AY48sVnXhSwxFKH', 2324436), ('17wYBC2mLwaM1ujQfGKoapAdhCy6DLMv5i', 5000000), ('1ApMydCqQPZKRxMpTqfU2C8qLFaPrb183E', 124976260), ('1L43GFL2QG9Nfhc9wfxSn6YTk6VcQ4naHh', 48481800), ('1BY1RxwFq1Q2RCiF48Q8TaeLibKcxc1psW', 7142832), ('1BXJtX69uZw9WMsnHxq6vQaUMTtUSc2sdK', 48740000), ('194GMaPNKJPCvtJ1orRsi5bamJEmxEHiw8', 300000000), ('1FqoTw9yQegwv64N6KF7kmkmHiZ6BByPU3', 2900000), ('17gkDH3YYQdzzLVL5yAhSKvjQqV1APMsYP', 2086000), ('1HMVPYzVxBSajdenm48xi9Sxf5Xt2jgqhC', 3300000), ('19pmXQTfDmDHToJpjj8YDWUkzAPbyrwRx2', 6863581), ('1KEZc9TzyEcqaptzyFphxNNpeaLcqXTS6B', 70000000), ('1ErApor9px26ja66B4uP4cF7vBUmR7ZjFJ', 59620000), ('1M5eURinKvLfh8WN8meYDXzGiUZyS82qCV', 14000000), ('19pmXQTfDmDHToJpjj8YDWUkzAPbyrwRx2', 19000000), ('1Fxauw8Tc9LLT1GiGq3LsPRzRo87gDav6Q', 4778000), ('1Q2FMdHzhKbv91AnnGF6oEsj9WeLWAvadx', 130000000), ('1Mx6fGZooCNDhP3A8aXMb49V1oSxBW119Q', 10000000), ('129b9MBYotnpb9PiJJcDeP6Y5jdQrEAG3d', 161000000), ('1B1cJzMA2G7NXb39cZUVYmvtGXwusWmyd8', 23940000), ('1Dt2j1x9XW4shChTfYWo99F6e6o5QjxdNZ', 64765971), ('1L43GFL2QG9Nfhc9wfxSn6YTk6VcQ4naHh', 49333680), ('1PnEgw5rNa2ebjz4MsyjMU7BihC8MYmMDG', 1175000), ('18dYMbbURwt96NRXaF3mpdY4YyJeuREWYW', 45258683), ('18VjdC58sBvXmGGRFN9BmVRDdxCkRGRzJT', 2178289), ('1F2Q38kLEeEKGZZiMJJggYKhyCiQF6B35Z', 30834490), ('1A8EbCThxxJngZSpHe6vYvW8c9ECKtRXCH', 1320439), ('17ek5syYvfWFmwExXhcJjgXcjDkVQAYWD6', 130952726), ('1JtQWXtcAVUavngpzbUCgL9g87fiqWJQLF', 13178540), ('129yubTSzSchx3SK1h1vdJxp1JoJzh4CAd', 58732856), ('1Hg1rVc3SuRBGUiuA7qcgCgQX9CwtnHkAc', 1193138), ('17NhCuBEnyMqi6rWhkbtoM5An58pqd4zd3', 212900000), ('1HhujqZ6SBSxY5Zm5kogk9aQ6nZtQZXWLT', 58907233), ('19pmXQTfDmDHToJpjj8YDWUkzAPbyrwRx2', 13777000), ('1DFYixYwvaiU811tVMU76CickPUwHeD9kN', 15119219), ('1PZxt962bsm6VDntcQcQaBGppLJgm3g7PC', 1429210), ('112AfZgm7WeLApoJgX7w7ARq5Em5YmXPJQ', 20000000), ('1NDmf6V38bZTUH7yeKH5YQm4CG515tQCrK', 1708000), ('1Jpbn4yotVAq4oDTp6gVaEieWL1f3VnFQu', 3492714), ('1KJcpR3gbnJpSe1qeFF5Emjs9krrkcS7EY', 1064499), ('1Bxt49UrNYHBb3umhB8Eu7JLAdxMB7YfX8', 31658046), ('1P1m7DTX8GBxcZ6ewqGF88yxuevSukbJt9', 2016760)]","[('189qbA6uTsREzAnZVr6BJzcaVBQ8g2WKrV', 10725693292)]"
3,40751195a6518c4638f666153339bfe2bd51f5560c9e8dfa3c5e9be6676eb771,2020-12-18 08:50:48,"[('1E1TB6uxjaEL2N7CJfHkYrA5vwVLa3KfvL', 44805000), ('1E1jCwDzu8iDAnNEAju5SwMWnNh28oLSjG', 20000000), ('12Eu9RXAYg1iBwwe4KMz4Sc2JSrpjsTP8U', 16922800), ('1GpVbWKm96Li25x2BocEV2BNW7rCfF9PqQ', 150000000), ('17grBBUwzehkT2BwE7gtDjavgggeCCH9VQ', 288568197), ('15zxkA19f8Vtww7QFXNbkXeBdiv4cDM8xd', 3747000), ('1BWzDFHEHERBxRxyC52N3jL9Q2jQvi24Qk', 2468000), ('15QQ7E4S83qVEUF2ebQziHeKKrPj9EKcH3', 250846445), ('1KtNQ5acMBumWmW8CeZLd4FyvcaKvVhRQi', 297000000), ('1FvY6fe1jbKvgJLN2mLR1DiXz1shLbDTP4', 14000000), ('1F2Q38kLEeEKGZZiMJJggYKhyCiQF6B35Z', 8552631), ('17bg6r7JagTAGHNNF4YkrRJZna9FPu3g4L', 1515135), ('1AmajNxtJyU7JjAuyiFFkqDaaxuYqkNSkF', 48000000), ('1NDPEr6gjHBgjGqfeM4ktT6cpb3JF9uReJ', 1675880), ('1HHpH8gakfxiB4HfdZZPvJhfw8MTRVjQyw', 1936728), ('12HsEZcwFXYUKQeNdmekGNS6iTcsTfahYK', 9220000), ('19KedreX9aR64fN7tnNzVLVFHQAUL6dLzr', 190000000), ('16otKSodUjydGVQX1Suk7uqX8oJNqtXjVb', 5906178), ('1Lhrp9i8APHLGiczGuP7D29Emb1uymRsex', 2012401), ('14iD8NoCAy8auvGX223NNzzFkSyFGmPFfm', 100000000), ('1Me8yPf2BYNC2mkURPQYVqR8RX4EXaijaQ', 149920000), ('1MSXRTYKbmvArTa9BYnmtFUYA4mdLDKEmA', 26667878), ('1BoSSiq9Q7Txs4qdLHHT3fyEiQgzHQkB3n', 5651691), ('1VUodonrA1p4WRH5vSZ78xZwTKsETxD16', 23537082), ('143oTLzohYXYSQeeDgcunL35sbbQiwUP9D', 4485274), ('1NdR9KZagXjCuQZ2Vhv9zvPenyp3RkYq3C', 50547035), ('16uKwKWFkttkhUBt7Pubbp4U1hPC2RPju9', 5000000), ('17KBK1Vv71BiXoKZm4osxUxyyEXx51NBcC', 6662980), ('129b9MBYotnpb9PiJJcDeP6Y5jdQrEAG3d', 23942892), ('1mFyGwaVmfgxid28ybie2ik1SRexPWiTL', 7070000), ('1E1TB6uxjaEL2N7CJfHkYrA5vwVLa3KfvL', 13017000), ('1FFiirhgjfXzcbDc5pqPzYgCdDEV1aRGQc', 11598894), ('1ARsmmd7vYNEak68kZqW2xV6JZNwRTPYbf', 4000000), ('1J4JJV1JuMKzfTNJzoYCGdqFAf3a8HBPm9', 10945952), ('15SHxe85R1wdm5jR3nAmeSeHHhp93Y32CL', 6000000), ('1Pv9iGET4NqWK5zWF3yipLUe7ko5XkMy4D', 3290172), ('129b9MBYotnpb9PiJJcDeP6Y5jdQrEAG3d', 11000000), ('1MULQSRa2qm9NNo4CfQNtnHcv2gMKZUdyi', 3090377), ('1HjwEyXcmiMJeYZrUofADJQU8eDPPEAmjc', 26119167), ('1AZoREqct3tEVhKtJAmckVeWMz4L1yDi65', 25027745), ('1K9FzcyJS2iuoeyZJz39FAqoVGDc68Ueta', 6891351), ('1KnSByyb2rQ1zPcna3UxBpWcyH84ZrUwdZ', 9802251), ('14ipMgEC2k3cTxFpKJLza92vewXqyQWamb', 11417020), ('1122aFCVNZCfiqucGCGpFbH248FTCwv8SC', 14679793), ('1FMBLGvi2aziiWfCZ5qnci9zeGsWcNhSD3', 3158478), ('14g3xzKJtGFM6wjq3JdkM9aatyafsfL8tP', 1874303), ('1MA6h2T8CDeKRkFk5t88TfSs53uo3K5MHm', 26400000), ('1MQZgTDV7pRcy5eXRXoB5fi7u92KrVm3Wi', 2300000), ('1MYhATB5BoRgp5o4edwpNr8uVauN4e7vjt', 18962268), ('13CMFm6Gc29H9vJpuSvjbJuuyepsKFW9Ej', 5000000), ('1E1TB6uxjaEL2N7CJfHkYrA5vwVLa3KfvL', 100000000), ('1CAdFckxw4o1HbhHD6VZdP68RAURvi8mbC', 177986532), ('1LNzfXQ91ssFCBzYYHvdCpALrBWZxc6szD', 150000000), ('18KF1UH51Kz7s5fjJmKmEiRc8A1kbRGkxi', 10698930), ('12x86RzjWChTHtSAq9F9SrEewTeqUypq1o', 2432880), ('1D6rU1k7iRtXD3TxcaGeEr4CnUMrWvjxKe', 1605975), ('12HsEZcwFXYUKQeNdmekGNS6iTcsTfahYK', 7500000), ('137AX8mK2PVficFWaH94rxXdSayvShwVdj', 12709485), ('19KPzKi3AHQ8DT8Q7W3FafHVKcyCURFEJ', 50000000), ('19E3E1FEgxy3woHfSZRMwJk2KGksBPUiCH', 6760000), ('1BZkfqFHwdF5qBBYYUGkn6fTFV9RA6R1Un', 1539270), ('16w24qqTjGfWcQSNSquQmmfcf6sLs4gikR', 5468400), ('12HzyJfffeVxtCTQ5ygox1RumspCPaejbG', 80000000), ('1HN4Zxk1hvEF8cBkmh2N4MQDVFDfp1sUoi', 2556086), ('1PbVvpqtNRG8gRs6d3TZB88CWxz1QC27BW', 42985696), ('12skJxGGdidpLUYKHX3QsCefBTCGXGQ7qY', 50000000), ('1D3L2kNWBc67xhm9TcvAfpwmaSZsjvcmnM', 2222000), ('18gKz2Dxo68wMXZypJccA4ttYTYQ1C2xhM', 100355254), ('1JjzofrWcNAonA14E8aYgy8MpBJKPGQw9E', 1381575), ('12SmCC4EbNKafDXw7fFDzuwUUAsqaKEBYc', 91217815), ('13P5sbDcjdvGydoCmCuXRrMXs8XR9xKq9Y', 200000000), ('1KftSQ7EPxzAmd3rap35cEzc54d2wxhGCN', 2484628), ('1JPqNotVPnJoc6jAVYqb5qTH3oxfXfoH6q', 34715725), ('1KbRQZujL8ZURnGtCTBz65uFvEUkWoYnJg', 6185840), ('1NSrTSmFp3Ys8HUCEywvPb6GcpU2uwc4fQ', 50000000), ('1Q7STsw9UzG92BB9qQSs8QNTvni74gVtFG', 200000000), ('13eFwwCF8BnAWyFmS24NiN6huuCYnJEhg3', 11291717), ('1LhqaJiRbxrg7uZxXFXc6nsYmVWWhh2pLQ', 300000000), ('19E3E1FEgxy3woHfSZRMwJk2KGksBPUiCH', 3800000), ('1N4sm2DEDjVeNWXh4QEqNGeNRa7HqLWZud', 1369546), ('1HFXUzr19WbLTECmdyvHPhCdoraV7cT8TZ', 2360000), ('12SmCC4EbNKafDXw7fFDzuwUUAsqaKEBYc', 104243868), ('1AZ3hxE7vxB7SHazyKTCmrgH5JBdWHcNBr', 2408185), ('1KhZW5bNZpLU5hbR65tdK3ujpR65VtY55n', 10748900), ('16psSsWw2DfzhZM6xiSK6GFVuw5ATTy5yg', 29354738), ('16VrynNWRsMTK6yWQ2kAbMhxTXDTNnmPnb', 2461599), ('1iR1R5p4RMmae8hYCoChtUBYwMs6az5rh', 5412706), ('12DQoS79zHC444CdU1xdR3NvGeC4HwA3h5', 27959920), ('1ANG8sPdbVwaociYzMmDifhc3jxt7cfUtG', 17429881), ('1E1TB6uxjaEL2N7CJfHkYrA5vwVLa3KfvL', 100000000), ('1AjhDFpmYqgU9fUL5Ln1XDFKJXTWL9yRjj', 85322215), ('17UpAWS5BDFAwzrD6cmo4vu6hQ6cERoETC', 40434566), ('1NdR9KZagXjCuQZ2Vhv9zvPenyp3RkYq3C', 53915745), ('1E1TB6uxjaEL2N7CJfHkYrA5vwVLa3KfvL', 100000000), ('1FukFob5TyyzKmu99WEqKSuhymUQuh4i1p', 4255496), ('1JnrNCUr14NirzCVsH4oBo9pxSHtKCz9WS', 19900000), ('1HArAmBhPrs4oEFCZYb3qXBoLoJJgCpRfY', 10000000), ('1E1TB6uxjaEL2N7CJfHkYrA5vwVLa3KfvL', 200000000), ('18e5cKz6EREbQgPJsyQxx9DhbpRJC8P5NV', 42382961), ('1NoBWgZkByooUrkwLt9JGZuDMRPhX8Yr8r', 17246740), ('1BCbutCMaLG1sfwiJw1WhppQaJH3G1Se97', 6360000), ('1BFjm7gVw52smH4hwnnt9GQCqNGu7HFQYX', 200000000), ('1NdR9KZagXjCuQZ2Vhv9zvPenyp3RkYq3C', 28100000), ('1PemGjX3jkQGJGdMiRNuUNfdJ3i7EyQNWD', 32659368), ('12SmCC4EbNKafDXw7fFDzuwUUAsqaKEBYc', 108223349), ('17GVq3aXJDMBvB4jEwU3XKMM5BKgrJTivM', 1984720), ('14kaReEAAsPaw2UhArph5sCYJg319FpSxk', 1817185), ('14dVcDYQbvA4tEStXH6xQg6QELAnre8n5G', 1470000), ('1HGYXuuKMcEjfutQzaj3jWvExSPF2pLFa9', 36700000), ('1DpGFBpiA8o8ad7o3iShNwLuUjiXE93mym', 7900000), ('112PMWR6UtaHA3y3sRgWRDyahXRYK1kyx6', 3570869), ('19KedreX9aR64fN7tnNzVLVFHQAUL6dLzr', 200000000), ('1Nos1rrAw9nPCyezZ8zX1Ez8NrzFv53Riv', 45000000), ('1AURcxum9wmvRJzYpsofwRMctoX2M3vo7m', 5038808), ('15hxWLMs1tUEhVgA6tH7VaPsdkaCPe7fCH', 2189835), ('13qpnUz3FQTBLFGh2rBTM7o28tcvtoQ9eN', 290300000), ('145LJQLUgkG9mNwhoXAK8rKJjXmaGiwxdP', 2594538), ('1LMXdNA8QbrnKvL5izYxYy4vvuCb3cMVXT', 6496339), ('12A753FZKjRdQjKFKsBRbSgLx45AZVhRst', 15251888), ('1BTvjmb2VSRH4ZzaQhyp4jpwHTNdwaN8bU', 1363000), ('1D4YGopy5bBWH5L5Zsoc3rxkuHcsgb6CfN', 3560000), ('15Uyo2ABwsenhbKdyQN23T5fWLbh4RATqP', 14133115), ('16NRiXtJ3NL9zNqzHUxqKDgBbfWaD7o8tm', 3569543), ('1L3kPYyeCeXyuveKV1Kq4nng8c5nLJe1g6', 9801620), ('1E1TB6uxjaEL2N7CJfHkYrA5vwVLa3KfvL', 19622746), ('1F2Q38kLEeEKGZZiMJJggYKhyCiQF6B35Z', 5189737), ('12x86RzjWChTHtSAq9F9SrEewTeqUypq1o', 1386814), ('1L1xSXttdsBAPVjVfyoyCg3RZbdHinT5G5', 89730000), ('18NFwGtWg92dfvbQB6pBkMjDqhwsXc7Y8L', 11000000), ('1EtHcSUsWbjt22apzKYiDDRrt1dGQWwTLK', 1652052), ('1MfjNRFKUFGHxHTusctjCSzz3osHU9QBXY', 1327460), ('1A2KunTBVcJNiZKBS74yjJkuhrvMjr9n8u', 6299573), ('15RwoekhxF1JyvtgH2DgLpcBTC5joq9uXA', 6200000), ('121CJEVoW75EiQgjquApG1Dfd48krSc7Ld', 9400000), ('1EstwDp2tow36DioW6fmP2siXD6y4151KM', 1577586), ('19MXYqi28MyGoRHF5f86UT3dtZ1FzT1iHR', 1549000), ('19KedreX9aR64fN7tnNzVLVFHQAUL6dLzr', 300000000), ('12qm31H1UV7mfzCcXUcBGv2qZmAQNoQ7np', 100000000), ('1MYhATB5BoRgp5o4edwpNr8uVauN4e7vjt', 27549795), ('1BMzoLWZxpdaBR1nDtLWJUL8NbuA5iL2qc', 4796400), ('15rR3MwR4YBshqBH1fjHHNYCRYZZoqDRVw', 12610000), ('1Lhrp9i8APHLGiczGuP7D29Emb1uymRsex', 2346656), ('1BFjm7gVw52smH4hwnnt9GQCqNGu7HFQYX', 1291656), ('16UskcLEAJVm5Xy4HamuvmuXgzqVVLDmyv', 20000000), ('16RjYKJ4aMy6DrdQMwaSM9NbDVWdfoQ4fd', 28312415), ('1ELWdiQ3yKjt9sJhXGcB6xYmEfAZ1Xh63W', 3960000), ('1GGTAbtsSQX2jiS21YtMhnBwVHMfpDK79z', 4030000), ('19pmXQTfDmDHToJpjj8YDWUkzAPbyrwRx2', 150000000), ('15Sm3bftm97PndsYNtLeLbTsCEx1Z8R7wQ', 132000000), ('1PemGjX3jkQGJGdMiRNuUNfdJ3i7EyQNWD', 30052236), ('13jwxW1Naahs4ccuBwYmYE7FCd48FLSVRM', 2351516), ('19wN1qejJAzicDzfHSXp1njDrSCSagHV19', 6050000), ('1JERajQ9o2onDfqKbU3PZPR4wEhHN4jAc', 300000000), ('1LQLFiem5HDtjnPL92YeSU3pwvYxtBV8sT', 115000000), ('169PT69s7tTbZRW7jUVCT6PpyAqiM8BhsR', 31950000), ('1H6si4XZPGARjj3H7oiLJMimQ1JQj8z2vW', 1303993), ('1Jpbn4yotVAq4oDTp6gVaEieWL1f3VnFQu', 3735004), ('1MA6h2T8CDeKRkFk5t88TfSs53uo3K5MHm', 68430582), ('19thJbdwKjtzRiHJMxFxYzpJHTrdfBVDWa', 16560000), ('1M6bNTNtwxdAGBcUD3XUkEtm8XnW8fpuhx', 1974071), ('1yXUJaG5rqXP74PAf1QfwBmWHPbFdZsyb', 11332800), ('13sDZo8oHB93zg2MVqvkubUVCwULWZ7Le4', 9300000), ('12PVeAioPXsEdMkNjTEBuxZDAodh9Ng5xX', 1613939), ('14eenYzFWZcjnYDBXBd5czDExGpsUJBSaq', 40000000), ('1DrGGBB6szpKyxeYgw1CTue2kEBPgDypF1', 19311900), ('1DRsnNnrKDxU6LqVoT1UbNNTK4nezj59cs', 8448132), ('12ML3jeTWYsVHehzmHfsHmjMHfZ6Kvdnxc', 1617069), ('1Q7STsw9UzG92BB9qQSs8QNTvni74gVtFG', 231000000), ('1F2Q38kLEeEKGZZiMJJggYKhyCiQF6B35Z', 157000000), ('1iR1R5p4RMmae8hYCoChtUBYwMs6az5rh', 6200000), ('18mv2b9tV29hPKMRQ9py8mwNDHNTtFdtDe', 1360000), ('1J8DgpDiQ4ZQUgaedH5Nc8NfkfGFJyR748', 6049698), ('1biU2QrEauqqtYw6ZwhvCmV7rKK7PuVNV', 1381327), ('15LzB22wBAhBEpggHQ7zQNW1dXbQKF1E6Q', 116000000), ('14RpZpVKfCkM6LzQb79yJDWKiV5i76gha1', 2991777), ('19AnmcEAsjYXyDW6Sg3CA6SyHvwr1FiMjH', 3040886), ('1FCNpx6uPPxcZMjDpho64ye8agk25hJK1v', 44000000), ('1FDHCA5FL3zApBWzBbWVeoLJefy97vgBnu', 3070000), ('1JLxm8goT9ioSZxUBbQrKhq6YvRjT3YsRV', 3708440), ('1NjJugQB2mJGrAzVUaAYMx3oDXVHi6iodM', 1470000), ('1E1TB6uxjaEL2N7CJfHkYrA5vwVLa3KfvL', 33681955), ('1K8iNavFB2h8JSttAUm56cWutDb6zDfdDb', 8155160), ('13Lr5JTSoQFfaxbQVTNmCdgz7tBKBSv5d1', 4000000), ('12eyy2Ea7NP1FacgCopCTao4NtQxYoMZgQ', 6970993), ('1E1TB6uxjaEL2N7CJfHkYrA5vwVLa3KfvL', 86950171), ('1EjhncFVtreDcXF39co2DWKMasVTBDREvq', 19000000), ('1EGVcXwpJCYAazLSq6JyT2JzkYLfsxBM4g', 5195230), ('1iR1R5p4RMmae8hYCoChtUBYwMs6az5rh', 5193582), ('1iR1R5p4RMmae8hYCoChtUBYwMs6az5rh', 5000000), ('1JnrNCUr14NirzCVsH4oBo9pxSHtKCz9WS', 13340951), ('1NSrTSmFp3Ys8HUCEywvPb6GcpU2uwc4fQ', 40000000), ('1EcnkWEHqyMSqQw52ofR2sq3qawNpzR5XM', 8360845), ('1Bhn7rPn64fM3bzfsdLEn8gDqBYn4o5CxX', 112200000), ('1Q7STsw9UzG92BB9qQSs8QNTvni74gVtFG', 191000000), ('1HGZz2zDvr3pY6vdsJjRKNYPABNmeaRPcH', 112301000), ('1PemGjX3jkQGJGdMiRNuUNfdJ3i7EyQNWD', 21049723), ('15wCFNyafQJ3xoMVUmwMaAmeUXPvCb5Ady', 1815631), ('19wi9zKteHzmbLfwcKrDFKMEiFytYnMvSF', 3560000), ('1HmBDAsQFoe5U3BpjzWxMHmCmXt9EntWgB', 1768733), ('15p5e4jrD2hEQwTqfFssNmMizZRxTfmWfJ', 4266505), ('1Pbt5rexxkaTyNurey7PeZVmyVVJNrjnxF', 1759657), ('1NxM3f9NNmRrpwVdPw3thzpu9xdPLVqni4', 28254729), ('1Q7STsw9UzG92BB9qQSs8QNTvni74gVtFG', 219000000), ('1HhvpKAkiH5R1Cx96cuux7we2PFq5mQoeA', 109456452), ('16DXBTt17e1WGZ2GA4jLSYbKvdd4trezUi', 9966280), ('18K1BbBxxYxrMVFdsPm2LB3NfQjot4wvdZ', 23490000), ('1KvUv5TwLThDnStm9NkCDTCNP1SkFLG3UJ', 9494460), ('1N43w8FJtJsYNtqcaA9dVuN4GfF281jqZP', 2200000), ('1NdR9KZagXjCuQZ2Vhv9zvPenyp3RkYq3C', 70000000), ('1iR1R5p4RMmae8hYCoChtUBYwMs6az5rh', 3225902), ('1NF4yGXFTGeCpuWiGjAWg6J7FRXN8Dt24a', 1282887), ('1Nc6aP15FymVKwtrqgjfQdn2ZfHEdnswf2', 100000000), ('14KZEcPS6Zk71TRbSNT6Mm2GFgkStfsCAF', 43450000), ('1Lhrp9i8APHLGiczGuP7D29Emb1uymRsex', 3568850), ('1Bhn7rPn64fM3bzfsdLEn8gDqBYn4o5CxX', 111900000), ('1Q7STsw9UzG92BB9qQSs8QNTvni74gVtFG', 58000000), ('1o4Ep8jgqCqowS8Eh2QJ5wfsgMvJZ2Ab5', 45520000), ('13diiQPaSnFoDuRDpBmZgEDZupMKQG6gnF', 1900000), ('1LCQ9HqB6r5FRUBDLkmcBb9KsR9pwFE3Wo', 1837153), ('1pRdd3uZ9BGx4JQENWRhBaKeTwKZ4Tr5e', 1299718), ('129b9MBYotnpb9PiJJcDeP6Y5jdQrEAG3d', 28637614), ('1JERajQ9o2onDfqKbU3PZPR4wEhHN4jAc', 300000000), ('1Ch8qEC4qYeRCKqeg9FjvE2o8gL89VjLAY', 1853115), ('15Zt39wwVyuLNMDpQhCYEoG3m3oXaicAo2', 1294113), ('18B6kxHXkDQnMUWNwZR6c3FivQgzBREmea', 7470000), ('1DJ3bXGWeHnhXnVTLNAHfwsaXpoV8tGnMc', 5844000), ('1MPRknbE5BdkaFHsaP5PxXJk8cKqRd38Bx', 13153200), ('1Hpfrn8ybj1L3Q8cRcZxzQTNvcZjD6gKSx', 1447952), ('1PemGjX3jkQGJGdMiRNuUNfdJ3i7EyQNWD', 130150000), ('17NhCuBEnyMqi6rWhkbtoM5An58pqd4zd3', 178300000), ('1LrD9bNVH8GYPxgvSSmSMnsSu7s84GFCsD', 4180000), ('129yubTSzSchx3SK1h1vdJxp1JoJzh4CAd', 30185288), ('1Da6sbjn4wwdxJKGdrLa7W2NmwcwgvtxWw', 40200000), ('1CKgNiNYVwaC48XYBqVQL2FGjwrctNniv6', 3800000), ('1AcrRX4FGt9cknYNpdKcWJNf7m2XRzrbV5', 182000000), ('1LhYTHVo824JP1WfW4TRseMeZntoud5q6K', 20200000), ('18rLzaYAfqpNpWYrLJfsNJouRiu4Bi54b6', 17089877), ('1KyQSGpyeaTPHfRqhGmML4iNtwo7M5BtE1', 1735486), ('1JnyETRoccpXFUpT34FagYtwxuzHMatJtd', 190420525), ('1BFjm7gVw52smH4hwnnt9GQCqNGu7HFQYX', 2264080)]","[('18eyNi4oDi2nbN5MBZULRjovdxYJGtKdEQ', 10459781126)]"
4,cfa6f191147e52db13a6cd5c8eaaf196173476448ea740b8a71b7e867ada0130,2020-12-09 18:46:39,"[('1G1XLZ5KcVXbWqCnYCfdR2sHmSxPqyptNb', 3000000), ('1A9L1TCgDuX1psbzTbeYvynnV2PLgpq11P', 37672894), ('1VUodonrA1p4WRH5vSZ78xZwTKsETxD16', 6428205), ('17gkDH3YYQdzzLVL5yAhSKvjQqV1APMsYP', 5898000), ('1EjDjdBKJoNTHN2HKA6Zh2WSoCPJwMC38i', 3290000), ('17nKSUdYWk9eVdswXck3DwL9rB2AAd23Ya', 10858000), ('1EjDjdBKJoNTHN2HKA6Zh2WSoCPJwMC38i', 5126020), ('1LnMi71GSdVm1HjPnBvMAQPmSbq5tc3Que', 4943220), ('16SHGejp83qr312SVk5AwAeeA9EWw2KQRw', 4950000), ('1L3kPYyeCeXyuveKV1Kq4nng8c5nLJe1g6', 6426019), ('1NSrTSmFp3Ys8HUCEywvPb6GcpU2uwc4fQ', 64930000), ('1EqHkjfJLi485mmH5fFJkBthAYVzyqxZBx', 2947919), ('1LFH3xt2Zh41kEqz9EidaCydzFy9FcmPvT', 25000000), ('1MW8QJahh2YXovXpbhDcXAN8MEEL2AUn4n', 7845639), ('1NdR9KZagXjCuQZ2Vhv9zvPenyp3RkYq3C', 8560000), ('17nKSUdYWk9eVdswXck3DwL9rB2AAd23Ya', 10910000), ('1KftSQ7EPxzAmd3rap35cEzc54d2wxhGCN', 3200000), ('1EeXRgqwi8c4iurvreh3RG5ZbUyXPDafp7', 6248918), ('1Hhz14j4WiXBYKsaDb1F9uj2JYeYgLaeEp', 1102000), ('1FFvuCAkADVfRsgeutD76rAVJnqQAFLaMj', 4700000), ('17aifzU1F2qveZpWKPikkj1KMQ5Ssthz2P', 21000000), ('13eSjPPdKEBSSBktayGBmcYAk4zZ2LZnuT', 43499241), ('13B3PZgkPFTJmB8LX9qTBD2oqs76tWKArR', 98494681), ('13EbugMiLJiCymHuUMVrX1aYY8RLRkphaE', 243300000), ('15KmDZfiNdc2ea2FXRztK3d9tnnsFBy5Tm', 5396180), ('1Dmm1avpnegJygt7XxNaTdmtBDLz4fmjSR', 3000000), ('163FRgyM4Fxt2Vumf9qdTJm4AP4GaiRwXg', 3200000), ('1CAdFckxw4o1HbhHD6VZdP68RAURvi8mbC', 151520652), ('1BAHau91gV45VgA5A6NzagDdSNEC54SUji', 3000000), ('1B7KgmKeZbZD3Eo6PUf5ycpLot3HMGKTr5', 65394278), ('16U1BYJKeMuUNEEkc62gYtGxxsnkZNgnBg', 163346715), ('13Q7KdcGthm2pX9fJAJ4otJYKf8LfhpKqJ', 75024691), ('17gkDH3YYQdzzLVL5yAhSKvjQqV1APMsYP', 10021000), ('1Nrw6ZQVdqFCo7m7SLBTKPwfxNQda9p7Rs', 33250000), ('1McFBFL79nAc2Pozo4RhJueRLLGkG6tX44', 32670596), ('1ArB4ZPVmEkfzuLqJ7QACTnCWBAGd3go8q', 89042000), ('17gkDH3YYQdzzLVL5yAhSKvjQqV1APMsYP', 8869000), ('1MW8QJahh2YXovXpbhDcXAN8MEEL2AUn4n', 166091325), ('1EjDjdBKJoNTHN2HKA6Zh2WSoCPJwMC38i', 27823660), ('18mv2b9tV29hPKMRQ9py8mwNDHNTtFdtDe', 9809270), ('1Gx9JPvG2b8Y13WUXozsdaf8zYHqKGmHtk', 210000000), ('17nKSUdYWk9eVdswXck3DwL9rB2AAd23Ya', 10858000), ('1L9Z3v6cJnnHG2bsRV3pc34bqhdZhTm7Nq', 11000000), ('1L1xSXttdsBAPVjVfyoyCg3RZbdHinT5G5', 1330540), ('1GB1iig4h1vKbdp1yEjRuiDE5j4nS5YYC5', 10042265), ('1LQLFiem5HDtjnPL92YeSU3pwvYxtBV8sT', 27969156), ('1Q7STsw9UzG92BB9qQSs8QNTvni74gVtFG', 214000000), ('1PNxgb7j48GcsuQHv7YgpLuzd9xUxqYGCr', 100000000), ('19KPzKi3AHQ8DT8Q7W3FafHVKcyCURFEJ', 1658257), ('15U8G62mTJauZpGu2Fbj94pL8B2PtQ5UL5', 2261355), ('13ht3mhz5SZBktiHodFvTvU59mScpmtMG1', 1900000), ('1L5tLc6ayc3RXAyicHRv2c2uSNVJzoP4Yp', 51100000), ('1NCN3xmuvvZ3BaFNURUTF33tuTZKnaetR', 6824877), ('1NdR9KZagXjCuQZ2Vhv9zvPenyp3RkYq3C', 57000000), ('1UGsJ7X8rSBX3FVS7v4zWV7wFfhg1As7o', 24671900), ('1NCN3xmuvvZ3BaFNURUTF33tuTZKnaetR', 9351841), ('1EjDjdBKJoNTHN2HKA6Zh2WSoCPJwMC38i', 19833463), ('17gkDH3YYQdzzLVL5yAhSKvjQqV1APMsYP', 1492000), ('1GNMstyqBvHENPyNyeJMdKfPi3g4dotkag', 62427362), ('129b9MBYotnpb9PiJJcDeP6Y5jdQrEAG3d', 36182094), ('1xUaBEuMLhgzkY6ZYm5XA6pCddg3iL4DK', 6052983), ('1NdR9KZagXjCuQZ2Vhv9zvPenyp3RkYq3C', 170000000), ('1LQLFiem5HDtjnPL92YeSU3pwvYxtBV8sT', 31888756), ('1iR1R5p4RMmae8hYCoChtUBYwMs6az5rh', 30000000), ('16LZtB5cvknA7V8ok71MfMwakUvJCDsveM', 4459318), ('1Myuo5aLGuzpUoucuPNvnDeUUcoTX95SAg', 49555000), ('1EjDjdBKJoNTHN2HKA6Zh2WSoCPJwMC38i', 128407380), ('17mWj4aSsWjvp7QEUJXcNGcA9P4hcEEvyY', 3225488), ('1NCN3xmuvvZ3BaFNURUTF33tuTZKnaetR', 100000000), ('1NCN3xmuvvZ3BaFNURUTF33tuTZKnaetR', 5421230), ('1Fjz9w8XT1TqhadkDaatboLEZSYUXUdYDs', 19793756), ('1EjDjdBKJoNTHN2HKA6Zh2WSoCPJwMC38i', 7796087), ('1GCT9ioy8Y673vgNHqDLgn4MGLHxcpAkP7', 215078845), ('1N5xnUNkpEkmQ6zeK7SZGoi57TDz4vTLB1', 203223415), ('1KftSQ7EPxzAmd3rap35cEzc54d2wxhGCN', 5778134), ('1P6qUzPUAKKYpK7i9c1G6U4BtjQMkwz1Ad', 139950089), ('14DAYGs8He7BLmMs9RevYa5Z3XFtco1Gu8', 2563508), ('1HjwEyXcmiMJeYZrUofADJQU8eDPPEAmjc', 1959138), ('17gkDH3YYQdzzLVL5yAhSKvjQqV1APMsYP', 8247000), ('14D2BdZDaMy7nXGDr2p9BWHT9bSLCoXU6b', 193780000), ('1AcwmsZEtFXXkCqZkFJ48KNamoPbrTCcP3', 179272758), ('1EjDjdBKJoNTHN2HKA6Zh2WSoCPJwMC38i', 52344000), ('1EjDjdBKJoNTHN2HKA6Zh2WSoCPJwMC38i', 10446364), ('17gkDH3YYQdzzLVL5yAhSKvjQqV1APMsYP', 9848000), ('1EjDjdBKJoNTHN2HKA6Zh2WSoCPJwMC38i', 81341632), ('1EjDjdBKJoNTHN2HKA6Zh2WSoCPJwMC38i', 41754796), ('1EjDjdBKJoNTHN2HKA6Zh2WSoCPJwMC38i', 13160289), ('1L1xSXttdsBAPVjVfyoyCg3RZbdHinT5G5', 79987540), ('1KTzpMwd6t4XZWUXbTC8EqJXgPs9esuD3M', 37075883), ('1EjDjdBKJoNTHN2HKA6Zh2WSoCPJwMC38i', 22307479), ('1D9VxfwNmsqs5BkDN7r33auvAJDXibnfgk', 50000000), ('1EjDjdBKJoNTHN2HKA6Zh2WSoCPJwMC38i', 35000000), ('1HjwEyXcmiMJeYZrUofADJQU8eDPPEAmjc', 8212785), ('1A9dsUpUwgoPWgma4M5KYskWaPU2atA1vw', 10000000), ('1KftSQ7EPxzAmd3rap35cEzc54d2wxhGCN', 3480850), ('15LiUJTHVEWqAkNvGfvrGCoYzRXHDMT7B8', 34000000), ('1CcYiNijpAmyyaQQT1DEqcTFDunXbmkETJ', 1100013), ('13eSjPPdKEBSSBktayGBmcYAk4zZ2LZnuT', 36476741), ('13EbugMiLJiCymHuUMVrX1aYY8RLRkphaE', 96000000), ('1NCN3xmuvvZ3BaFNURUTF33tuTZKnaetR', 10093100), ('1EjDjdBKJoNTHN2HKA6Zh2WSoCPJwMC38i', 85356417), ('1EjDjdBKJoNTHN2HKA6Zh2WSoCPJwMC38i', 39826710), ('17nKSUdYWk9eVdswXck3DwL9rB2AAd23Ya', 10913000), ('15LiUJTHVEWqAkNvGfvrGCoYzRXHDMT7B8', 31700000), ('16LZtB5cvknA7V8ok71MfMwakUvJCDsveM', 6700000), ('1PKdEaFUFX6rkFW7jH8e7dim8B6cYeYkED', 48400615), ('1L1xSXttdsBAPVjVfyoyCg3RZbdHinT5G5', 11787690), ('1EjDjdBKJoNTHN2HKA6Zh2WSoCPJwMC38i', 63841996), ('17nKSUdYWk9eVdswXck3DwL9rB2AAd23Ya', 10913000), ('13gGiFdNyhHLEDHUq7EgRizg7EqvugJU8Q', 4138190), ('1iR1R5p4RMmae8hYCoChtUBYwMs6az5rh', 5495826), ('1k9WXE4LHsNgfVrVEh4VQtxdQNyqE7cLM', 32016617), ('1NdR9KZagXjCuQZ2Vhv9zvPenyp3RkYq3C', 100000000), ('1EjDjdBKJoNTHN2HKA6Zh2WSoCPJwMC38i', 4930000), ('1DhD2BzwrLiE7NyFernCerxQG4HcQFm5wy', 3303360), ('1EjDjdBKJoNTHN2HKA6Zh2WSoCPJwMC38i', 50000000), ('1KFTrXCtGQLW8f3DyaYH2NZWdAgU1qvCmJ', 5570000), ('1CRvv5RwLQ87kdTbqTAMMgxP8MiWciqPZo', 1504005), ('1MhWTW47WJPizxwMazmc6QBn2cTtJJ69qC', 167807163), ('1CRvv5RwLQ87kdTbqTAMMgxP8MiWciqPZo', 1772563), ('1L1xSXttdsBAPVjVfyoyCg3RZbdHinT5G5', 54760120), ('1JNkG2z7ZwkGCG41BPrcop5ixGka6VoG22', 25065000), ('16bLyJCz64tR9Fs1AT2Wnv5Z1fT8pVHaA', 1348636), ('1Q7STsw9UzG92BB9qQSs8QNTvni74gVtFG', 197000000), ('1NdR9KZagXjCuQZ2Vhv9zvPenyp3RkYq3C', 50000000), ('1AmajNxtJyU7JjAuyiFFkqDaaxuYqkNSkF', 132000000), ('1EjDjdBKJoNTHN2HKA6Zh2WSoCPJwMC38i', 10900000), ('17nKSUdYWk9eVdswXck3DwL9rB2AAd23Ya', 10858000), ('1L1xSXttdsBAPVjVfyoyCg3RZbdHinT5G5', 11357540), ('19jLjXZ5xHjUQ6pdBy2jGTA2AbsRUDfPVx', 1245242), ('19KPzKi3AHQ8DT8Q7W3FafHVKcyCURFEJ', 2500000), ('17nKSUdYWk9eVdswXck3DwL9rB2AAd23Ya', 10870000), ('1EjDjdBKJoNTHN2HKA6Zh2WSoCPJwMC38i', 22994721), ('1PNxgb7j48GcsuQHv7YgpLuzd9xUxqYGCr', 200000000), ('1FypU4fZbz8DvrN4oumJgVJ9bNbP4rGQm3', 55737200), ('1UGsJ7X8rSBX3FVS7v4zWV7wFfhg1As7o', 128000000), ('13B3PZgkPFTJmB8LX9qTBD2oqs76tWKArR', 125430695), ('1H6si4XZPGARjj3H7oiLJMimQ1JQj8z2vW', 7500450), ('1LG6B7uqiNYHaYmu4HGeo5msTBxnoLp2uz', 2240000), ('1LQLFiem5HDtjnPL92YeSU3pwvYxtBV8sT', 78816104), ('17UpAWS5BDFAwzrD6cmo4vu6hQ6cERoETC', 54021201), ('1E7eCFjpL4pMSxDcZb4xwPeoimgZnMibPT', 3441052), ('1EjDjdBKJoNTHN2HKA6Zh2WSoCPJwMC38i', 20000000), ('1AEjQtTNcFgBARZnjDtshHfoGzfwYrhfHX', 4578626), ('1Ltu1JGdKzQVo6mB285LRv5qJf51hTpaEX', 3509200), ('1EjDjdBKJoNTHN2HKA6Zh2WSoCPJwMC38i', 2197817), ('163Bj7ety8BYUzzkNarrFvwEEsAKjjqcCb', 67000000), ('1B7KgmKeZbZD3Eo6PUf5ycpLot3HMGKTr5', 64234908), ('15SecE2qeaxsBiNkdUmb2uDoajyvqyvaXw', 4371200), ('1LqN3bx4T3omfkccnPRCoEKPgnGcZDSoEr', 298669693), ('1GVzumGXyDyS1dUrQ1TjE82CouGdRWcyz9', 23995193), ('1xUaBEuMLhgzkY6ZYm5XA6pCddg3iL4DK', 2406782), ('1PNxgb7j48GcsuQHv7YgpLuzd9xUxqYGCr', 50000000), ('158wggXMzD5WEZwHNd2aRdN9yxfZbjnBSm', 5460000), ('1KFTrXCtGQLW8f3DyaYH2NZWdAgU1qvCmJ', 1200000), ('13EbugMiLJiCymHuUMVrX1aYY8RLRkphaE', 30000000), ('17nKSUdYWk9eVdswXck3DwL9rB2AAd23Ya', 10870000), ('17nKSUdYWk9eVdswXck3DwL9rB2AAd23Ya', 10700000), ('1EQ8w9hh9EcLn8KXZMaZt9iNfNTHG3xCRY', 7239828), ('13Q7KdcGthm2pX9fJAJ4otJYKf8LfhpKqJ', 13296314), ('17nKSUdYWk9eVdswXck3DwL9rB2AAd23Ya', 10910000), ('17gkDH3YYQdzzLVL5yAhSKvjQqV1APMsYP', 5022000), ('1MYhATB5BoRgp5o4edwpNr8uVauN4e7vjt', 10492903), ('13DoNm7oWGFuxXUBA5JEDiAHpLNXgLAq7H', 3075000), ('158wggXMzD5WEZwHNd2aRdN9yxfZbjnBSm', 5959000), ('1EjDjdBKJoNTHN2HKA6Zh2WSoCPJwMC38i', 18799868), ('1QEXSCRK2PqvKMSc9vLT7Rv31YmbU5VYbV', 75615280), ('1J4f6aygWLkAxmmp8AP5Eibv2WbhtSfn9S', 19047600), ('14Tv1Lxq3y8AgSUnrTrQm6WeQqjxz3ZSwa', 10977163), ('17UpAWS5BDFAwzrD6cmo4vu6hQ6cERoETC', 60000000), ('15fZBzpRFg4SdYJEPnDmYmmVLWMaAy3Bzu', 2665110), ('1H2X1wxgtxvFVU9sxnUGyC2BATv8yvtoRC', 139629800), ('1FsLMtBhBhRdz4qybfiuYmLc3p9QaQcGzT', 13543816), ('1EjDjdBKJoNTHN2HKA6Zh2WSoCPJwMC38i', 18000000), ('1NCN3xmuvvZ3BaFNURUTF33tuTZKnaetR', 5205756), ('17nKSUdYWk9eVdswXck3DwL9rB2AAd23Ya', 10870000), ('1PNxgb7j48GcsuQHv7YgpLuzd9xUxqYGCr', 100000000), ('13SL53sJM6aK5bFHUaLGK28smL1eNdBYn2', 2990000), ('13vfzqqSB6b58kZ3sP15AbWRYvbevYPwsG', 12018459), ('1PKdEaFUFX6rkFW7jH8e7dim8B6cYeYkED', 128305859), ('1Q2FMdHzhKbv91AnnGF6oEsj9WeLWAvadx', 42300000), ('1Bid45trzEaubtDWG4uu9aoDL93GLGadLQ', 1433374), ('1MUWDnbEqP78Gyx5LAtFchMzy4dZHkwVcE', 1138235), ('1EjDjdBKJoNTHN2HKA6Zh2WSoCPJwMC38i', 11151304), ('1G1XLZ5KcVXbWqCnYCfdR2sHmSxPqyptNb', 2500000), ('1Q2FMdHzhKbv91AnnGF6oEsj9WeLWAvadx', 60000000), ('1L9kyeYBobcEqN8j7Knr1xMDaTWA8Z5EGk', 2612416), ('1Gx9JPvG2b8Y13WUXozsdaf8zYHqKGmHtk', 150000000), ('14Tv1Lxq3y8AgSUnrTrQm6WeQqjxz3ZSwa', 39561550), ('1ELWdiQ3yKjt9sJhXGcB6xYmEfAZ1Xh63W', 17957380), ('16y8jFmV4VzGhtqaczXf2CixXCg9vUEAGE', 16311414), ('1GQm7Lv3JSv7xVn1oanDnp88UjhdVR6q6B', 6379270), ('1PKdEaFUFX6rkFW7jH8e7dim8B6cYeYkED', 79031912), ('1iR1R5p4RMmae8hYCoChtUBYwMs6az5rh', 7428000), ('158wggXMzD5WEZwHNd2aRdN9yxfZbjnBSm', 4046000), ('15X4W3afKeu3x3gA8K7KENYMzKUKu5y8EB', 1256699), ('1GYwgHFxmbaiG8Ypi1R7bXrsnWcULmPhu5', 2387226), ('183ygyVsTDS9hR38uoou4iaptJbpZwrxnu', 83000000), ('1L6oeJ5JVHaSQ4gEQXjvyNGPUdk34magKG', 249400000), ('13SL53sJM6aK5bFHUaLGK28smL1eNdBYn2', 2070000), ('17nKSUdYWk9eVdswXck3DwL9rB2AAd23Ya', 10858000), ('19KPzKi3AHQ8DT8Q7W3FafHVKcyCURFEJ', 2600000), ('1EjDjdBKJoNTHN2HKA6Zh2WSoCPJwMC38i', 150000000), ('17nKSUdYWk9eVdswXck3DwL9rB2AAd23Ya', 10870000), ('1JYZ4btQ16JJrvzVdfqeWS4pNkzGV5v7QF', 49948185), ('1NCN3xmuvvZ3BaFNURUTF33tuTZKnaetR', 48630004), ('1EjDjdBKJoNTHN2HKA6Zh2WSoCPJwMC38i', 68474322), ('15iJNhry98Jj2TxwQHC1wEKpeh7jjZAxuV', 23874004), ('1NSrTSmFp3Ys8HUCEywvPb6GcpU2uwc4fQ', 39000000), ('14TPMBuMrX8fVTZNxUs7nXe9qmjL6HVBxU', 1227000), ('14YwhnHvNcGvbc9WpVhw7wxSCi6knCbnbc', 2755000), ('1Pu53Jw4ABLtsTtsp24vkqjkD2Ay23cgJ2', 112033997), ('18ieoxRfdjvMnxFpZLdX9oHi7McbCqcrBs', 1782610), ('1D9VxfwNmsqs5BkDN7r33auvAJDXibnfgk', 21250000), ('1CAdFckxw4o1HbhHD6VZdP68RAURvi8mbC', 231000000), ('17nKSUdYWk9eVdswXck3DwL9rB2AAd23Ya', 10913000), ('1L1xSXttdsBAPVjVfyoyCg3RZbdHinT5G5', 1636540), ('14qsFXZiPN7x8X5YKXcyyPJry4H5fQ9q4G', 10896800), ('17gkDH3YYQdzzLVL5yAhSKvjQqV1APMsYP', 1532000), ('1G1XLZ5KcVXbWqCnYCfdR2sHmSxPqyptNb', 22800000), ('129b9MBYotnpb9PiJJcDeP6Y5jdQrEAG3d', 9281342), ('1MYhATB5BoRgp5o4edwpNr8uVauN4e7vjt', 4918374), ('1MHk1EbL61znJ7N2dWwvy4sQxTwciKwcaF', 10362130), ('1L1xSXttdsBAPVjVfyoyCg3RZbdHinT5G5', 1962540), ('1NSrTSmFp3Ys8HUCEywvPb6GcpU2uwc4fQ', 88100253), ('17nKSUdYWk9eVdswXck3DwL9rB2AAd23Ya', 10858000), ('1Mjhzpoh5fbDoAHHy3DvmvvvYL1sFjrgKN', 3505500), ('18NBmPg56gty4NLe3hXYucboEvMDhBjBWL', 175109798), ('1UGsJ7X8rSBX3FVS7v4zWV7wFfhg1As7o', 193665407), ('1ZCmsfinZjcKCT8YUyq1fd8od2KTzkiRZ', 105000000), ('1B7KgmKeZbZD3Eo6PUf5ycpLot3HMGKTr5', 53560177), ('1NdR9KZagXjCuQZ2Vhv9zvPenyp3RkYq3C', 38680800), ('17gkDH3YYQdzzLVL5yAhSKvjQqV1APMsYP', 7325000), ('15LiUJTHVEWqAkNvGfvrGCoYzRXHDMT7B8', 5600000), ('13SL53sJM6aK5bFHUaLGK28smL1eNdBYn2', 2720000), ('1L1xSXttdsBAPVjVfyoyCg3RZbdHinT5G5', 195485220), ('1iR1R5p4RMmae8hYCoChtUBYwMs6az5rh', 5000000), ('1AGhC3p8RJqFd2TGyzPk75URMV7fHis2Zn', 8000000), ('1C1xB3RdKyY8QMKzWTanq7Y3w62VC7DH1Y', 82745822), ('1EFxkC8DtUuRmrX8wau6sfQbmutTWXxixB', 3060600)]","[('1DURWRdWjiPBHomFVFzwTuamfv2KNgw14u', 10226561003)]"
5,e4172d053fe4292b06fcc4344371f30e9021dad8716830b1e7438f55a679d2db,2020-10-14 07:14:18,"[('1EAtn3fLSeUNEWPNuNjCpqtVT6BL1K71e2', 75808747), ('1EAtn3fLSeUNEWPNuNjCpqtVT6BL1K71e2', 70134013), ('1BRKDaU7yr9jYtgBA5robDukjRq5XECzGF', 25000000), ('1CmgcY4qvngdMBQbmX7sP4t8RkKdg49VTV', 9960000), ('16tBczmyQTnyGp3BhJ7QP8RLwsZpXp7ZY2', 2767628), ('12HsEZcwFXYUKQeNdmekGNS6iTcsTfahYK', 1000000), ('1DqcJh8HG9quJpga4EvWANvLfbwdokRVMU', 269960000), ('1J9j8J21uCCYKQhWraadZA9wUpArd2Z8J1', 1000000), ('1BNJawaiyBHP2w4gkwL1Q919aCr2pLo6a2', 18303220), ('1EvDhcJ66NsgbdQTsZvoJKSkAjpTASTZ4v', 12378590), ('1AFFEMkjyk2ZWMpyfcmn66R43dsAEkw8V1', 96445000), ('16gTqqYqQ6dxLuWmd3usi5wp7uRyzFophD', 200000000), ('1GDaTUSg7SsAE27StZGsqgYymbx327HZoi', 1200000), ('19gq8AHuYJMBAtungx5hzcacxaggnQDRTS', 1088410), ('19eqcJUzAp3UMX57RYAqzrEU3CJKgqaCEk', 10686895), ('1D48qbmpWyfYqXLd6p7YfxneSUWBF5uyC1', 2125540), ('1MW7vn1soZPfnjWtvTYLG3Z8z13kj17mJE', 1003689), ('1KA8ZGymkgETDLAwULexLx87Ccr2Hyxhko', 252457904), ('1EAtn3fLSeUNEWPNuNjCpqtVT6BL1K71e2', 74849211), ('1358AQXYE1DCVHxaEP52RM3MTuEAEFYJYA', 1240171), ('19JtX88GZj9vxK5tX3XKP8XaqwEvHDJoF3', 1339000), ('1Ao7tArNMXHgQfuuPcJRJmjqEqqAFJr6dp', 200000000), ('1DGYa8LXCyQ2MjSUyN5SrZDC563V68pyiN', 149999000), ('18UHgkpKzthGjThCbYGEfebnyRKaZT1CiQ', 10000000), ('1JhEofYkqZWYHbPLUQt4MiB1bAjKZx3zQS', 9512011), ('1Mv4ziDgJSto9nB9Bx5GKScsmt4s66xcqF', 102500000), ('19PSmKLpz77Z9rpZJq2sNKNxa1L7xFYrw4', 1245535), ('1BoK681aUqXDZWqG4oFoK97KzUjAN782Ch', 3500000), ('1JbrhR8VfiqbmjS4U2xeMBBnmijJkd7SeR', 2405000), ('1C8MEyQvNaBHZLBmFZjPoT4S8XcKUNj9x', 2103523), ('13LyJG61gumDsrF8FNF16x67tCwCpkFJT4', 37500000), ('1Gn7QscVCrp8xAGEf2YxR27jTA6dg7cwpd', 8972370), ('124WTQSvncioULsKJAkVNxkaqqjfW1kJ1y', 12970011), ('1PkgVuH1psMUcCwXnYb2cEHDjHHnpLM6k5', 3631930), ('1EnXL8U9nCBk5aQajETL4mzaTAScJAZt3f', 1000000), ('1HpWZPeZiN1VpG7CgKs7NhSWNPYSRPYxWy', 300000000), ('1DHb8AAKFuTeBHduKynXtQhcGLQkC9ou6d', 1007467), ('19K2LSr8utexBAeTeJPbSAYVebnt4H9Mko', 3459900), ('16d3QvLinzHRm6XyoN8NPu3pioVnhBDvzU', 2187625), ('1NxuVvuHatdTeZRW5EmEXhxUrPUQNrfGk3', 40000000), ('1NxuVvuHatdTeZRW5EmEXhxUrPUQNrfGk3', 30000000), ('1CGK6VKwmXHcHcpx4m9Ai767gVWThVx42m', 4290029), ('1GhkB1GUUv5RoaS7EAPP2vEgsqQi82Cfm8', 2949421), ('1FSzTKoK3gLPwf4gXS3aqhbXBdTCncSg77', 24728900), ('1BoQby5xqtxT5WjuPBBJ1wNZnjTH3Cj6w2', 8500000), ('1PkYGcKRYJZatfJVUM4c8dWGeXTaNdt8Fp', 1000000), ('1GA7byAD9E8Uhy5FnTbUrdUBvAnZa4hvDD', 4368529), ('1Ed8SctUmp8wpj138deMd9B79Cacasgbah', 1393838), ('1Pcc9NaqrnPfGCB6Tntd1SQbrfnpraERmW', 3510508), ('13LyJG61gumDsrF8FNF16x67tCwCpkFJT4', 81358000), ('16WfKMyMEnmwBUaR5VtFRVkV8BdGRgTVKY', 1216380), ('1KKrLCBi6RiLigf7Je1KPWwwe6pzx6Ajd2', 4730796), ('1McFBFL79nAc2Pozo4RhJueRLLGkG6tX44', 5738596), ('1L9Z3v6cJnnHG2bsRV3pc34bqhdZhTm7Nq', 4392000), ('16Gd5PkfbJodfpo27a8xpWcfAYUJEy7L5w', 50000000), ('185TRYJVeKgzwN3P9G2tLLHQGaWLsX8gN6', 2362447), ('17RKYwxfyAEjUP6JCFSxUqFKuUPMu4Gysi', 9900000), ('1EvDhcJ66NsgbdQTsZvoJKSkAjpTASTZ4v', 120000000), ('1CPoz86Rb7RvQqQYP6FTwqzvznVgiEQCV8', 48226069), ('1EvDhcJ66NsgbdQTsZvoJKSkAjpTASTZ4v', 180000000), ('14DAYGs8He7BLmMs9RevYa5Z3XFtco1Gu8', 3614240), ('1HusSkkbYb9zb9K5jTGfYbhgA9htoAC15C', 2057596), ('1GR8xjkEd1gnBY3o9oEu88VZMGuEp9CteV', 4450000), ('1EvDhcJ66NsgbdQTsZvoJKSkAjpTASTZ4v', 84000000), ('1Pg4uB7JMddb3WmS3ekHHD7mmAaXoXyWWf', 1937409), ('17FVbb2c1sTwHDj5qPA1EEBUXHh1iZaFvG', 272207022), ('13JzxLVYrXXw3LExta4wb9eNPUi1yNNCXk', 280739513), ('1L9Z3v6cJnnHG2bsRV3pc34bqhdZhTm7Nq', 4305000), ('14pQyBVB1VjXb7kQGJcTizyVcTdWXtjJoz', 280000000), ('1PeJjJSC6Vzrx1CJQ9yPViJbBdDFfrjUtF', 1011444), ('1Fq2zEzWqRPWCwHs1RnvUcx8pGYFcjdLtB', 200000000), ('1AQHGGz8JvzNW7QYjzRoezzi3vHdxJoyd7', 89330530), ('1Der9abpchpyYUuehVdcjrC1921E6258DU', 65717340), ('179uzozZvmi3Q9UyxyAtJ762tSffR975Gh', 8319062), ('1E236WiHAV9jhfymAacYLEavxNGBe7PtK3', 5438455), ('1P9hTNh8f1yzzNgcw5eP4b8vAiDwSoWykR', 189000000), ('1F7pXS7rgbo8UiizZDUNajGr4GpsMTU2Gh', 3031429), ('1EAtn3fLSeUNEWPNuNjCpqtVT6BL1K71e2', 68614666), ('1FDLLkHpnWHxxbV4uCgBxM4bg2is9jDUoS', 1109191), ('1L3QnMjAdnq1LofHy4pnbcx9GTPjF1zYka', 8010887), ('17M3q67UJ2p4M97SQnKXrcyycqFQ8UThp4', 1000000), ('14zBdESRS8MAzXzrVapZnaLkm7Zhpqp7tQ', 13000000), ('1EVMtzXoapXd8zHbfVS7UZ3Xmths5PfNya', 10188197), ('1HgNnapEWfJvhuczQRUyJzVtXprbHxZrxv', 4467600), ('1C8NCtVN2i52UZKMHBJJR9HqRBhicidEKR', 3920481), ('1Lw1c7BB4ZRX5Wnky9znyFpj94Na6KqX6W', 23473502), ('1Q6pSqdfurv9qHsMsj23opDsu7yePySbic', 6392920), ('1oZzSxuDS8fg8K8LLvKEisowdQ8s11EiT', 9206400), ('1Aa2o8wAd44EdhCbc9h2FhaQt6KrD7KMYB', 14381651), ('1JkibWb8ovU6wn5ZY4Puc5LqM2JWLCNpuC', 99950000), ('1CSL67i9LpF5kTQUfUy7rc4u6uJ76142BH', 1004975), ('1zwS7XoYEVfxtKaSf7RdckuMSQY4MPc7Z', 7651561), ('1PH7nc5WLYpGA3QTVEuj3FSyLchce5cip3', 2865355), ('1McFBFL79nAc2Pozo4RhJueRLLGkG6tX44', 15797663), ('14zV1wAL5JryuziyZDaMnqt2bPCgX3o66i', 2002459), ('13o12Aa6nwFNrzpSt9QPL8HgR4N4qLkWTG', 52642000), ('1EkWuRv6ShjK4ugQcdQGXaK5JRkATSv5Fp', 7534778), ('12hz2wpG2rtRrumz433eHhpcqWrqCGmJ6A', 2246000), ('1HRX9wLotfxaay4pYug2gWiyD5KBmAVRiQ', 1035000), ('12JJibH4xsqprxDY1d1XPKioWjGsTfTFn3', 3314000), ('1M9Uz3kcyoof9s4Cxsfg4mEcjXg63H1eBT', 253825685), ('1NdR9KZagXjCuQZ2Vhv9zvPenyp3RkYq3C', 50000000), ('1LSCn67JG8DQBiysQG2g3zRriJX3U3A6wy', 1006810), ('19jwS4u551iohVYVzNYC4dQLDEMyWEUnXo', 1900252), ('1D9aXLLRkWbJmsRM2fVhmEhsVvA8FKi3Lr', 2500000), ('1JbrhR8VfiqbmjS4U2xeMBBnmijJkd7SeR', 18346898), ('1JbrhR8VfiqbmjS4U2xeMBBnmijJkd7SeR', 20400000), ('1Bm7r7MHDyS3i64qQGMiRcBTnwwL6e5T67', 122081213), ('14Lz7adYH3gacK7os5kr2mwhqhByRD2d1t', 131300000), ('1Fph1moHw8rWTNDs27JRMZUoV8rhmDaC6a', 1221874), ('141ghaP3T7YpJ5W4C2SNecGA7R18vXnTpX', 199960000), ('1HBLX3gRzYNiWFWqkxoCpu1XELwRLJbx3V', 17007230), ('1A5oWKZd8KoTV4qRhpsmpTLkcH9hvgFhBu', 294914366), ('1FHew1rC8QaVEvBLvEVMMSzmR6R1VXQANH', 17850000), ('1LfhpVfmT7XzkaTjn2hS5ovxYq6tcXPfQb', 3090912), ('1MjLVy52oy2u9Hxd9JM2k36Hs9BwvCW2nL', 3620000), ('1Y3gp1shRvnru6cFc6qA9uZjCvygRSUsU', 1180000), ('1PwL8KZVnWZ6KTXkSSBa3ZYNymZwNULYJE', 250000000), ('15ewjVNPGoH5nWrZWJAEDr9dkAQ7uJ2coa', 3908122), ('1Ae3QaRqU1cK96soqjAj9mF4bDghPg8yXZ', 34000000), ('1NgvRKyEg7iwbnAm6kfsrm48cAoDYWpaoX', 65500000), ('1A9L1TCgDuX1psbzTbeYvynnV2PLgpq11P', 86258614), ('1GwE5WhZhv8x6URXwEeZoGArrYoD9GqpqQ', 1088410), ('133CFwSxAeWDXg4NfZdtGMfV5Gm519xC8a', 10000000), ('1PYtXrKra75BaSfzKgFtZVN5FiPk84rnQE', 28505000), ('1EtHcSUsWbjt22apzKYiDDRrt1dGQWwTLK', 1414216), ('16EsYKvsEJSCQ4xNgJVoeL3qjZKVptNABf', 12400000), ('1Pd2ayCGbPQcjHHqixoaHmMqj1GGFiZCRM', 1467675), ('1AU7iEg4uQ4cnTGRAq8SzaYmoBLzRNT2Yi', 1216134), ('1PVmvajoSKrU2nc8WXm3VCeKkbENeZxyQs', 1000000), ('1E7eCFjpL4pMSxDcZb4xwPeoimgZnMibPT', 8167093), ('17GGTuWDLrHTkG1gNhVwRHxojpC44SVkvX', 1500000), ('1AFFEMkjyk2ZWMpyfcmn66R43dsAEkw8V1', 34600000), ('1PKNAy1BZHvs8YGKxqJ2ifvbtAB1zFPL3x', 18891034), ('1GFh7YhVZcM4zeg94zr1uNDQiNM4cEAZvZ', 1001391), ('1EvDhcJ66NsgbdQTsZvoJKSkAjpTASTZ4v', 30041261), ('1B2U6uxt3PmpZktNmSJUhnGYiML6Bqnfeu', 12140209), ('16zwwMSZgVdERYErL4tPp3TcnT99vcbDyH', 5917112), ('17rPetwcQdoZCaW8P6sBVNZUTodDJy6ARm', 6710997), ('1E94zHaU5M22TrAK7FUQeXm5BP9EmP9RLx', 100000000), ('1Km5P2oKqze6JZwQZxkmPQEErkFE3n8GQf', 10000000), ('1MYhATB5BoRgp5o4edwpNr8uVauN4e7vjt', 17000000), ('1Myuo5aLGuzpUoucuPNvnDeUUcoTX95SAg', 50350000), ('142NjhVW1X26zmsHHSAKatiLTG2ftL9jaN', 124600000), ('18cwUskP3P9QAFeopFQFR7q8eRX4jXthcK', 66802835), ('16H5VfLt9dS6H3B8mxptb4xHpcL8UZsoXi', 2363052), ('18NQ8MJTCbMbYpTChq4ePKdEGdLwd1WADh', 2265448), ('1ABws8qMwb3rH6RNrNiTxYEEf1ih3j3eQS', 3540000), ('17xTTMaeW6aGCZMhrCDB8FgfRaeEZbMQyW', 96007000), ('1EvDhcJ66NsgbdQTsZvoJKSkAjpTASTZ4v', 64030235), ('1DGu2mgSpLsX56nNokwBLBkqmPdN8BJmJB', 11106374), ('1KRFVDyDRvTDxmgn44C82sYDDCLPivvYA2', 27074861), ('1EAtn3fLSeUNEWPNuNjCpqtVT6BL1K71e2', 68515109), ('1KGtYCmsBa9w842zqBPCg5soYUw7rMVwD1', 249000000), ('15Zt39wwVyuLNMDpQhCYEoG3m3oXaicAo2', 1112000), ('1BXg4h9HYUirhmWNf6pXTMFinh7oAq5Fgu', 35231312), ('13NqhrohrcXe5rGdVEDZ49e6hGxntB32sy', 9685988), ('15V93Lzus2MnfaMHm3ctywb3YvRYYdG1dS', 93295958), ('1DmxYabMHfMt378PVGhD87aY6LVAo7utCf', 4875870), ('1EBLFJoamhf2yUP2KEJRBmqnpcnv9ohmyb', 1006890), ('1G3y95AskFFQHU9Q8zXsJ6LZRwZdNmS3C9', 47747700), ('1EAtn3fLSeUNEWPNuNjCpqtVT6BL1K71e2', 41543605), ('1KkzKtbCPmwU2tPs194NzUFgQEQX4VTBe3', 4782515), ('187hxQ82s2jGMG6evGQWppMG5YaCdsd8rf', 122000000), ('19cEApirWB29gB1c8VWGTL362yK7jiUiyg', 17087400), ('1FvRzyhejVyYT8xMUgo2Br4koNuAssJcrm', 1000000), ('14Yc3cZomJbuho8cSc8AXbWQ9M1Zx7vwgP', 1007545), ('17pgupGuJvgzL4eLCwATyGCAtMWn1bHj7d', 1372929), ('1MT3w7BsmeZogMzFtXtdtHtukFbeVJ7D4N', 1213116), ('19mqiUNC6CmKrfkQKJpXef15eiAGzn4cJK', 1182624), ('19sQKAvLTNpnBDFu58eapDUiHZLfb6tRvN', 83450294), ('1CuFFNCKFTQL6HhJZMhLsAuXHA9WyJxKww', 1000000), ('14RTvLjqNEhdbBZZi9tjNyssB6pXdsqhH3', 32207000), ('1FoFuZXrEViTkP4HNoFkNGtSJideMZrheS', 1674288), ('12qm31H1UV7mfzCcXUcBGv2qZmAQNoQ7np', 200000000), ('1E94zHaU5M22TrAK7FUQeXm5BP9EmP9RLx', 41340704), ('15w7129Soha33XeHiBwE5q7K58pwLdoNrg', 8900000), ('15Aa9ogF6YAX1p5FBCKjDV3MeCvQ39Xhdw', 1300000), ('19EKhHTzZLmiaigLtCihvPVA8eYQEThYuS', 1235394), ('1ByxgomJqv3wq4oXW4KTLqpA5XMYTwBKJ1', 9837402), ('1DWEDKuYQNMNTouKzGJxPPVZLE5nRWLxFH', 3569668), ('1EAtn3fLSeUNEWPNuNjCpqtVT6BL1K71e2', 63285492), ('1J4BsdTfzzUeed6GqVfFasEmDzJooiRDfZ', 32000000), ('18Ec9rHvcnGxFLfprMRPQce3HvhJkksUfD', 29099623), ('1GmgUjdHf9i5g7txcsh3aC1gTFhRLpZogf', 1943420), ('1CkRcUK4hRxFsX8dMbnoAoPpcARuJLNQsH', 7175370), ('19WyDtcKmA1LqjZeg3yn3q7bPq36y7CR8F', 19676147), ('1BALiyq5wQcPUrHkhWUdxoxLV4bFV7VUcf', 158759590), ('13LyJG61gumDsrF8FNF16x67tCwCpkFJT4', 4030000), ('1AFFEMkjyk2ZWMpyfcmn66R43dsAEkw8V1', 161000000), ('1E94zHaU5M22TrAK7FUQeXm5BP9EmP9RLx', 94546268), ('1NdR9KZagXjCuQZ2Vhv9zvPenyp3RkYq3C', 27755000), ('1LVr65TvKc5swK14dHKp3X54a1LJEsxcuV', 3898387), ('1GA7byAD9E8Uhy5FnTbUrdUBvAnZa4hvDD', 26289000), ('145H1kWtMAmqkiasKuLL5wgbNHPYkcnX4f', 1049328), ('1FCNpx6uPPxcZMjDpho64ye8agk25hJK1v', 34819652), ('1AFFEMkjyk2ZWMpyfcmn66R43dsAEkw8V1', 53000000), ('14pg8suNyKyPcjNNpnyw7LpVsEeSqNiczd', 10880300), ('1BAvGZPM9YYhn2AqkcLSak5xj54EMJeUdF', 1872236), ('1NdR9KZagXjCuQZ2Vhv9zvPenyp3RkYq3C', 94000000), ('15V93Lzus2MnfaMHm3ctywb3YvRYYdG1dS', 79196915), ('1LTxg5eUJrARktKGDPCnLUd6FTwERaZ61E', 71664000), ('1AL56FEMyPgUxDn3c7t4ZqCVYxUpQLzBxZ', 125720000), ('1AQHGGz8JvzNW7QYjzRoezzi3vHdxJoyd7', 250000000), ('1CQKvL4u83qu3JvVNRy3qRRx68ELyz2Czg', 113340000), ('12dcCpxH7U94wp5qRcrDnSvh5YGWBnpX9m', 7890000), ('12nUMQJZ1pwXtPr4QGgb4P9MK9V8BYgM3A', 1000000), ('1ouP2tQ4XcaHe1uMtPYQHTMwiuJFJbTFg', 8666814), ('1GA7byAD9E8Uhy5FnTbUrdUBvAnZa4hvDD', 9170700), ('18BJC3fRbqr34tvxVEFgwtdUbdX4JniDY2', 1003653), ('1PejimsyNwuSdJYZNqTwnik7qsusxR9TEx', 1123452), ('13g9LQyuGmS5biJMvTi6BnBHSwPtrCjCyB', 3781800), ('17X8EB6SvbfeWUqcL7gyEcUNijehhqty3j', 2043833), ('1ArjeuDf9cGWXJvsVC4FoGVBwe3EC9Rfy7', 220473861), ('1NTpZSQoQA5RanFrQXGJiVyTgDzdwqZgtw', 1800000), ('1EAtn3fLSeUNEWPNuNjCpqtVT6BL1K71e2', 70921444), ('18igsZTecdwTWw2gBx3EbV5uLCF9vPmQCA', 164932508), ('19wN1qejJAzicDzfHSXp1njDrSCSagHV19', 6141083), ('1E8v2jbpFBaAQbRm6pcto1eRaNaq1G33Rc', 10860863), ('1jFxGdTVGVL9JJigwFy5xWyU7idkVf9sU', 1088204), ('1CmgcY4qvngdMBQbmX7sP4t8RkKdg49VTV', 9960000), ('13fhE5rbvKv7JfcorG8yK1irXZxm7ZwzhV', 1488889), ('1MYhATB5BoRgp5o4edwpNr8uVauN4e7vjt', 10660000), ('1LS1sNwtWvssM4i73L5bdfiksFSQ7nqf4A', 2021186), ('1NxuVvuHatdTeZRW5EmEXhxUrPUQNrfGk3', 30000000), ('1MjS8b4YsVjqRbCsYzPZ8u9U2wLLJkwbQC', 2768227), ('1BZkfqFHwdF5qBBYYUGkn6fTFV9RA6R1Un', 11078714), ('1Q7c7z9n9gEN76aRTPwVBbz3iXE3aSBscU', 2329533), ('15KEdSuNTfCsuULfbnjeFtdxAyWRAW3unj', 3258100), ('1cNcLysygZ6g8Tar1TLgBbnyXqQMjcMfZ', 2238296), ('178yMDcJ3aqp9dk5KzpVSJnqjyFs7h1wXh', 1253727), ('1EAtn3fLSeUNEWPNuNjCpqtVT6BL1K71e2', 72474013), ('13LyJG61gumDsrF8FNF16x67tCwCpkFJT4', 15430851), ('1Hybv6He1cnarTJCa8o3HnH3vbqwSCHUrn', 2098000), ('1Fp7nXqnDkzEYXEZLd9NtvsKL54FqEbRtX', 16229979), ('1ELWdiQ3yKjt9sJhXGcB6xYmEfAZ1Xh63W', 40176000), ('19sQKAvLTNpnBDFu58eapDUiHZLfb6tRvN', 125676728), ('17UKbtJTUgYTuVqVZmYcizNLKcZ5ebPyJa', 107634258), ('17beCnyfMek7am7zJ5adoMaJ7rjKvq9y9n', 77394800), ('13LyJG61gumDsrF8FNF16x67tCwCpkFJT4', 1000000)]","[('1DcS2Yuq1wJkMGHAB753rA9GTGndi3Ljm', 10389510977)]"
6,eea303c0082e837dbc422c0b4df1ba24e9f8ff78c477f7d10c40dabd66922496,2020-09-29 08:27:00,"[('1AotsYu7cMiS6c9KM8dcT6mk1AQS8PmYxV', 229000000), ('1CSL67i9LpF5kTQUfUy7rc4u6uJ76142BH', 2706308), ('1Do46FVzJ6HHSwpZvuGy8uUFsATAoMxWpS', 21110000), ('18rACFdZ26jmu9P4kHVjMzHkZfVDLDqa2V', 100000000), ('1FbQhkj8J5rXjWX9HqzuNe5565PPEcMF6R', 63274714), ('1ELWdiQ3yKjt9sJhXGcB6xYmEfAZ1Xh63W', 35400000), ('1L1xSXttdsBAPVjVfyoyCg3RZbdHinT5G5', 9778780), ('1FahKrDru8qzUwebHqRh8Zx2NbCG6cnm72', 83400000), ('13LyJG61gumDsrF8FNF16x67tCwCpkFJT4', 4400000), ('1Lpo9gJrgAbNZkuKe7SSkoxfxue4jYB3dz', 3511150), ('1E7oFY4cDBhyrUgjSUZghCyYhXJ6ZUvkG4', 3550000), ('1FahKrDru8qzUwebHqRh8Zx2NbCG6cnm72', 58956874), ('19sQKAvLTNpnBDFu58eapDUiHZLfb6tRvN', 35858776), ('1Csks6MKMbpGJXBVWGuBnLBHordgqVM8nZ', 10833046), ('1BxeAsN8FpcZpBFxxJQkbZzVwmNvAFYdsi', 39360000), ('14vv4JzcfGjqbGBXKudv6xBwqSuTQoTYz1', 2135000), ('1PtCwhQwfWeKxEQiLc1KvVQtptiRUohLik', 2971000), ('1Gzp4ytMPWSYjm9TSgSpZpRA4GYXEJjFaX', 9366700), ('17yGKYggxtFyhh1ks1ifBnk4GZyB7JXpmb', 43397649), ('18j5x5nswVwV5uem8SNHprLn4ueCkc2LKy', 7821200), ('1MAuu297HnLfnCpU3pZJFiLT8HryK3MwLV', 47779237), ('13P5sbDcjdvGydoCmCuXRrMXs8XR9xKq9Y', 30000000), ('1iPBiiWieNUVwxur2fnbRShfPCHXpmRxj', 100000000), ('1Ku15D6LXLEDZ8EZvhk4RHrKxNbu9iyWUK', 100000000), ('1PemGjX3jkQGJGdMiRNuUNfdJ3i7EyQNWD', 123277173), ('1E94zHaU5M22TrAK7FUQeXm5BP9EmP9RLx', 53500000), ('1HBxh4ypsMtrSC2cHBwCx3UPeNVgnDCZSi', 26040000), ('1Ke554MXyg8mc7cRp4RUwu6HxKHSmt56YK', 4003391), ('1Ps58Te2kWjgEqW1zfG2xy2A3ot6Bw2iPQ', 300000000), ('195xSAe7g2eBC1fUJEnbfBAWv1f8oBqQsX', 7782492), ('187hxQ82s2jGMG6evGQWppMG5YaCdsd8rf', 230000000), ('15KEdSuNTfCsuULfbnjeFtdxAyWRAW3unj', 5365689), ('1LiE9qfcRjCGZXbbk842t4piQSkBs6Nhyf', 100000000), ('1GW2FyiuErrq3ZzmhegPZgjUCcyPZY78VK', 22188560), ('1MyB4CvnF7nyAU13vD7RxVYNErfejn8Zep', 2760000), ('1JY4roKp9zLGu6gxjbsoZxSTPBWAdaJy2q', 5000000), ('1LuM2siDb6G456sZfW4GnshJaUJt4unMMp', 261000000), ('1Nos1rrAw9nPCyezZ8zX1Ez8NrzFv53Riv', 70000000), ('1JXJaasKwy1spcePPdMs3xQPGE7C4g9DHr', 9972694), ('1NP8pvibYgvMXPxHhhSFmncaxuucVduWMP', 279056108), ('1FDRG3vK1kjCpibmxXHPh4WBWia151vaBe', 10003730), ('1BFiVajG6hSWz7QnnddAeFp8tNZkihPcQk', 18000000), ('1G2CX3KYQxM89ThMmXDYfFA61Nw5ezUxa7', 4800000), ('1JdhPqcpCzWNJZGc5BqMAf7ouWYBYZ2eA2', 11437060), ('1FkLGeg1dsL7a5AJhkurJXyU21LXUQpWyu', 12747025), ('181oJhfzTvrvSy5qVAdAUN2MxVtZBfp4MQ', 100479208), ('17QautdKahvxN5ToBQK9ZbWZ5nKyzp3yXe', 2402458), ('1Br6nX8TprMfarnJu9RTPCmLw5iQ1Vo58F', 224741971), ('13NqhrohrcXe5rGdVEDZ49e6hGxntB32sy', 299482583), ('1MnC1CACs1apP8Yzv7p6be2RpcsZSqrn1B', 66361879), ('1FJL3hpR4MFYWyotAY8zrz9q6XqVMALhoT', 3354480), ('12kd9YmjSXrn5AVS2z52L4mRcA2LkmFbmC', 2500000), ('1Ae3QaRqU1cK96soqjAj9mF4bDghPg8yXZ', 10000000), ('1NdR9KZagXjCuQZ2Vhv9zvPenyp3RkYq3C', 40000000), ('1D2bVWF1W5uCFra1ek4WxdDPwgz9GcWZCh', 70000000), ('1CofhnaLAum14Mw5m3195jWahzFqnPjsgE', 20540000), ('18mjnKCr5ezvePUAYhX8N9GPxJHBFef8xn', 1994600), ('1E94zHaU5M22TrAK7FUQeXm5BP9EmP9RLx', 100000000), ('1Mv4ziDgJSto9nB9Bx5GKScsmt4s66xcqF', 13000000), ('13sT8jFfXQm9PqZUw8TXvcT7esjwwHM5Qa', 100000000), ('1oZzSxuDS8fg8K8LLvKEisowdQ8s11EiT', 8046900), ('1Q1WKrcqrUW47wgxq7Ta4enxaNnDXnqTWU', 150000000), ('1DE6RdVfSYL8dFtyBEfArdt51yBFmoRkTd', 10750000), ('1HBEqA8WZrseEDAYd6rcxQWitBnYjdYw2n', 18124908), ('1PJozWwVyJtetVSGzjfxESqEhgYZUvY5oh', 2215895), ('1AGBgELQy2iwv71g6iNTpXuJXDsXEcfBWE', 24971952), ('1cBTRRY2odpNRH5uhoBAPjwDh3GLNWbsU', 14000000), ('1PMtzRic9HVTgMVDNwFikBWSLwxEett4fu', 235370000), ('128hRi9uFmCvLSMbu7ZTgtRsBBc7uBWoMN', 55800000), ('1LZ27XEcL8Dz4Rnsyok35DwLZTQMfH2u48', 74800000), ('1E94zHaU5M22TrAK7FUQeXm5BP9EmP9RLx', 140000000), ('1BZkfqFHwdF5qBBYYUGkn6fTFV9RA6R1Un', 17486971), ('1arkuPGsP6d3LHdefFqr44WHvEGnQ8sPR', 3647109), ('14qsFXZiPN7x8X5YKXcyyPJry4H5fQ9q4G', 2005516), ('1JdLrH1N1ACjGyq42JEQetVcvJY5qW7QYr', 9950000), ('19wh1E2n1zDGMJejUSnNYAuSS4iPGorG1i', 67000000), ('19KedreX9aR64fN7tnNzVLVFHQAUL6dLzr', 200000000), ('1E94zHaU5M22TrAK7FUQeXm5BP9EmP9RLx', 133124588), ('187hxQ82s2jGMG6evGQWppMG5YaCdsd8rf', 85596786), ('19A8mj9FfW54v1X6wxvHnqS5qVthMT1RsJ', 300000000), ('1AFFEMkjyk2ZWMpyfcmn66R43dsAEkw8V1', 250000000), ('1NSrTSmFp3Ys8HUCEywvPb6GcpU2uwc4fQ', 8951357), ('1AGSjKVmpJ9VgyQ7iZgLbA5tjApLfkjnBa', 3124343), ('1HBWV5FDix62y6dHQqpvyZ8Dw29nNEZ3aT', 6600000), ('1BNihTJMurDHg8Uc9iTqNnnLoq6QRWdMeR', 11129542), ('12HsEZcwFXYUKQeNdmekGNS6iTcsTfahYK', 23468200), ('1E94zHaU5M22TrAK7FUQeXm5BP9EmP9RLx', 37599251), ('1LJFRSWkdP7VYvUrFuUakitxntMqkdU1bA', 9009381), ('1AFFEMkjyk2ZWMpyfcmn66R43dsAEkw8V1', 151000000), ('1DzJxVAy1DRUyMUqXKC6Rqgo7pprtH3wxe', 6316125), ('1JJD96A3CyRM4o5cMDtAi4taVWbJaEZ29U', 30000000), ('1PyFsGNyKKVrNUY72icHt5LSAu8Fp9Mti', 30333046), ('18cNZ2Xbh4ShQmuVAyJK99omERwH6tQPpL', 101146302), ('19ZFhzNW61VYB6RcTDd3p3Psnow5ctGS6K', 10643409), ('1MYhATB5BoRgp5o4edwpNr8uVauN4e7vjt', 67333947), ('1ETkseBzRA7oTfPtyh7nwG5kTX3zu1VL5p', 3495977), ('1PKdEaFUFX6rkFW7jH8e7dim8B6cYeYkED', 12800000), ('14BFFBNHLQ2nNGSRq394XBC5pE9ioY5YSY', 50000000), ('1JbrhR8VfiqbmjS4U2xeMBBnmijJkd7SeR', 5178212), ('1NQBi5qaU3BYV4bHyek2ataVWLrceptH31', 22610000), ('1LByBz1mvmwzQ8gcfZshFb44uZjyGBfUyQ', 3468459), ('19A8mj9FfW54v1X6wxvHnqS5qVthMT1RsJ', 300000000), ('1NxuVvuHatdTeZRW5EmEXhxUrPUQNrfGk3', 230000000), ('1NGgb6rDuLTU3Q46STDUMEePJXWGTiJTJV', 104000000), ('1MGa7zTgn9HEM7a4NR3UrVtfawPuU1zRij', 259430000), ('1FahKrDru8qzUwebHqRh8Zx2NbCG6cnm72', 200000000), ('1Aj31KmYRw89A8AdTebszu9HsaLwu7d9ar', 5980127), ('19jRk5Dc4raB4LXxZc9AB16enTGvYckog2', 300000000), ('1NCN3xmuvvZ3BaFNURUTF33tuTZKnaetR', 99970000), ('17cFVP9inwYVsj5UsWNE4LuzPtGGJWZuWJ', 110000000), ('1cBTRRY2odpNRH5uhoBAPjwDh3GLNWbsU', 13753057), ('16iH1ueVsjxvJ2Le8GzTBTefLRuGcdZz6V', 10000000), ('1JXJaasKwy1spcePPdMs3xQPGE7C4g9DHr', 2816946), ('19ci7XL3Lz36C3apfYJJkj4UfEc9NJg6NT', 9716320), ('19jRk5Dc4raB4LXxZc9AB16enTGvYckog2', 300000000), ('1PMtzRic9HVTgMVDNwFikBWSLwxEett4fu', 193780000), ('13xPhoi4i17A1y3HgyWjdThznWuD2Semdk', 10000000), ('13vqUXfB5YsXYwzMCBJJcu97RqbfJ3tTKh', 5301696), ('112vWXkiifjjt59ef3aPTMJM5pcAa7c4pk', 30599078), ('1LiE9qfcRjCGZXbbk842t4piQSkBs6Nhyf', 38500000), ('1LQLFiem5HDtjnPL92YeSU3pwvYxtBV8sT', 20619895), ('1Ks1nGsB6XH5egbnv8yugiBXAoXaCG7CUU', 16819523), ('1Lsju5pngPZnSieqgyQKhBqUbQxT1rNTD7', 274530000), ('1CSL67i9LpF5kTQUfUy7rc4u6uJ76142BH', 4582652), ('162R35Ye5oZPLRgQyo2FU8PPqe8yRwL4P4', 6638931), ('19A8mj9FfW54v1X6wxvHnqS5qVthMT1RsJ', 250000000), ('1HBxh4ypsMtrSC2cHBwCx3UPeNVgnDCZSi', 7899608), ('1Jv7qMY4DwWqnz2HJw5xkUVDcdfRrSPacj', 5470921), ('1PJozWwVyJtetVSGzjfxESqEhgYZUvY5oh', 18323033), ('17FDi6FByeu982fGXxmAtFnQyrD5Hinh4', 2956860), ('19KedreX9aR64fN7tnNzVLVFHQAUL6dLzr', 190000000), ('1P9VniSij8u1iDNxbU222tnSKWUtQoSq4c', 20000000), ('1DZd4zPks3g96wov8CnwW9sjv7wrDhj9RA', 17170000), ('187hxQ82s2jGMG6evGQWppMG5YaCdsd8rf', 20000000), ('18hu9NEwPxixdWT4EFkPje5w2fNdnF4ybg', 10000000), ('1N8ueWooKED21sooV5W2WQ46wts3dUjgBT', 160000000), ('195xSAe7g2eBC1fUJEnbfBAWv1f8oBqQsX', 18694440), ('1D5FyCyH9tQoBx2aCf3CVzfb6acbCN2Suh', 5500000), ('1AJD8tmuGSrPN7vr9viNYBTb1XX6xFSAVA', 104600000), ('19JuSXLXJ8VmmpBjFNvDt5zGpBQStmBGEx', 11839820), ('1CVFUseA1SPP1vRXXfqDx6tmcPWzPtagT1', 86400000), ('1BvPqXHPJehU38cLzv4KuWrqJMECyVH3kZ', 105000000), ('13LyJG61gumDsrF8FNF16x67tCwCpkFJT4', 3400000), ('1FZKy7et2aV2m2RAPfvGdJ1mtan7KyJcfS', 58760000), ('1M9TZHq9zvPB3peayiVBS2Fr7VYuRLptLa', 9022330), ('187hxQ82s2jGMG6evGQWppMG5YaCdsd8rf', 270000000), ('1Dm7iXtT5nLHWQiWaYMUMUs39ZkQz5eUzE', 2602219), ('1FHXy7zoaZiUZ1DNXv5uL8DukFzP1WnDde', 13504600), ('1LWdFra8nh2nHdzFTJtEvuL1Bijq7Nr8bp', 12276849), ('1JMq2PD5XhQVtELJQoi8FyxehcF68jxANV', 11722500), ('1BQ9xtVKkchWGUYwVycfykKzKop5iLDhKT', 4600000), ('16ksmZE4JxQ1vrtRLExjxk3ATjekg8QV4v', 195000000), ('1CriQGBgvp1k9kPgP9LWcKfJ7xu4gUaWzL', 27184157), ('14iEiaKMvUciLgZQJ4NS7KYg7roJwD7dbD', 4646300), ('1EQSzD4aw7UUTSwCboq1E4WyzEsneyPzmF', 3264759), ('1S3vYDCsmmzc1zfjqssDL4yaLFEYQCSzn', 34409196), ('1DLdpoAQoDiMQn195dGJx5qNPqv7YvHUx4', 14960000), ('1MAuu297HnLfnCpU3pZJFiLT8HryK3MwLV', 175368861), ('1JbrhR8VfiqbmjS4U2xeMBBnmijJkd7SeR', 79470000), ('17b3amTXiWHMF6fepDBBBnhTDjDEXbxa98', 69953020), ('1PNxgb7j48GcsuQHv7YgpLuzd9xUxqYGCr', 102043448), ('1De2Kzc3YfwyczLPDYbMCk6knMVhqzh3YR', 19000358), ('1FCNpx6uPPxcZMjDpho64ye8agk25hJK1v', 8566877), ('1LiE9qfcRjCGZXbbk842t4piQSkBs6Nhyf', 73663425), ('1As8UkJqwY3V1u3qLSjoqMoqsdUfTes8bQ', 19950000), ('1xurNzqn1ETavkZqxiuUCR6EQ7nNhULpZ', 3677368), ('18U7oX62bNBJHJiUxS3oBvPFfEd111VQAj', 5967110), ('16zwwMSZgVdERYErL4tPp3TcnT99vcbDyH', 4747417), ('1TGVpPQZSQAJes6RYt9rpPzHSXcgTxAUb', 15420000), ('1AFFEMkjyk2ZWMpyfcmn66R43dsAEkw8V1', 200000000), ('14pQyBVB1VjXb7kQGJcTizyVcTdWXtjJoz', 50000000), ('14cvNwKMfhjaahBfGvAbpHBWxvDcnLthU8', 4460000), ('1EgWJgRwup5aErP63HaBNL4Rj6zrGsau4q', 259432000), ('18rACFdZ26jmu9P4kHVjMzHkZfVDLDqa2V', 100000000), ('195xSAe7g2eBC1fUJEnbfBAWv1f8oBqQsX', 2528550), ('1CAjCooHE9nPy8KRqmAz4ZTzUPtZZMTqLN', 3220070), ('195xSAe7g2eBC1fUJEnbfBAWv1f8oBqQsX', 19405082), ('1AGBgELQy2iwv71g6iNTpXuJXDsXEcfBWE', 47225619), ('1xSEjfGqgxXkSzeG6MEVtfdjUuumEZqsB', 25000000), ('1JmEAp9gKtcHuwmjVrvDj3yz11tWYSf7QF', 233803912), ('1DjX85c5bw6pSWGTzmYvoVzByRUP32B1o8', 11128600), ('1EZ2dAkqTSsivYgqiMYXSVhPou28WvzFJi', 47000000), ('13gseFWqcxDJxRfeZZYKE22fxgrtLkXnxo', 9953464), ('1JYoHHatHmrfY4nJN6fy9WrxXvrfMASekz', 2774781), ('1SGxWjNoeDjdrEkPnh8WiXbNKDpBGVHvk', 100000000), ('1BY6Xn5DPWC4arzyR6dUSttcsyVULwaY9e', 7495000), ('1AFFEMkjyk2ZWMpyfcmn66R43dsAEkw8V1', 300000000), ('1PBaKqz5x6PE9HtY2mpcQPj5iLvhpMMtb5', 4799736), ('1PrWFnQ8ooCagVcxKUu87MeBFq41LL3yTm', 250000000), ('1JFAP7zyUJnXEqodrzZnoUMrJDyTr2s8uV', 2280778), ('1Byoc4Kxciya8Jnm8Lm9YAYa6pYc5FM7jn', 9259192), ('17NZqH8RtbgE2o9yygFGTmSJUd66KDHCDx', 200000000), ('1PMtzRic9HVTgMVDNwFikBWSLwxEett4fu', 194760000), ('128hvsnJKevS1JN4LfztCr74EzmktHLS6d', 2303452), ('17NYEzrpZrLofzJnDEj5VQ6pfDFzTEdjhx', 36544283), ('1DKmTK2ApWSkUQQRRLq2DvXes5NrGMdwMS', 3599843), ('1Mh3dKTjJyDCD2GXRF7itrqYSweBZ2REYf', 2843039), ('14pQyBVB1VjXb7kQGJcTizyVcTdWXtjJoz', 56000000), ('1Q8XQwGL3gxRWgto3H5cZmRDm3waDnz36B', 14600000), ('16wxxanaAMVSzpW2aFKfRHZKecW69nd2mS', 10976969), ('1CoUtYJT2GXt634cyiJFCXhLf95FK6EpoA', 277400000), ('16oLUD2cgv2pTXcJaXybSbXQ8f6Gdb1Z6C', 88000000), ('1MnnZrxmjMQ2kkyuZEEG38iFF9g8YmRx5M', 40000000), ('195xSAe7g2eBC1fUJEnbfBAWv1f8oBqQsX', 6712909), ('1FohnC48qDqkhdedP829wjVAdtY7T94ydw', 12656267), ('1BXg4h9HYUirhmWNf6pXTMFinh7oAq5Fgu', 35348270), ('1MdfHvKbtDqxf1JAJw2yytXb8oMQfwdvpq', 53074359), ('1PRFTJTxRo3e7Bby5YbTApPUkZU1Y38Ssh', 299990502), ('1Byoc4Kxciya8Jnm8Lm9YAYa6pYc5FM7jn', 4553663), ('1NdR9KZagXjCuQZ2Vhv9zvPenyp3RkYq3C', 250000000), ('1BPnwnHigt4eFbnH2GQwaKAGhVLzYvCtL6', 28000000), ('1AotsYu7cMiS6c9KM8dcT6mk1AQS8PmYxV', 227900000), ('1ARmgKFtH2h9xH3e9g7M37UiZLaya38yC2', 45217412), ('13diiQPaSnFoDuRDpBmZgEDZupMKQG6gnF', 4071000), ('1LiE9qfcRjCGZXbbk842t4piQSkBs6Nhyf', 59400000), ('1ypDYx8t2CBvSuf5Pbm5JqB67WqZPEXce', 18800000), ('1GA7byAD9E8Uhy5FnTbUrdUBvAnZa4hvDD', 22356000), ('1arkuPGsP6d3LHdefFqr44WHvEGnQ8sPR', 4554448), ('1Ly2QNR8KpaJYb5PTijgDbYgRvLsMUxsUM', 89898591), ('1LiE9qfcRjCGZXbbk842t4piQSkBs6Nhyf', 61500000), ('1GA7byAD9E8Uhy5FnTbUrdUBvAnZa4hvDD', 37283316), ('1NQBi5qaU3BYV4bHyek2ataVWLrceptH31', 9000000), ('13JmJPNmUdjVoxZ89JdaKPhtUSpqWTjZgC', 2000000), ('19LfGxp9Sme6RV6SwyNKFproFAKJZ1s6cK', 10187790), ('1BFFBiW5A9dsM4FUXxbYadA9MPxiYnTWZh', 4900000), ('1HMJdJLoLT4sGsHcbTUAHRaiUbUruVnaNa', 108550000), ('14C4NoaGR3VPNBpj33Pgj4uW9VbPTGY1be', 90547497), ('1Ly2QNR8KpaJYb5PTijgDbYgRvLsMUxsUM', 89611740), ('187hxQ82s2jGMG6evGQWppMG5YaCdsd8rf', 50000000), ('13LyJG61gumDsrF8FNF16x67tCwCpkFJT4', 7235230), ('1FekG7BjpDignqAv2xpBLAqjgDLCSwAqmm', 3896481), ('19YFxh7wbMXzSdA9ctfmijHrwoWqrQbStt', 2600000), ('1NxuVvuHatdTeZRW5EmEXhxUrPUQNrfGk3', 70000000), ('1CAieXGpeRpDdqDd2Mn11KbceC97Gvyov', 170000000), ('1JXJaasKwy1spcePPdMs3xQPGE7C4g9DHr', 4530696), ('19ZRdg3vDWwavZ54a3dR6T1aCCRrhKfYhT', 11642213), ('13xPhoi4i17A1y3HgyWjdThznWuD2Semdk', 290000000), ('12uLADGaTciYqEx1DwJyR558WN7uVxn3uU', 24000000), ('13mFjnNinDx8Amsq4Vo8a35QG1FBE7psPQ', 34312661), ('182EoCbJX36r54kx8PZ1kYLuyp231JCif6', 20385745)]","[('1CdfKiwTfwt4UqxnFJc45vruywiYpKGy4D', 15755901452)]"
7,de038e9987ddd4e7ed13bd8e50508f40615374142f5a5ad9ca14ec40a1bd4317,2020-09-21 07:30:02,"[('148rRinR1gNPy3Up9nSfKgMNW3f3sUi8un', 12460000), ('1KnSByyb2rQ1zPcna3UxBpWcyH84ZrUwdZ', 12232559), ('1Lhrp9i8APHLGiczGuP7D29Emb1uymRsex', 3708201), ('1E94zHaU5M22TrAK7FUQeXm5BP9EmP9RLx', 21875535), ('1HjBaxS39Qw7h2JuAsshp3boaFKnuQodbS', 27700000), ('1E383U6L2hQy1NKwiFkzC6qnGYALSEy95e', 7373000), ('187hxQ82s2jGMG6evGQWppMG5YaCdsd8rf', 240000000), ('1KJcpR3gbnJpSe1qeFF5Emjs9krrkcS7EY', 1637936), ('1MW8QJahh2YXovXpbhDcXAN8MEEL2AUn4n', 125000000), ('1LnoMtQ9XLhU2721H37LJU9Khd7rhijHVP', 5151200), ('14RpZpVKfCkM6LzQb79yJDWKiV5i76gha1', 3835171), ('1GqKeiGiFd7DdCusie47uR6SKsE2xvMHyV', 25966580), ('19N89YxezPGEuFrpy1G6F2r4VksXei7eKv', 1710348), ('14pF7obfjaXyJNCgu2Cr13TjvKxPv48Gur', 15670416), ('13eFwwCF8BnAWyFmS24NiN6huuCYnJEhg3', 8608950), ('1ELWdiQ3yKjt9sJhXGcB6xYmEfAZ1Xh63W', 40600000), ('1HF6g1xb58oKLbfTuoti9XQZbd84ZoooVU', 15150521), ('12ZPfaXGHFW5JQBs5f9WXonPyRmgj4i3iL', 220380000), ('16qeLuXdmWoEvdWKHb5YTTGJMkbeRnUDbG', 4712637), ('16J6u5HZMFAAuPCJAFcB7T4p2PxXLJC9cN', 1024621), ('1JLxm8goT9ioSZxUBbQrKhq6YvRjT3YsRV', 7438242), ('1McFBFL79nAc2Pozo4RhJueRLLGkG6tX44', 6534741), ('17nZHrK8DadaEYYMcrXrrBjAAtHDbekpsZ', 36002625), ('16xZAMf1TMEURhiFU2cd6Yo4JUrnk8pq3n', 22509169), ('19pmXQTfDmDHToJpjj8YDWUkzAPbyrwRx2', 300000000), ('18rLzaYAfqpNpWYrLJfsNJouRiu4Bi54b6', 16792235), ('1LyULDSuechcj2BeBcPLcuKEZWMbWVeYvP', 9428653), ('1JrDA311So6KTULcbzzKMnvnHgABXpowDx', 6692010), ('16NRiXtJ3NL9zNqzHUxqKDgBbfWaD7o8tm', 10603536), ('1562VWz15iSnmqXH85yBdH9E5Qx3fhbchw', 2571391), ('15tqFHzM3jrWkXQJT9Bvas9TqSDpdh2CxJ', 1289000), ('1EwtmRq6PBaHmVcuCrG74DXyazCm9a2oif', 1435960), ('17W5Y7Lhj6cosFguqxTt4DmGkmz4J3VG6N', 2186788), ('148rRinR1gNPy3Up9nSfKgMNW3f3sUi8un', 12480000), ('1PhQJXC41kBfPfzXWXW4Unj95HdqPtu4Rx', 73532655), ('1KQDTPTAfqsEwwTvZqUwYJz3H5H5ZZzjzk', 49995488), ('1Gvni68Ss93Z62HbsT1yaEiXmoVJarP6qA', 1401860), ('1DRkZpgesurHeF7qbgnDW7jmLkHzutAS1W', 1089879), ('1PDfjwd9rRbxCgvmWs2YkguccTFCN94LGQ', 138620007), ('12UHZ2UA6gMM7j3cBgnHedYELbj1E1hbL3', 1900000), ('1FahKrDru8qzUwebHqRh8Zx2NbCG6cnm72', 150000000), ('1AbRcRmJi7JexuV5TDiG9s19rsvLyZW9dU', 1004575), ('16cGMVYiNDaT43myT84s2UKzjPDCispqD6', 10000000), ('13HCppJNkBJsHLLvBNWZgcNuZZ743Ti6Qw', 3111500), ('195xSAe7g2eBC1fUJEnbfBAWv1f8oBqQsX', 35892690), ('1Az6iHypW7wuT1DGxX18Lcnm4P1jMZZaAY', 1968173), ('1NjUhFqBWUdMar99vYSGqd1aFJjReBrgbY', 10000000), ('1AAcr1o7Ux12p7HPaZpocUjSzTQGZP4ji7', 1468735), ('1C1ATbLY1iiMV2DfnyFdPmGBN6SSfcdhPs', 1007266), ('1CFnEbQZwwLUsGnYqWWoZL2UGHFMmrNBwf', 1006117), ('1AppKggeamQycedgkRpR4w9za9gQjKU3aQ', 5500000), ('16w1TttTSeQnwshNdqZ51tVVSovwLsiiz8', 4148000), ('1SE71smYjQw4Dd6CpfQ1RniVZusXviAhW', 14010000), ('1BPNgC29CayGxfcVnZDJbKXoCWg9pfgwAA', 1937537), ('1BzLxhdTf9MAJKaoXyaoBafhTCG4z5eVwM', 1000000), ('1EigUWRUp9ZNUcJ52ahL8NWHqFveGFPQxK', 6686339), ('1KUVgWvmnj1m1USHc2M1AQNoPtQQkrBM3m', 1005229), ('1LaCFistuCjggWEgg4h7nPZ4i8Ktwzs8dr', 4640000), ('19cL4Y4enrsZTPrEdYLHxFoDWBqHkgW4j6', 200000000), ('1DxuNttpXv8wWroLV5cnqz8ieHHBEZYG8d', 1360000), ('15fHyTCTRHESN1znM4Kund1xC6SfQxSGVp', 13441989), ('18qkguU35HkhmRpj1EB5v1ZMC5XURDT2CE', 2182934), ('17NcBcF1MTe85KrEhNG1q9vS79AxahJVSx', 50000000), ('18n7tUCRmF3YrQYMRG48MGAqCA4WVAS2kq', 1240122), ('1PDfjwd9rRbxCgvmWs2YkguccTFCN94LGQ', 136471822), ('1EixMhS83gzUGjHyd35hbWsW6byEQ7UhTp', 6983600), ('19pfPtEHuguRXEuD2LsPwBiqaWu5VzVxBC', 1000000), ('1NxuVvuHatdTeZRW5EmEXhxUrPUQNrfGk3', 250000000), ('1DZKJAZ2v6gP1Bqjdc5TzTizKg3H4yhKLj', 87520915), ('1Lhrp9i8APHLGiczGuP7D29Emb1uymRsex', 2942634), ('1MzXFcuMa4L1iDc6bvVAZQ48rkVYV7xA6i', 205100000), ('1D9GwABbG84tK7ww9rNaiUpiaCpFexj7Yd', 84000000), ('1E7Lckz6jzMbK5EvcjCi3ESEvSmnmXv5WT', 1239562), ('16psSsWw2DfzhZM6xiSK6GFVuw5ATTy5yg', 27323910), ('18wm7jb5hwN8HRNFVCTcKKXQ5nTBLgBstz', 1009973), ('15T4RhSQCjy57wm3u63VkaL7jqcaabq1u1', 5495410), ('1GdBQZB5pEFQkk8DboQRXX8PPMfrZgLyZm', 1003763), ('1B14vqcWrahUcZoRLXwWMmf93XnCDgaqt', 30000000), ('1BAEtdst5Pa7CE3V4Zgbe6j4W6SMAjbYjD', 2816491), ('142QyxaosNXLHHzdieqLeiLuFB83jCSdoZ', 1322087), ('1CkLdGQ7YK2BSDTTWCNdGPbju52fwow7FB', 1144683), ('1MYhATB5BoRgp5o4edwpNr8uVauN4e7vjt', 33073229), ('14pQyBVB1VjXb7kQGJcTizyVcTdWXtjJoz', 290000000), ('1JbrhR8VfiqbmjS4U2xeMBBnmijJkd7SeR', 171210000), ('12JssJD2rBpZ2Bf4c7LpgJjKPpw5htaawx', 2939000), ('1LgmEUDjtLytG3Bngwq1Z4nrUza1MaewFH', 259530000), ('1J7zpaH8jkjiVfK6CnNLSjcpeP44asX2zd', 1412887), ('17PoA3tbBK9McVGpH4oyxHGfwvWWtZrJEt', 299972055), ('1arkuPGsP6d3LHdefFqr44WHvEGnQ8sPR', 3213338), ('1HBxh4ypsMtrSC2cHBwCx3UPeNVgnDCZSi', 4200000), ('15Rh66m3342BiL9FGGMDTQh2zoDkCHK79Z', 1984148), ('1E94zHaU5M22TrAK7FUQeXm5BP9EmP9RLx', 56142195), ('1MW58HfNYrDefz7RH6CDWURpDrd6y16BQz', 1005312), ('1ETCKkxcYbX91QkSp9pqM5ttghf5K79tme', 1141921), ('13LyJG61gumDsrF8FNF16x67tCwCpkFJT4', 11162483), ('1KbjD1fkBhFY5NVMa3QRgmvQjgY3VwCFk5', 1008872), ('1VF7T74hVXBiABUFsDsxCSYVTiXyZgrc6', 14229299), ('1Ni4eXbvcUCpNQSR9Jaoin4rf8Fn59zY2b', 11700000), ('1KvUv5TwLThDnStm9NkCDTCNP1SkFLG3UJ', 2669632), ('16x8vimjQtpjg52p8JZeKorHoY1Dtzv3iu', 1008012), ('1PDfjwd9rRbxCgvmWs2YkguccTFCN94LGQ', 150000000), ('1EdjcFzWzsmUyUuBHxQkFBMxbVPVYj1iLT', 15430000), ('1KaAkzWXGddR8qyKeWQ95ANh5VtfkT7483', 1838009), ('1AvMQazdtwG93wWwXqxboSPHDoyE7M8A8Q', 5373329), ('17Nc4nKMXqzMryfYiiK1ZPs3G8P7j1L4fP', 1134002), ('16u5uixMK46NYMJmRanLYPQNS7Z9TuYKTg', 1123443), ('18KS5ekdUwqPqkkeAastnRENK5xt3NksU8', 1121358), ('1NWpwPUeqUdmXe7zQay2c3phzQeXiEnKjs', 2431738), ('1KxFSWsWZXSxmSWNesRTPfnBWcb82AsP1L', 1103650), ('148eLRuU5EmVTuk3Wb6EfuQboPWEHW4ZqB', 1000000), ('14K1ef1d9zmWMVTvAcTc6YgPAB2Vd2nSRb', 20100000), ('1AwTEqKHY2ZkC4nwvb9LtX3Z2RJ5rmPY3K', 29000000), ('1M88UG89wyGdUZbYGhNWWx8F9CV43DCBjE', 45000000), ('1Em2ss6hEZDqLM6uwUf3TmTF3YSd8AdWou', 1004247), ('19yezAxPpp8mNG54cT641MiJTTSLmmDoHM', 1002560), ('137AX8mK2PVficFWaH94rxXdSayvShwVdj', 9255041), ('1GUt1xTQEnAcrhcDBQNeL9e3GdBvJ2Apzj', 38633389), ('19shxFdAS8dmDXiKdGqdcAwsDmam1BLgaf', 2230000), ('1Cbeh4Yhm1Pq92JJGgcNE2Ci83cbi384B8', 1006924), ('1MfEujWRQpvsVFRT5JGKBTxhveSL9sCrA6', 1008929), ('1GD2yPnkjJvaBejYKoLntKnk2sRHBBoZy4', 12000000), ('14i7A7hYQW2SwHPpmkMAHszjFaeSm2xG2D', 2025700), ('14baUAQckuRvdsjwEXgtuwJqw8K76ARBQu', 47970000), ('14ktSoLsgcbdNJLcZ9ndjmvTbr784dB3KR', 1372385), ('1Gfz6WEy1emeUxCixVrjQmovjWmC8pNik2', 4563083), ('1FnXczGg5kRfowyKshakrNYx67vAZTq2ft', 2039910), ('1FukFob5TyyzKmu99WEqKSuhymUQuh4i1p', 4583846), ('1LVyaQGHMuqMUzYA7bJn9i3TyfrXeXxf7q', 1011538), ('1G5zGZEmuPDcYJfSphYbPFJ9JavWPfmLMj', 1799763), ('195xSAe7g2eBC1fUJEnbfBAWv1f8oBqQsX', 45660000), ('1NxM3f9NNmRrpwVdPw3thzpu9xdPLVqni4', 7163535), ('1N1LUR7V7NQirUZVth9uBwbvphGCV7F4yJ', 2910000), ('1H7A7JzChg7KzgQPJ8oHQT1prCSgcBftXa', 167570000), ('1FBQCSsG37dqe1FvcMzTmiwQjfpAnVSav5', 14745511), ('1F7pXS7rgbo8UiizZDUNajGr4GpsMTU2Gh', 2464625), ('17pXe5gAhSy9aaagKDP9dYVXhbjP4onuAN', 4835920), ('19XjRBnX3xxxL13Htyac5zKDh3LtK5G2bA', 21717628), ('17uQk5Qu5HRdoSMAzZWvghE1u3rMSNuftD', 9160000), ('1FahKrDru8qzUwebHqRh8Zx2NbCG6cnm72', 247500000), ('1BfuoowCzWHRvpn4LJjusUWYsDZ7QV1nAY', 10572433), ('1HNsG427WEQ9ncLyFAVmrZtRRAGuSE2Haf', 43120000), ('1GTsPz6QfNAyBMM92DRxE7TDrsGPPcpsmY', 40369610), ('16DXBTt17e1WGZ2GA4jLSYbKvdd4trezUi', 32300800), ('134Z3Ts77tVBNi7SvRtPRgSWYUrVMucu6T', 33000000), ('14xx3HrjjKgzcABFEh6vDZFSNpkzPscwbQ', 17286805), ('1Chc5pxNqQqQUzzc95wSoLWks4uTxqXDQk', 1031494), ('1JbrhR8VfiqbmjS4U2xeMBBnmijJkd7SeR', 43000000), ('19PaaCGTEJbGTTnMCbBNGhYPULCwjXBj19', 51207927), ('1DGu2mgSpLsX56nNokwBLBkqmPdN8BJmJB', 10687312), ('19pmXQTfDmDHToJpjj8YDWUkzAPbyrwRx2', 23000000), ('195xSAe7g2eBC1fUJEnbfBAWv1f8oBqQsX', 9137000), ('1HN4Zxk1hvEF8cBkmh2N4MQDVFDfp1sUoi', 1464427), ('1CS9aoLfHdhLwsUQP5hksc2fwKMzq5VF4N', 63491488), ('121CJEVoW75EiQgjquApG1Dfd48krSc7Ld', 6020000), ('12P6dvQqhhBBqX3pGVPvZ6TmRgXJH1bEqv', 1232676), ('1NvoPMwFGntf4sW4Q51c5L6Pj9WbcfHok5', 1023361), ('1PKdEaFUFX6rkFW7jH8e7dim8B6cYeYkED', 7949892), ('13FNFo68Gwgjts7b1h4PYTpjYKbk7TGbEu', 3279335), ('195xSAe7g2eBC1fUJEnbfBAWv1f8oBqQsX', 4510740), ('1JrvkN62FdE3BZPHHafu8X8ejiJaZ4Q1N2', 53160030), ('195xSAe7g2eBC1fUJEnbfBAWv1f8oBqQsX', 21018460), ('12239ueyCJeBotUYy2kgixLFb52xjiWS6T', 42318000), ('1sQtMkGiqfknZ97o2FLFTe51Rd41NQD6c', 55844068), ('12DQoS79zHC444CdU1xdR3NvGeC4HwA3h5', 7356264), ('12tkuURFLCdkG8cXezP4HXZ8W44r49nWDt', 27367100), ('1PDfjwd9rRbxCgvmWs2YkguccTFCN94LGQ', 150000000), ('1NWM8yBwRsLhyXJkMm7EaPR3QEvoc14wmD', 4767601), ('1MULQSRa2qm9NNo4CfQNtnHcv2gMKZUdyi', 2899144), ('1AURcxum9wmvRJzYpsofwRMctoX2M3vo7m', 3313087), ('1HdxKWaoYscSYH2jzTNjfxctfv2bRsKZoB', 1871867), ('189uzVjxZBvBBcswk1Rh2uw9Q2V7Gwb2mT', 1008331), ('1MxxdFzx4ZzJauCJ5MZm4WcJTHa7HaqnRG', 6177300), ('1NdR9KZagXjCuQZ2Vhv9zvPenyp3RkYq3C', 50000000), ('1Lhrp9i8APHLGiczGuP7D29Emb1uymRsex', 3580722), ('1FFiirhgjfXzcbDc5pqPzYgCdDEV1aRGQc', 10008415), ('1J8DgpDiQ4ZQUgaedH5Nc8NfkfGFJyR748', 5388477), ('1CJEdZJpsi6ceSdmgmxuktoZNGsAxeLjtw', 210000000), ('1AB3qYzzqEeZh4rNCPsgPg2ktMTMhVPP4L', 74695761), ('1EKBXhm7ULUmf4oVEq6HebwnFhwGY9WRY3', 1938012), ('1LnoMtQ9XLhU2721H37LJU9Khd7rhijHVP', 3201900), ('1Gx8Xx1upzBxKEsoR2EMyQ5amAhm1C3VTy', 114859488), ('1A2KunTBVcJNiZKBS74yjJkuhrvMjr9n8u', 5347382), ('1biU2QrEauqqtYw6ZwhvCmV7rKK7PuVNV', 1475704), ('18gSjGTFAZY3Kj4dWeejA9gkGEWBoYUEcw', 43822173), ('1PDfjwd9rRbxCgvmWs2YkguccTFCN94LGQ', 200000000), ('1MWh4jK1QWWUSKFEij4eiFoPXEUMxnLKnQ', 2694827), ('1Ch8qEC4qYeRCKqeg9FjvE2o8gL89VjLAY', 1752913), ('1oXk32McBJgJWmTBpbTvj3Z291aHY32RL', 1773059), ('1PMtzRic9HVTgMVDNwFikBWSLwxEett4fu', 198690000), ('1HSQypsm6kuSVcrLsCJ8EWDCDKDascCX14', 5876304), ('1PjX6Y2rhxbNa6JH5zogv2YebUdVvpzewc', 1637936), ('1LuEeZ56nJWYKcLSJnHi4MZNW5s5XzHZ5R', 2983370), ('1Eqf33Sw4oojP8uoLqpqenHSWpFXAxtx6k', 1002023), ('13FUgsPNTtKJUroNyznRbcmuUVbVh7A4MV', 50000000), ('1DLKpQGug2577askX2USiVpbG1N1sVPw1p', 2112360), ('13SQ6b2Gnh2ngNapU6Z6yTWsQUBzmpxDQ2', 1000000), ('18NJrk3ngTcrQWmCC1HnA4YNnhLRLHS6s5', 3132562), ('15Sm3bftm97PndsYNtLeLbTsCEx1Z8R7wQ', 134004672), ('1D2bVWF1W5uCFra1ek4WxdDPwgz9GcWZCh', 85000000), ('19DFcF3JvJUeSKhjjmxsEoBedRq7rA27Pz', 1000000), ('1NoxdutNovK5zqzCmXPCzT9EZtJVABmW4s', 1293000), ('12ojmH26SDzU6PYFvRsGQPxuQ6MtxS89Mo', 3426923), ('17BvvyxgCEyfoakvZFwaBSyjAxbH4waxzY', 198929333), ('1FCNpx6uPPxcZMjDpho64ye8agk25hJK1v', 9387400), ('1NdR9KZagXjCuQZ2Vhv9zvPenyp3RkYq3C', 95942471), ('1Fu7g2rptMmrumAoV8UcdJfGqgGazzTYvY', 11145163), ('17wwfNizHn9JG2wB69xboKEahy3tPQ98GF', 20000000), ('143oTLzohYXYSQeeDgcunL35sbbQiwUP9D', 7478176), ('1JTBcMbEtorqn4HWLpS6NJfiMG2uKipyK1', 1528454), ('1MnjSeVVb2NSsUiJ7C4VDsU1Z1AFAot8qw', 1005111), ('14qEAoidt6JWgYsFYbZQ9ahG55duQHgrAR', 109100800), ('15CqpD4UTgzCQdRYywkAmrJdeN9rYwnMEb', 79378741), ('1AmKBjBppo5jM1s37xx9uRCirmWeQFMxX1', 206674221), ('1GfrKXFnj72yUKj5Rj4ynCjzVEqncon9Xx', 7568803), ('1KH2ttKjr1AJhjkW8ZpjzeRPWmaRp8bCKS', 3852729), ('195xSAe7g2eBC1fUJEnbfBAWv1f8oBqQsX', 8546806), ('1EVz54hZCHgaJv74n7dmGawzpfzPZ5cVq', 1035177), ('19tB2oAd2Z8eCgHp1imPcrtzDWyDCNhdii', 1661408), ('1NZ9EHnUPLmLp6gRrxoEDMcjoaYLgcqKSE', 73320790), ('1GzAEixVGWZxcorYUyyya1XkEMH8smD23f', 16000000), ('1FEd6Tu5x5DYcgCExdWumN8X5ih9U28i7f', 20755800), ('148rRinR1gNPy3Up9nSfKgMNW3f3sUi8un', 12490000), ('1PRnP2tYSJ5zTVv7VH6ov5cH3VyjV3bc9W', 10738819), ('15Y3hGXmRc1nKFxrphr9pZDEiLz2JiU5Jx', 1000000), ('1NjtowJsm1LVxehD3MUagTujCf3ogzsNwv', 59996000), ('187hxQ82s2jGMG6evGQWppMG5YaCdsd8rf', 200000000), ('12Ziq25zGNoQvCWwD1wkuuQwDz1SFqGavv', 9360000), ('1QKVuMqntadu2NNLSfuXEMvje1Zyoa6HEy', 1146485), ('1PKdEaFUFX6rkFW7jH8e7dim8B6cYeYkED', 10409320), ('1FpR8kPFgKePmvSR3Mbs9K7Y5YeEvaXNij', 1230000), ('1BUNg9S3rSgyX6KdtF8b1wGWEJFh12uoYo', 68625756), ('16zAt3XYXYTPJHwQBrQKq2NGMtswjp4ZAb', 13300046), ('1GbpcHavPV4EWMPRc6D1y8aJHC4RR8XFMX', 59189530), ('1dcSMLtFE1iVurJ84qtEvMAJg4GegYwTp', 38000000), ('1GcABVX9hNcDk3VS6L5YE6A64T6TK9YKWX', 9500000), ('1C9tLUaqRmvbLrpWPP8jLJHS9MVdnsrexi', 10950194), ('1DLKpQGug2577askX2USiVpbG1N1sVPw1p', 1491660), ('1FAnAgUyT2JhkwMgNf9Bv8kS8Tvc1YgTDR', 1620000), ('1FxCQbp2YLqLMG9q2FxYhHjp43KbcKGAL7', 1008222), ('19JtX88GZj9vxK5tX3XKP8XaqwEvHDJoF3', 1109000)]","[('1MEe2mebed8wopvy8xyjjHcEQHUPVJn2UC', 8346558246)]"
8,f36a7b7ab5ef84b5d834420e19e5ca0cfe66189c0b5c4231e4cafaeb4ffbedbb,2020-09-15 06:30:07,"[('1168Hs56T1yx6VMaG8Dwc1P3utfV8YdyNo', 1262424), ('15gArRDQVjpbaNe1KMoChudsZ735zQ6qFi', 17917269), ('1AotsYu7cMiS6c9KM8dcT6mk1AQS8PmYxV', 251000000), ('195xSAe7g2eBC1fUJEnbfBAWv1f8oBqQsX', 8191308), ('17oQpzitBPiwGCdFsJ8vHYJJdUcP5e54n7', 1834414), ('1MA966DmKV5y36WrT2DhSW9yeLA8ptTv9C', 61061000), ('1K71KryB9TQ6toRKQ69uSacDGCBuEMRLcP', 1236471), ('1M3sXJiKvky6rbrFtX5VDMzcp2A3Z5AHEj', 4432572), ('1E4v89kKuhBdnbqWcqegDpMvMM2dhwNH2K', 1157688), ('15DXL1KvvUZbhtejBaR3AqcRjcLEsacwKZ', 9986559), ('1NujffU8SdLP9Jxqrextr3WJScnV5YreUq', 5691887), ('1PfcQYdituXNopWeVsP1QozUypzSYiVAPs', 1326000), ('195xSAe7g2eBC1fUJEnbfBAWv1f8oBqQsX', 10723289), ('1PF8754NY72DcVftdRtPPg5SjtNWCdczqg', 1344202), ('14neE7pDq8jaXtPWPZGwFuHdtryWgZFqac', 1479595), ('1arkuPGsP6d3LHdefFqr44WHvEGnQ8sPR', 2050779), ('1A9M8jzAxi3MyKmrizQiv5u81Sb47NaMfv', 1464175), ('18G7rBSHB9jBPCRztnKZrugtsK15RBFHXC', 108509443), ('1F5YqQif5daCM2KzmUSBYjvgiFPFSiaBFQ', 110164000), ('15fZBzpRFg4SdYJEPnDmYmmVLWMaAy3Bzu', 2326000), ('1QFRrArUw78jVw2ZBXBFquyBEmgXrDSLCi', 6141047), ('1JPDtye6Wj3voZ2SEBBzFA6VSzEmqYRQkB', 1350904), ('1GKGDviTYwjZfTvRnYeHoq9S5dH9Z7rVFM', 1400000), ('1JSwHJNkCWyAk6KbwWHAry53GXb5kAeybH', 192563420), ('1G3FaDgmemDw416ZKwLdg8CBxTpAQprCuL', 4510780), ('14vCzvu7qcHaQKSL8wZ1GNJEFzaaUesB4T', 1522775), ('18DcQG9fb6BYRcLsa2ajr9bWQBhYr5KXCp', 1390000), ('19oopuKXvnPdVT1tDiDckpFpi7VwTbGM5u', 1081484), ('1Ed8SctUmp8wpj138deMd9B79Cacasgbah', 1197879), ('1PeJjJSC6Vzrx1CJQ9yPViJbBdDFfrjUtF', 1076767), ('1C5toE1cGRzwLK1eYkibFKYpfgAAHfMLf3', 1508030), ('1Q7c7z9n9gEN76aRTPwVBbz3iXE3aSBscU', 1468619), ('1FCNpx6uPPxcZMjDpho64ye8agk25hJK1v', 9174755), ('1LgmEUDjtLytG3Bngwq1Z4nrUza1MaewFH', 211500000), ('12hzZE7dw4p2qPRJxxZ96cg24qzi4ZXYg9', 1457383), ('1A8oqD9GsN6juATrVyS1q9MsNzVHc6Erf1', 1246103), ('1M6iW6mhuV5vW6NRyPmCYEWxvxFnfiWHAH', 200000000), ('1CSoxVTqBjVZQ5MT45gYx9CxjHpCUBq9Fa', 15000000), ('142NjhVW1X26zmsHHSAKatiLTG2ftL9jaN', 218600000), ('1GUeYbfhfKo5JYr6McWpVECn95GwdVitjR', 1789597), ('1HpCWJQW9rrLQrp3MbpzMJmVmWfPXXh23V', 80000000), ('1Lhrp9i8APHLGiczGuP7D29Emb1uymRsex', 4222176), ('13FG4W8p5Lf8Cg5bnK9NTKG5DToJKLTeLU', 4477123), ('15ewjVNPGoH5nWrZWJAEDr9dkAQ7uJ2coa', 1276698), ('19V79AFRhDueMAULSWf2gCpZvzwDPUTnEq', 1355070), ('1D2bVWF1W5uCFra1ek4WxdDPwgz9GcWZCh', 70000000), ('1FApQgJFt72KvjbDjCRy2gJPZh6EnzWbWe', 1595673), ('1Dpv4be8rxh1tkgWXaSpT4V794yfVSUmvp', 112000000), ('1NnwU2wqppE4f7cjHPHRh79kF6UDMcwGzB', 50000000), ('1ETkseBzRA7oTfPtyh7nwG5kTX3zu1VL5p', 3877136), ('15cydRad2LavVehyHiodmECgsTpDXuJ9ho', 32300000), ('1DWEDKuYQNMNTouKzGJxPPVZLE5nRWLxFH', 2623744), ('1EVAzbFWaJeirUcCHEEbuwYGSjDoiGDETT', 38300000), ('19FfHWCiHm2yf3uTTv9fdePhuUfP25YXtH', 28017880), ('19EKhHTzZLmiaigLtCihvPVA8eYQEThYuS', 11645884), ('13i5cmGUQxJf6pqENcSGappmThRrS8HsNV', 11197184), ('1DmH6cwBvpdmEb2BpE9zSxKSDYT6v9UJm7', 1284767), ('1BoQ8DoVQKMaZtsdxT1meDRakiPSZLNzP9', 36148406), ('1QARH1xhy86DDSLRDt4KxpjEQroZbrbkV6', 1079711), ('16q61W8jfDDQQrD7KdF2BSitXB46wmLAbY', 1271196), ('1LhvmDzfpmFaYvmoiHmQjHrP4eACrUPjHA', 1366273), ('14hzzj53FV8QxPpjd9JiLUnQM8Q9N4PT75', 130690258), ('1Chc5pxNqQqQUzzc95wSoLWks4uTxqXDQk', 1275321), ('1cn9hLnBGRz2saHCw34qjyTguLGihjz1d', 1370136), ('1E9LvMjoFNcdKNHzAWsGUVZRDF9KdjCoqC', 3609907), ('1GFh7YhVZcM4zeg94zr1uNDQiNM4cEAZvZ', 1071483), ('149QE99RtJXe9BH7fCzXhVpK67ku9wcW8f', 141000000), ('1K9n4heWMvGi7uxACAJmVTCo7Vc882TP5V', 43867790), ('12TNqdeQUjx5tYQUz7BSMQSLfDkvvsvydC', 40270326), ('1KkzKtbCPmwU2tPs194NzUFgQEQX4VTBe3', 3397227), ('1FoLsoyo7YcxqbEVKBkN2RdYjHq4gsRvYJ', 33260000), ('1ATULi3rBm97V4PKyw2cStDscGKyEBjqug', 1725828), ('1LgoLJxrraH2s7gchcPCuUi9R88cttHegD', 1375290), ('1Ks2qTMheK6NyZTMpYunQ3QFs5QRcnShnK', 1514440), ('1Lxgs6F5w6pRsFvyugP2utpsbNjsnwSMNj', 1219300), ('1KufJa3QWypEfftvQJ1vt8GT2vWxka6aAN', 1242410), ('1RVQ7mfdqwm9L1ZKNRHJCpr8WAsq2qG97', 2076000), ('19DWnJH2t9wWHU5h2pVShGJqpx6TrdZpfs', 5152880), ('1FoFuZXrEViTkP4HNoFkNGtSJideMZrheS', 1673615), ('1HMJdJLoLT4sGsHcbTUAHRaiUbUruVnaNa', 80960000), ('14rJdzrSuryZDymiY2XCTbdn5j3PWNG8nt', 27040000), ('1Lsju5pngPZnSieqgyQKhBqUbQxT1rNTD7', 186330000), ('1LdvasokiJ24NnTMmBXmkLo8eDDsDMEwzW', 149375812), ('1AdvQPbY5Eg8BBNXWVoYm51FzcdhYCdVqg', 1108971), ('1ARKUkuNe1dpapoUR6189vHyVbmb5JcwDH', 1472680), ('1P1PCqAiru7VMA3W17fTQWSGu161sRuS7a', 17502339), ('18ancPGqhMUiAzK63HKfX5WWJkmEZorwyF', 74000000), ('12ELUeZvgybMjiaPnY8eGJ58XzXdU5Ee88', 19935488), ('14Yr2K51UBF27x1zgPT2io2SG4xj5SuPSz', 1690390), ('1BtFuKDn9YpmbZL399dqJn81XymoXoSBHz', 1471253), ('13sYdnLysZVUt1dmqimc96L4QQhQg5i8qi', 204800000), ('1MCvcnpuuEDhGAJYbYzeguTLJaei6gTtcM', 1263058), ('1LdvasokiJ24NnTMmBXmkLo8eDDsDMEwzW', 146101660), ('14i7A7hYQW2SwHPpmkMAHszjFaeSm2xG2D', 3694400), ('17BWqnEssbQFdn7K6M7Aw6auaKTSSVWtWj', 4171682), ('1Lhrp9i8APHLGiczGuP7D29Emb1uymRsex', 3814822), ('1MqYHtKCnS4oX93peqw7LJqVP9JDGatYmj', 4500000), ('1PJ2QjCYmpb9oVyZq5uUv7CoMguFQKv2GE', 4011034), ('1PDZGe5mkCqyd2kSShGPMBs8E1tMiYaZrt', 1407686), ('14yGpSV5CugmbAobgCcQhJxQZZzQrSNXGf', 1079400), ('1EoEUAK4TTVEc7eG46yEx3Eqm7MLK4n44B', 1225657), ('1PH7nc5WLYpGA3QTVEuj3FSyLchce5cip3', 3111227), ('1KKrLCBi6RiLigf7Je1KPWwwe6pzx6Ajd2', 5112657), ('16bkc3Yhw6LciRhbYT6DR962j2guMKFnoa', 232061767), ('1N9J7eCsZCBoHA421sTCGDyfc4nnrTLJYY', 1310000), ('1PyXcKHnu6VmWsrYNDfMcVssiGitfr4pkX', 1247254), ('1EsXg3tFj8sgM8EpAjiaxtLzbEPpsv124B', 40950000), ('1Fct63yKJaYhuD3hANbDExeC1vMiqcMCvu', 2776959), ('1EvDhcJ66NsgbdQTsZvoJKSkAjpTASTZ4v', 32980000), ('1E1jN8nw9dGt48JZJEJiDXMTjj4b4tPr78', 1410000), ('1MHxqU1FPqJ4cgPaLRb5RwUaxzjJxZHFkp', 92812330), ('1E7KCGPR2FdYcWbHvs4KxnKhzzbW7YMkCX', 1623720), ('17WHnCn8Bov9jenTVghnkvU7tSmFKzdnfK', 2328365), ('13SMe9nhvnKsFDWDqCtcDjBwKZaHGEppxZ', 1147000), ('1LPujVfepLdyW5ZgHYWmUwdBA2Agd5Dvw1', 1222522), ('16bj7pCVqwUS8AVtaSr2pUzg4EtZWb6Sy5', 1532200), ('13UGxyU9Vg9xjMdPXRMKLRvbmdQWNZdKXN', 40000000), ('1Jm4PeToDqmQSwEF6yx1NjNf1mseyGcGdy', 1222400), ('1ATULi3rBm97V4PKyw2cStDscGKyEBjqug', 1728976), ('1PMtzRic9HVTgMVDNwFikBWSLwxEett4fu', 166000000), ('1Gqn2EPBTUhWPVUyRLAWuyFgm2xwC6qRGn', 1383000), ('1HakUGigybknXi6wmqp2bafHFAv2EzSEgG', 90000000), ('1DfmGuEBhWi9R5LATkBrLRqFh58sWUA6pr', 4558993), ('1NdR9KZagXjCuQZ2Vhv9zvPenyp3RkYq3C', 5300000), ('17VhCYnbC6TJYSWB9FjTEJgV3Xvtm7RejS', 125015776), ('1D4yWENZ3esuDQCHqtey5rtXfZ3Rj7YSb1', 54024052), ('181xSMKb9XoKQLu7yBZYRhBeXWe3NuHSAZ', 3889000), ('1NdR9KZagXjCuQZ2Vhv9zvPenyp3RkYq3C', 43300000), ('13n3Fe56f9q9Gvy1WQzuyrE2Qr69oywqNX', 8552796), ('1GThpmWdyjZVGyVrNQ2qSE2NnyqLmsimRR', 1164121), ('14eenYzFWZcjnYDBXBd5czDExGpsUJBSaq', 60000000), ('18qFXx3EGPvRnmqty7aTjbtp8XPLCCtQCL', 300000000), ('1Comj91JYA4xDjqdSC4Zz7Mu8zVBgWTkWs', 12005632), ('1Lhrp9i8APHLGiczGuP7D29Emb1uymRsex', 3214969), ('1NK4h77LLJe5Uor1zrQeEhzMUCxud72sm3', 1580000), ('1DMyQ6HddrHzj97mGRtMK2852DaQk93hvX', 1160963), ('1PkvpfpMyJNMA3nuruUPkU48t7UYJt14R3', 1514431), ('125NHBnBiqXDhcAYg6QQHQ4zyWidVsM4wq', 27949000), ('18DcQG9fb6BYRcLsa2ajr9bWQBhYr5KXCp', 1102000), ('1NdR9KZagXjCuQZ2Vhv9zvPenyp3RkYq3C', 100000000), ('1HGBbFMHVS3qo6cJN1tjaS9RT8JVZsPL68', 4362400), ('19FfHWCiHm2yf3uTTv9fdePhuUfP25YXtH', 9753437), ('1JbrhR8VfiqbmjS4U2xeMBBnmijJkd7SeR', 54932821), ('1EoBNrYMJ6SK8bxmuuBNExFjy84bNoxtry', 6065354), ('19EKhHTzZLmiaigLtCihvPVA8eYQEThYuS', 1321201), ('14H7v7mD5UtAXhYarHke4TApti2YVUSUYZ', 17762509), ('1LdvasokiJ24NnTMmBXmkLo8eDDsDMEwzW', 155197327), ('1Jnb3bYi5PNP8cK7BDV42BGXGrfoG83aQf', 4000000), ('1CpGH7dSDH1AaSNd9i7jSPCmrUFiXRrFdn', 1122000), ('182EoCbJX36r54kx8PZ1kYLuyp231JCif6', 22448922), ('145H1kWtMAmqkiasKuLL5wgbNHPYkcnX4f', 1103488), ('1J71FNqUmYXNujyigwAyTiLCG9fX2wXMn7', 1582510), ('19Xa4TeVpHrDZNXak5jyFAcWvoaRvY9B7i', 1426800), ('1Q5c7N57hMnS2vPP4T5XKQoyPX9SrUy3te', 10000000), ('1MT3w7BsmeZogMzFtXtdtHtukFbeVJ7D4N', 1364625), ('1GdZ5UXbQKfyaujLFByvwLoDy5Sjxgxupm', 36243184), ('16oDpKWXV5MdbjAZoeBCLSsJqK31w75p3Y', 17339617), ('1LgmEUDjtLytG3Bngwq1Z4nrUza1MaewFH', 150000000), ('195xSAe7g2eBC1fUJEnbfBAWv1f8oBqQsX', 13784033), ('1NojK7UwJSiUQ6UcFtk7Wz4Hxgzezpans3', 3333342), ('1AmajNxtJyU7JjAuyiFFkqDaaxuYqkNSkF', 158387356), ('1EvDhcJ66NsgbdQTsZvoJKSkAjpTASTZ4v', 92000000), ('1JgZTAi3k1JmWD6NvZT5v75go5TP2xgfGC', 1217818), ('1EvDhcJ66NsgbdQTsZvoJKSkAjpTASTZ4v', 77573237), ('1BfBAerzwFDbzymjb5nUaeRU84R4Kcn6G8', 1581000), ('1E7Lckz6jzMbK5EvcjCi3ESEvSmnmXv5WT', 7828153), ('13bFPitSQmZ4JTotSdZEJBkhVYkzuTZpb4', 1314914), ('1AotsYu7cMiS6c9KM8dcT6mk1AQS8PmYxV', 228400000), ('1QKqMtw8Bmj5sqT6M4qpMm5nAjdHSBo2yy', 1331551), ('1cNcLysygZ6g8Tar1TLgBbnyXqQMjcMfZ', 2421053), ('1PJ2QjCYmpb9oVyZq5uUv7CoMguFQKv2GE', 20356021), ('195xSAe7g2eBC1fUJEnbfBAWv1f8oBqQsX', 1777295), ('12NA5zNijCcYzqo7qrsjr4Rtxm1YB95crD', 1620006), ('12Lx7mpV3ePctdiK5mJHQM1zDRdA7WZpbj', 164827020), ('1PMtzRic9HVTgMVDNwFikBWSLwxEett4fu', 162460000), ('1DP7dibK4McDCw39ZFph4zNdiBnr7YT17o', 16014180), ('14qsFXZiPN7x8X5YKXcyyPJry4H5fQ9q4G', 1158249), ('1AiXjfhz24EaPLi8EdKuTErqhvjgDPkSLt', 1593000), ('1ELWdiQ3yKjt9sJhXGcB6xYmEfAZ1Xh63W', 36300000), ('13PKpg4gxMKjc8FGTAMcVMmxG1iEBjiTBn', 207000000), ('1EPw4vYAwNfVteHtP1mbQWxpTWwhry9rPZ', 1079663), ('1NEi1j7yXagDhd2g4yDwJHWYDjvXGqyn9R', 1116267), ('1MRz91Zqayo6wmgk7cZHcoYeS3Zu4t38sW', 1070490), ('1C7VpZ6VxLgXJoRfu7QDFCjoxagw279XPN', 1069439), ('1E4c4QQppGEbLWzUUT7ExQXmxrMxukKnFx', 6393815), ('18h59CgzVzNnWmhJ5eBcy2ZmkUzTGgNRt4', 2460000), ('1jFxGdTVGVL9JJigwFy5xWyU7idkVf9sU', 1208350), ('1CAieXGpeRpDdqDd2Mn11KbceC97Gvyov', 130000000), ('19N2G3kaBYDUWrzK6TnpitVLUUEnaqScU1', 162350100), ('1FVhtKbc6KrHzBQH92sGpPG7Y4L31neN9r', 10992863), ('1Lpo9gJrgAbNZkuKe7SSkoxfxue4jYB3dz', 2750586), ('1FYx1FKh57srkEXDUPE4QExGMKUTAzTkDc', 1533681), ('1JbrhR8VfiqbmjS4U2xeMBBnmijJkd7SeR', 86570000), ('1KuRsxhmSfh9845Fx2Uz6hoEspFYAD3TXp', 1070937), ('18c4qM4fHLNSukhybXuiUaQXwHdg9sxbvq', 2892981), ('14KtQSmWNiGDy5ti9ax47XxW16FoCtj4pR', 3955000), ('1A3YhTZhyrYbQbFpqVSCH8RFCvQzcYehfL', 1436723), ('1PFPrzZj9zdE1AiBwQNPtQ1tShef9CRK3c', 1087849), ('1DBX3f3bQDuDTFv34ru7pKipozxgqc9rtA', 1496007), ('17VeDdLniMPhKLACGC3mS2Cz6dB8m5pKkq', 227211895), ('1Eox2hrzzQSHtiY4XD91iQHN6sqWJdehY8', 1130231), ('1MqUgTJU2zgZhDAPzk7oseTG2YxvA2Guzz', 1379507), ('1H6si4XZPGARjj3H7oiLJMimQ1JQj8z2vW', 4426083), ('1AvaEJUt73zxQnJek6hwKzdBWpG42MYJEn', 1702800), ('19akgCTKEu9fbtrfHKySQgLFh5jdCkUSet', 2246772), ('15TU4wAuhn8hRQurhTxpZBq9axqr489BoQ', 1382324), ('1B9uYXh4DspZDQVrpGWRKq1w485eVakfc', 46814865), ('19jkSx1YVZgy8bwz56ncznXKKhASboarqj', 1256101), ('15vuvMcu4Fq2J21hydgiq2yQVCyXw9bNjo', 1174900), ('19NQVxRNRzF5FsmbD7xndkETLnnexu44XX', 95994288), ('1qZv48qY2MGGmNePMVaYEFj45oA8TdCiM', 1166400), ('14uheJH5aWz3s9GPhXVUVqs1Xpng2i1YxK', 263906379), ('13nBHxYe3LjTBfrd8zT6GL1Stw4kefw7uV', 1508030), ('1Nk6axF4M5BpCQMRm7BmBYHJpqtNHydJPM', 149960000), ('1LdvasokiJ24NnTMmBXmkLo8eDDsDMEwzW', 163000307), ('12jGpyJszKor6HckyVuMJdUeF9hhmqCRg9', 1479247), ('1H4fjzfLdVJ5uqDSnyyaPJ1kdHjnvviTyX', 1182000), ('1Kb5Xiyh89BD4tmuuHPAQoy9iHWpGFRLw2', 21100000), ('1oZzSxuDS8fg8K8LLvKEisowdQ8s11EiT', 13270200), ('1JyLsz6XQ9oTkJEHPA6LR9p7kVKUajFKFC', 1131278), ('195xSAe7g2eBC1fUJEnbfBAWv1f8oBqQsX', 2823552), ('18wTPHK9VRAEGckyfzUpqKys4FCYtbc1XW', 19190000), ('1GbqTSVFH952A3yXyRSKyAZfRUgbCJYinT', 1158200), ('1Gqjux6U2KRHNQEJVRx8fhCroZ67N46JPf', 1170447), ('13w5v2u7YoUPexRr7TF13n5K3rRezRjnQ6', 1323031), ('1HkG67s48moaTysaLEgSsaVrtDQ9WsdW3E', 2576276), ('16fdB7hqmQD8jAESksy3fSVpweLRNBYpRA', 105197081), ('1F7bYJAxbbW1iPc7tcZCTXmK4G5uNb3mKu', 3746492), ('1358AQXYE1DCVHxaEP52RM3MTuEAEFYJYA', 1545626), ('18mQs5CKjN2GptFCx8t6BMgJhqZMTdNqok', 40000000), ('17149mA7xddXk1sFDgCPHss9dK7bjhBt4p', 3997000), ('1NQ6KZ6f2TETu229Avi3jKbrFfuGSnCypc', 1679482), ('1LgmEUDjtLytG3Bngwq1Z4nrUza1MaewFH', 125500000), ('195xSAe7g2eBC1fUJEnbfBAWv1f8oBqQsX', 2796900), ('19eqcJUzAp3UMX57RYAqzrEU3CJKgqaCEk', 11918441), ('1PUuqCHXRtzWgxhvii6XrD6wFmfP4jyvc7', 1180956), ('14noWvV2h9Kner58dZM2e3xqqckuzk274w', 1852000), ('112vWXkiifjjt59ef3aPTMJM5pcAa7c4pk', 29508960), ('1LdvasokiJ24NnTMmBXmkLo8eDDsDMEwzW', 138744994), ('1CETUindHK1JjSG8jXeYivSvVS5v8LzUke', 1335122)]","[('14WRjpf81DD27cmD58nYRVv6mti9WE58dY', 8415542413)]"
