,tx_id,time,inputs,outputs
0,5c2f57d08161dcd394aa50628d2924446a9eee874bf2c5356d0639fdab841132,2021-02-03 19:01:09,"[('bc1qn3vccdpmc5u3g5fkx7tmfhtuvnacpd97d62pmh', 11709282)]","[('13bhcjSTW4C4e4VCzWdGpxkSKNNH6kDGhb', 1574), ('36Wa7PgbpLTteqLK1fD24bo2ooeQTvr1Yr', 1000), ('3NWbLHsaWBMmtQLV1L7CRcbaCCEcPR73Lx', 1032), ('3GzcEwzNkFtNn7WraVvBSVZK9HcYM7HpZR', 3369), ('3BN7NC4rCBFiXa9zYGzdsSLGNoG2JGjAEJ', 1200), ('3NNTw4Z9K48veXV9Zu68H7cQtE1Yp6iJhA', 7859), ('38Bgt9SUHFwmPTvXpy1SRdE7Xbs1zSXfZh', 1001), ('1FjWtkAB9Av3cyn9cCDMPXFrLtFqmnsMFF', 1800), ('16CA5fjprJAsHqt99ghsp9yAhjh1ry4CsM', 4629), ('bc1qw0rljqfkygnnxj8089xtcuzfv9vg3zfq5catdq', 1018), ('1KNbQpa6su1wugMQC847S4Xkccy4tbXBin', 1000), ('39JZ37mPxsEssAupsNi8PUEirPEkjiin5q', 3771), ('3E28oARZTpZvgRBq913PWPwBqKYPGV8R5m', 1099), ('33kpAxobRdWk4YhbtJ97schsQQ6EZ73GAv', 1000), ('33dvD57jpgndyQ8hZXitvxigTcE5n1NAFc', 1001), ('1EonADfdSe8FsTr9KWefXRKNkUN9wdWajX', 1020), ('38dGbRwYmxz7LJ7rsXzjBe6ENiVhnVtnSC', 1028), ('17kFJoWEFhqTAf2GPHGKAa5cDHqAFk49Fs', 2063), ('18mnjrSbvmRv6CrKY6ijub9tXQBXQ1f1u1', 1167), ('bc1qffnvflwr5ccyzzj5gtgwlejre6zh6lgjp0gpup', 1006), ('35G6jpqS8aKicbQhBbTP1fJJ1u5MGjF1iF', 2491), ('15AGY5CJzXyCUp4EvkwWZVJ3t4jptY6faA', 1200), ('39NJ1QWmtqVnTEZgb9136c5TvSDzQFerm1', 1000), ('3EVCjtSzBKXx52q6UfLJVf9rP5gCZaKvVu', 1000), ('3QsncRf1EmD8f9k7MNK4AKoJ2s4HnYW2Ds', 3106), ('3Q49ucy5ZEiSAxKGhN8n386mfPd7TmtzWv', 1375), ('33pu8stPxaEvpsJikTRWZsJfcZrSBBUp6L', 1000), ('3Ng22MWFKtneF2R77ot1CT3LXBENwFZgkV', 12000), ('1LnrHJ5Rf6pS7ukp1j2vDZsE3aEwKLqDq9', 1857), ('164p3fEs1E17MF7HifYDAVU4qvoXnATA9o', 1000), ('1EeJKxXF7Z2fLBhxVk6sGTgbUiUWi3TQbS', 1031), ('3ApCvt59kYKGcgUJKkLDTXyK9Bk6zKYXzT', 2000), ('37wdufP6URigGcLincpP1vva2sAFFTZvpc', 1000), ('1FfhTUAsr3yiGbWzHfsJue4hisZ7pTQp55', 1155), ('bc1q8udh6xth3gnr4uhy8zs9vqthm6mfajdyqys7gt', 1000), ('1JJprQJhjjwhAhELkxw4ND1bmNntPc3ReK', 1021), ('3GHcEV9Dc45zDsnaCaYcHgqsaKoaNapjfs', 4708), ('3CKMjPnRf4M3AhLmPXDkKTDkTu9kPjUmbh', 1001), ('3FgzVLSfkQaitRPKRqAbVovsR7JdjP5be7', 1000), ('3GwG1c3geFdiiM2E24nu9aBsZnMrSYzvNW', 1010), ('1P4G1v9T2Xy5g6YtVDtGpJ7PUQnByuH3gz', 19000), ('bc1qg85ss90lvt7s0uepeq855kg4ezdwyqmnrg0w7j', 2248), ('bc1qm3ndvf8swlw7rdnrz449whf79zle2ahzcmpg9a9ftgejx3zvda8qh3rhsa', 10000), ('3AdUPHWHQrznzZaof6Pge2rFALDdCn71Ab', 2078), ('336qcLSQmkAYx5NqjvtUNKhbraqpTgo9VX', 1200), ('3QUopqNn8ecwempnYLTinxd4MXqgGCA8MB', 1034), ('38Na1ojenuqyYuRMgiLnohsMnyxc2JihaE', 1009), ('35FfWfipkCW38p1RiEEvKogxGrm77nngdM', 1000), ('184NuMixEFuhTkJH95WAJv1vNkvik4nADC', 5946), ('31kSToP3qRVS6KVvGLyWZfmPNq2NwJX2Gc', 3000), ('3F1nSKDudKrqDfCVMagbbJVjp19EKKVEE9', 1020), ('3PAJnDETgLw9Vh4XEp3bjQW8jks7EwUeEK', 1677), ('18C4YZkxh2qCAvyKx4GMgP5a5oNpBgmZAe', 17910), ('16oX8FdfDU322L5LvbBHP6Q4YTFNzdNUZu', 1008), ('3BxZ47s4AUtvwUcS5v5NzEG3pQJty9HX6C', 1552), ('3C56QsGz5iGS8DF5Wux6wW1SLr6nwXT22S', 6000), ('1FywoxBAwFHrYy3f7vbZbac6a1jtrWCqu3', 2000), ('1FWm6Ny4LmcFagrW7LPqAVfTdFSSbedCtg', 3653), ('bc1qud36h7jw5zjed0adlvadue4cmlzatl8gmlmqs8', 1014), ('168XnuzC6pyLHcCKwwCM5ySiuvy9X8pZWu', 1565), ('3Qe6wT9gjxNnqoLvRpbWTRxb1YfsjDR4AR', 1500), ('3JD9JKG4XKb231jMtVaxj4xsiSQm5ho9QR', 1099), ('34JDBp78opHfXq22oSsHn21Car91tTdX4b', 27423), ('16te6Q4WWGYqVpzUyNyDQAKBrkkZHJsKp6', 1925), ('37Tp6VKdX8SdFUrMhzcvJvP5Nc1TayPTdc', 1334), ('3MT5rnj69ZWwEUomEvZfAShB5T1FHT2v3p', 3067), ('3BCgaa4HQNhjLrFjw7VNDd8hi9s5NM75LW', 2309), ('1Xhq6gHCR8gQzZHaBEjPwXuKrUTSGXZD6', 1169), ('3MTkSQoSdyTzFuDUzdrrW5mE4Z1DuYf4PZ', 3000), ('3NapZMVH6CdW6VcBsU2dyetGLqf7yJDWv3', 1093), ('36uRLFH84n1wrCbNm6btGq9v8tivTE7ifq', 1000), ('33jw2dJ2NS77USGNJUGwppTSGVE2oz6bm8', 33700), ('3JrPN2umDyFSULSb3PHU5MB2BwxXWyNia7', 1160), ('1AKHBvQPY4SatptAdfLQEdXt9vaAMMdqeX', 1000), ('3Cb7w5ctYD98KqXscZydens53EG15N9PrM', 1119), ('378XQtSeDnTkGidzYrEQxnDpadKUn62yCo', 1049), ('bc1q0nyry3j54fz5pa8ge3uktuc6ya3cg9gq8dfm5f', 1000), ('33RetJueZMP1oAZUNB9TMuGXuLV5RiEJpA', 17000), ('3AttQqJWzYJXoEQm2ipdzD6c8tR81YC5uz', 1000), ('3APwgG8Sg3KtfDedSn1g3J6VjxpsYJGuVv', 2103), ('3M7ewwGtcxjy14qKyz3x2GzAsij6vbbHGu', 1000), ('3PR26nHYBesDFo1ks2pyJ7JU48zGKvEJ1T', 2328), ('1Nc9AjsaRAhpL9gcSaSjDqkXAnN46RP34d', 1040), ('1Ku9wceLF5AE8HXogvD4LxwzELHEDb14H2', 2400), ('3FekA9ExEpLaN5dps5TTnnu5refBBVb5f6', 3000), ('3DCrkTJmzRBFkiUBzNEm6qDeQnxfecPgSZ', 1028), ('bc1qy6u98xtqfyrjsjxt6f46lltsz4ac44nr6h46zm', 1390), ('3GifKfBN2ye33TeZfvfWkMURo4qQxtyL5e', 1811), ('1921tXnrETviH8GUH455XdiPr1n7C5jdQR', 8585), ('3PQSWn5xTz6iQCDRa2ghK7YBi93tXxXM3x', 1010), ('1GzTaTe4qDFuimN8aptXTZmVen2WHZnh5U', 1000), ('bc1q07mhcs82ngr9jszwx9tjhr4pwfx9asert7qsmv', 1660), ('3KjCLYUsuJdSSy3Dbkme2cGaeexGwGtcYs', 2506), ('bc1qactsqvw9325cw79ee6c3yx2s4s4fafpd904s9tzvh92w9rlqs7wsmkf97r', 1187), ('bc1q5mtttrekmt2lc92q7059kgy9krah7xa7dfrdvj', 1026), ('bc1q43ajjvjweaxv437rl568gz26j6y6lj5vu786mf', 14999), ('35gQYc6sekM2MHdzoXJy4kFozW7xdQ3TjV', 3000), ('18vB95zzdaCHY5iQQi7CZodp7A3MTTPSVP', 1007), ('3KJC7QS5YHBGqn5xuaVmDF6HMeA1VsjKDZ', 1000), ('3KprS88FbKjJi7rCoZRDMKHw9CTv4DXY3Y', 1246), ('15xx2nVP4hM6RsC9Vtz3y1NQMh9TvW3MVF', 1399), ('12vvAxon1LAYeMCoQ9oFWzk8EArnfUV28e', 1049), ('1VFvEqJ4Y9VPPzxYHS4z7nNTzZSZcDdYq', 1000), ('19f91eD6sMkyGk2SKiQt8qT65Q5jBMAnmB', 1360), ('3JkUGkq2FKgP8BnN7Y5Jpdky9FEuGgJpHD', 1012), ('1QJJWbAJAtsP4r28Smj3BHBE8PgvNvEA8Q', 9519), ('bc1qsqv6wrjf8m8g70rrymcgvzyqqpckvund6jn59t', 1000), ('3LDLpgReJNGgWfZF62YaVHVvATFftDt575', 3331), ('3CSdizVTFvtWhgB4ZkQXZqLpasN3vRRoct', 1000), ('36zSbxdzDGyz7y7Ci25ehd3F8dEMQcqCwZ', 2122), ('1Dh4uZPXVdJkkAJmaBunD1fVDATrJMZw4H', 3172), ('34YmZikCocCAQkKtFMoAb9MhecLJ4ieqDh', 3721), ('1BG8vVwcnaDZpywdH7GLoRrKN6xcHovJSb', 1709), ('1MJpXHdz6wYAz267nhSZwtdN572antLK3d', 4000), ('1Wc7pCsaEwhJsxowxGxCJbtYDQUVKWA6G', 2029), ('3E4ZUJHiiUYzxecREh15kQiSu5qyL7vs3q', 1000), ('3FFBLKgCaPoCNppgSP3U819Y75UwmpNNWy', 1060), ('1B2SPraDV5D6ZbbRRY1c26BTnu5QZUAEFf', 1001), ('3PF4v1V6wdoAL75qVb4T2sPhKnJcqUi8Ls', 1550), ('1BWsBJZZ6Ef3A4i3r2J3jiQfpX3X1TUsqd', 9254), ('3LNZ5cZhFY2L8qss67VLXtACrrVeZevJy8', 3102), ('1J582z3bvv8i4qfy84Tb4B9i3Tydy51GU5', 3262), ('13CnNidtjUTQwfmPbPU4yZ6oWJWxNPXYL8', 3000), ('3NYC2t7oo5t3AbARf9eJTaXvVDBJd7YvnH', 1010), ('3DHrWvSpUv1AnKfwxX7yJkNeza6abCnwAw', 1012), ('3NzNBvBSA1qijvcWhTYZMro9NKESBmajqh', 2273), ('3N1k98QrUvyyBbWqkexxgZQw5msYaBpSXd', 1000), ('3PfDADoeDDoLUXmqj2UicqCCcTxoch7wHp', 1256), ('3HpqhPXt4gnwdr8TRg1NhxAjpEHYUUZkhB', 1855), ('3M2QFDeAgHKzLXKPZ6Qgn3QjpWsJ7YBhfC', 6184), ('bc1qeehxmtxwcz8tlhzs0n98k5t0fswq7jlk92jexu', 10152), ('1L5GG8N26KQm85rYday1AYCepvzdx495TE', 1260), ('3EU6ZVfx4ZriMA7iDuPoZKKUMyFvu1f2Ea', 1200), ('36pFQTuJ9HzYj6NayyRVhcNrzXvtDFZikj', 1000), ('393HpsA4ivJVFuW7cAXtkfXNguwEbRDdqS', 6778), ('bc1qah6gjtpn4hh25e0spyvmpsjt4944luegns483n', 1014), ('1JR87TDL1n4YiqAKTuFYnJ5HZm3NBJshd7', 1064), ('1GoRoATi2iU7hqNwKUE8GpJrHx9Ru4GzjK', 2400), ('33M4GFmGmAF8CD1mnGnDg38xFRwHsQRgyD', 2127), ('16vJ4QwSrFBPWUkBZXhDWkXfPGtvJxNc4g', 1217), ('1GQS4fYrz6wvWmvNPcrtaqfrBxanFYTJdz', 2000), ('3G85Yn39YB3rwTBkiAudUH6Jxsaxm3pkfe', 1043), ('3CMmJ3vhcdfsLV3Mxw1uvddD93nvyhjSY5', 2498), ('3L2iLMzVtp3GULMh3QPAX7RmCVzowKc4vG', 6056), ('bc1q3um3lr4se2q4fwqmphfec45hcwk328f0hg4csy', 28323), ('1Ctf4QiP2A94M6FQoVESPtWqVS31e6NVLT', 1000), ('1HDLyrWTYTJGwNhngJYTXEYZxvm8ziq7d7', 15600), ('3CuEPA6yxMRry6mM3ky4nn45WpkkeDCj8o', 10000), ('1FyobnBUo7HmY8NYT9HRxCZwLgrpKWFXFx', 1000), ('33irUjYMmWLcw285xWde1rGSHQA9Wewha8', 1138), ('3NABMdtCaGPFcsKk57UcFB5ShXz86tsMqw', 1050), ('32dVvKzrxXzFzRsTGmNb6TKCTBfkMKK5Lh', 1011), ('3NpvW579avU4hC234xq5As1N1mQ9nztBzi', 1000), ('1BvAUhjptBPzMCdtjHSSn1LbaVvSzFFbkJ', 1000), ('3JYwTtnkkyoPoMoXpVqLTgCwpjtkdSJTGq', 9000), ('1ASp4QfX8eHQ9a4weHy8d7fxsVsL6JjCKj', 1000), ('3LawkvaWw4sVY691CdzCooVPCYL49hkF2j', 2304), ('3NxbJFCAM6GeC3d9JY349bZcBsS8eMUH6v', 1187), ('3LtvFy3QbFSScKDpjycejNoxN7RUtw8NaX', 1000), ('39hkgiAsP4sCAV13gXzVLN3k2c9RLkCbm5', 1137), ('33yyUv3CjeZw2AKMKQAXKgL3LKrPQnKNrQ', 1013), ('39YxUyqLWcVfJmoPuS8QK2Rvua3YoYhjrm', 1000), ('31wkesRuLNLbRohVMBUFHXQvMcXzrb1L2o', 24634), ('1Li38jRC4kqRXMwiam3rELf1K9LTW6YxpW', 10000), ('1MXE5ktFiTwWcqoQdW2rXpRJbwhWS9Mb5Z', 1000), ('1EK3epgP3Gzzak3t9KfmpjAwzQ6YCzeHMc', 1000), ('1CdgGuBLby9QM6wrK1y16ikHTMiKHKQBs2', 1523), ('1JgxwYNddANGxL1zrpiyTVksT3wYWP47fh', 1000), ('32pGqtz2d2zHwiR2bu2hDuBMcmPw4DUwkf', 1361), ('bc1qgefqgqs7ft8n0cnqrhkt52v9zea6tfvtef6x6l', 1864), ('3KyZViM96YUcEgX47mSAtPnSwi3iL3soc2', 1140), ('159R5DdD57VpCfdaejuTMpuxv59rSJv4YJ', 9964), ('1MadjHHrSVgr24q7KB4gbDFsD3t6hHAxaq', 3000), ('bc1q2ehnrezzeresu3kuxc6lkfljte5hh0p3hau2zd', 1537), ('3AtdHkUbgyaM61tVE3oi4zsq1UBvwC76ss', 1232), ('3L3hnCZ9PXtD7dHf8znjCNE19dmCAKcf7j', 1000), ('3G9F5jFFgcE3RwBfa41BysWDJdJ14Jthy2', 1117), ('3D7yZAErRzRbKU7qMhiWreYAYZPLCJVfbg', 4800), ('1CFvZ4SVhRvAWMcFqyFY9B3qaMAUCuSUb5', 1787), ('1BdnbZykFNthqzz19bp4TrihGC4qvXSQH8', 1008), ('124QwFEx1QsZZDFmWEFCK48PxJ3NZNUdcS', 1000), ('36Ueuoo6UG9shqsNfL28pk5h1d9rNLyVgd', 1000), ('3BEBPcqY2wYYVQ9KXgTZafvhKoyjtNkfJR', 20000), ('1BhRo7d8EQ1auoVZmr28q29D6Kn2j83BzF', 10008), ('19u8XWhQvTT4owgj15Sm7FYcVNMXngPiiP', 1069), ('3G4dYUTxTQp2ubmEHy9eiqGzcLRHbBJGjb', 2156), ('1KZ6apeM1cqREAzh2icHnjkZKbUku5pUtp', 1130), ('1Mebiqa8CJMGrKRSKbuPWqpfEfuB5QhUGs', 1000), ('bc1qskmpc2eyppgdngtqzgy9zu7j8854zymee32rq5', 2663), ('36JcvvWHkAPmRsN9355xy1WHS3CWi9Jh4q', 1000), ('32gRJ8zW9MzHTmStH2V1QmNiVdZd2jT1VW', 1590), ('3LwfrZEUngyx3TfBnZW5rQrWyHr9jx1VLD', 1011), ('34a5yc17Y9zsGZeMERaxDA2qdbgerNKXUp', 1029), ('336Saygh4Fcecgo9itrKYN8BtuFLFg9pp4', 1000), ('bc1qe3pgsyreafzrq97majj938m6wdfzasvz0kzuuh', 1000), ('17n7NK3qKyS2ewdxzWFX36FYzYCJ6pP4KH', 1015), ('19sMKjahimotdB1katb4oYrtYGoSKsip9c', 3089), ('19Br9x46XdHD6mM9FJJxrq1dJGF7YQ6TMF', 1311), ('3DzrnQaB5J3JgKNoA5un3x3hc9whXtUQHZ', 2981), ('1NbDzBwbvCSz8JzDUpcH85L2x36pmu52QB', 1000), ('bc1q5zl8ss65t5mr9t82av8zj39le47dk4p9wv4u3f', 1002), ('3DMrtFkcBGVrWmAfhwomySrzU12HuxK5Cs', 1236), ('19WnNC8rr7NX1rD9eiRvms4ecJRsFacfLN', 26678), ('1JYQBDv3jFbhS1ngXDdKitGRsrigodDwk2', 1299), ('128wwuJCGNiTXyyrc3BfABYcaPhExZpiAM', 1026), ('3CesmRsaJgNegVJTAVcyp84JHJqN8kqotN', 1049), ('38BkbrnvYbufjDdXqkLtRafKjxyUF4j4Hi', 1062), ('14T1fUfoTqANAeQrG7XfVGrGUmUofLmAg9', 1000), ('3HggwFHTEB1gg6ctuQDjkjHqJRHYhQLUrt', 2881), ('1NwHKXy5GyGRshMAxvLZH4ZVaspfccafxD', 1182), ('bc1qgt3jknlgtl6xtpscx8wvdadun2chw070j0fywj', 2922), ('3NCtzvG3WUYq4yEx4PZbzRvwYMnZ92RQ8Q', 1000), ('19AKed7KnNtWicdLcc8NaKx9KdPDQt1DEo', 3695), ('17QLw7YmzbGrZxEAxMNC2R8HgQbMrAijbU', 1004), ('13aG5r5ViM3U5Hni2NNJCEkSKZ5eULB3WJ', 1001), ('18GAeanXSaW97NwZjN5hgcgqoDQtLu3AhR', 1033), ('1PkQNrHf96f7zxWmJnrgLTW1ABEXyUuhnb', 2500), ('3Pmx6Do1AaPGMFQKS1iNyAo4uJdcvUpZrv', 1034), ('3LPS1puCSt8qSR6vDXDrtZBVj2fVJazmzZ', 10000), ('181LaSii1Fc9VuMerzdfAun6pziPGZ22Mu', 1000), ('1MncnfgW5gFPCBo9n6VSkp6LS3TnEb4BZt', 2381), ('bc1quxtgn34evq6k47y8fuge3eqsgx4k9acusecg9q', 1000), ('32vB6YXLdjkgv3EerDn4VMy8gjb6MMZs4L', 1273), ('bc1qp8z23jjh8ap03tlpy7kj0cju04uwu7ze98h72y', 1000), ('3JApKHYbyNVz7F3uvMQBW77hcugxrUrw1B', 33773), ('3NVLXTWDuh5eegiAGWsXTAavPja7JbhLVE', 1000), ('37vc442LT944CqDYiwjPJ623tCYNFLtfig', 1259), ('3JWriRS5AAkzooQE1c7GFCBLAXZX2L2Nhh', 5000), ('1Eu1tuNFw9yRxiQjjC3oFkjQnDoYhTHRZM', 1061), ('3EFNKAf4VLvMPHeK4H5yEocMBTt3fjyTfG', 29999), ('32CL6Pu1QvVSTcR3u4dac1cEagsPwAMRCh', 1000), ('3DWKW3y732ZnTD8qc7nS1qCdaMwBBrVUTP', 1376), ('3NEAm7bQkV9Ky5SKZJGSYox2C3gqtbafbJ', 1000), ('3PBeqo6tNiAE97TD9Dq3FDVy5HgiK7CWhr', 1061), ('3HqiKKvP6DTDrohecEA9VPe8qm7gaM2KdD', 6000), ('37GFTDnNWAq8Gnrm7hoMcLaxX4wUXhhwaF', 5000), ('bc1qffug7jsxszfpm84ws3czy9fkr3www6xfcxgynh', 2000), ('3L1c3PgXh2XC2XjKcWWZciQV524etUojdw', 3885), ('3BAeA5iYuC6vaEnsMGvr7NcRZCgfssEueq', 1000), ('3NrD2pcYVNC2FgrnDjDFS3RHBzBXJwfZGw', 13333), ('1BMc4LNJUJp4chybZjbzEsm3AijmM9Mjdc', 6999), ('18VtN3wbbCkBt5tnVnAZ77n6TpWdviQAXZ', 1483), ('15WZeJBmte4TnGUYnTXRArwMUHmezVavNS', 1000), ('33upUdUQmVLq3FYzv2aNUCKQ2BDSWYuHhQ', 1289), ('1Q6EueGQufmHzDoVdwXmPgu9DKh2Xiypvq', 4600), ('bc1quymgsv3yzcq20e7raumnadndjknzcl8d45mk7t', 1500), ('1A98oXWvR4FmBuKUfM3P8tZwXKhRAU4DiL', 4196), ('33zCCb2BpMjwfDJ5A1QNT4YT8ar3jBpPrU', 1081), ('17awnMErktAMEEgtCxTpvZj9A27Y2y27MG', 2920), ('1G9FDRo9zJdrh3GEQ99gU8ZmPJAoN7rYDy', 1004), ('bc1ql4dt99c3p5tl39pfm6njznp88k4ryar6zdqjl2', 4000), ('3HPd98mKweZaBC5fVeRQnqHRrdynTzfaRm', 1049), ('3GytovnuV51X68ymhAAuzfLc8GF8bbF2qT', 2082), ('3CoHwjMYXKzu9dKaYXUK9tku5mzg6iEy1U', 1000), ('33suk13GsQBB8aNsLFKzauGP63fSdscypn', 20537), ('3QkVFS57Ata1AUh3PaZVN7A1xJ4ANqZCpz', 3639), ('1KsmmRN5joJf8AoiQYwhRufRoVZHrbxsaz', 1000), ('3GuxwKcohu93s65nxMTXT2j4vgqaoEVrVN', 1385), ('3Q4qzUCX1dkrfP6eu6LPCMLmBLoSoFS3sP', 1000), ('3BuzHr9fj47uxMGrJC2N7GsmwMWahZkP3Q', 1000), ('3Kztwqnb58kgowu8Guuys6j7W5y7LsTMid', 1162), ('14hcYojoxXG5kJk91UkuVMJVUVdG2xTQCR', 1024), ('3KTZF218NHWuG7sKoK8khnKwSmaXXXTTTb', 1000), ('bc1qalr7kj50rrptz87lf6a4azmf7ycrtefeynn08nnw96yfymsg6g7qaf5ntl', 18408), ('1M3YaJpyA2QaESpSmYwtx964nxe2g8UGjG', 4410), ('33WumLkiVzt7KTG8yCKu5VahKBAs3Mpir5', 1727), ('1HzW8SczsFBdCwDvyNBjQRSU2KUpdjx6J3', 1347), ('3FpkmpDYYBNdhBnNpft5mUAhRBwacqrj6w', 1264), ('3Ao1yxCt1fTwo68Qgh8uycGSMFZtHTiNA8', 1836), ('1BJ47qqmQZKdvugyHMCfaxsHZADchx37bR', 1142), ('3Hx9Ndkz2BfPBS3P3oBVPFuRdEXKkXHym1', 1226), ('35KgbdCdMJhy25M8J6vPFBDH2mZ76mXtcw', 1083), ('bc1qfvd64eju0zwwmc3r0waz22xxnmdcvydl38le38', 1000), ('18P9vFd1zap3PSdDEA7twVNyLMKxMNXDh5', 1010), ('35PKs24ttdXzw9pSt4yP7pspwt1L5F1Q1d', 1900), ('1FuBA24WvSrNE5qm4KwXajsRrGmE5FmtiB', 1002), ('3Gx4LPqSgsnTDNKecFqDEyDWm9BvVHwXHR', 1018), ('3GhL4tGyPMoKtmVziAZsBQevcVDrV2Mgeq', 1000), ('1mhLt1gCh1K8FKqjrqBubDNtCgpN82Wb9', 1003), ('1MpJmzMKjJYsYRDr79DU47pwBvH7AMXo2u', 1000), ('bc1qw7h4h586nl9h05ycas5zrw65cxz6ew7fcde82e', 2000), ('3LsttE1knwUxYe31mH7mGUJSTVGhSiwheJ', 1139), ('bc1q8s4uek6mgh37h9uscr89v8yklp699wkhm66jdy', 1000), ('3AhhubLB4ztbvhCBWjxJ69L1APxroYCQ72', 1185), ('bc1qyuzr25uu7p9qxh7a4ms8cwth8nvveqr53nddfe', 1000), ('3MKVefWaZDLsWG3hg3MM1gu3DjqFKTewzG', 1953), ('1FtgCq2Mpfw3bpJH866wX56ktXVG3zSY8S', 1024), ('37coWFYbh6HxZPi9bV5m8cUcUEwVv6s5fq', 1152), ('3CbNDswK6nqe89myG7khia5KPJrvbRRsr5', 1059), ('3Pbc4mXiQ4Q5wS4YqyUcnLdwdXUbJ1AU7i', 1079), ('37t5dWsXv2iNPdK4VhPxedEpG9rmjTKQaL', 1150), ('3AD69q1VJjw3Y8V5MzGcMD7oq6qsCiVZYu', 8572), ('3DVSPgbn8Nsec3t28CcrTzMfBmPGZcf3gF', 1005), ('38Kq5ZvimyhnH4XhVJRseb9SUtfQQmEpmV', 1540), ('bc1qcwdxx6d0amfu9cc8g4as9jvuda6ndq92tdrkyd', 1000), ('1BWrrGjdf4usbj6rBgvXji4A6B9rWmpfFA', 1119), ('bc1qf32630e9rzaxfklx0hx630jjj4cqynhtzp3m35', 1143), ('3GoSjRwpt8DkjBuYF15u55QF25MBJia2td', 3032), ('3CnUGdZcyEFBTfC2Vt9xSRoiffBhmKN6CU', 2307), ('37szk5PGXcqtbsCeFzTGgwsTm1gQHy1UsJ', 1381), ('1NfajHbGS9ooWkKA5vaxiuuAyHiE9CeL5z', 1000), ('18nQWcRaV6x1haZDqq9g5xPZJePyeThM2y', 1020), ('1MYmWeFTasjBYRRfKEsPHQjTyhgaTvsagK', 1832), ('3MqmsmyBjyVc8QeCxc5Coed5pHDeQGNMec', 2222), ('bc1q7rzpwm6jd06lcu9sdj4nyt3xqd2a555y5hksd5', 19798), ('13GV3V19pTr4JHVLuA86Jyt894JSNyEhaG', 1000), ('3PV3S7gBGkoz75qwkFuULHhPzg9YwxyuHT', 1500), ('1NyidwHfiDMKAS9rFjXKBGmH1fjX3v2A9k', 1000), ('17LNgvGERDh8pieyN6ZbEtBE2trNPbGJyw', 1009), ('36CbwDxGGUprs2XpqfvrTWKWA8JC1LSfC3', 1008), ('1EovD2ML1eKaqkgcJy6Wibb1L9gVCbmw7', 5530), ('3NCbMCqGCAYXnfdT4xCAhC6Mp9etsDQ2Wj', 1000), ('18kPRnW72cSpi7i7d9WeaaTqMHLbQMeNUb', 7498), ('35KSKuHP34E8QtYDRwffWUwDM3KdtgbmEb', 20000), ('3H8u2MFP9xDaFQYKuUq7WKi6Zy3TGDV24j', 6000), ('3H7NvrjGFpf3dHv6sNCbHpcrtWsFFTn55c', 10152), ('3LXDvvWVz8VEDKsac2WAp1vqyFC5LMB3MJ', 9113), ('37jVkcR1eDYmrDoSqZ1JtQtzCrv8VLU3Fg', 1000), ('13hNZqyJT5sEQDFxkWNkp5fKa17DGsaXab', 1252), ('34GCqnzVRoWkGKTwY6LgNMRecQdwZ3St2z', 1000), ('3HtnrTVC9q3NdtEnhvFTq9pKVRRLgcVhpu', 1601), ('3DxL2pyyu4hQJ67cGudQzfdP6tDhF8dnCn', 1104), ('3GFtpRBXgsnrKtosktqsS7KtMZtPKPRtik', 3695), ('324mpMumPJgo99ufoLmjB6oRi92oxDs3fB', 1000), ('3QNP72QE929gjMNWW1mpAmRmZFY6r87cWv', 3422), ('36NoMYaP9p1ikzHJdaRLWcUttQkNq6SBrn', 1117), ('1cpzeSmYPDmHAuTDv6APyyCfpw6QBqyY5', 1209), ('bc1qv87v0tjrq3wzm6y6kuurkxm3ss3xqq5ta64vw5', 1000), ('3EMjRf9bbtCCu92DkfRAUGoBHMkTVg38ho', 6480), ('33PyDfhHVFhGD1EcrqS9NsBeu3jf9QMKKD', 5035), ('34jb5xGqN13FNaHk4ndfTXG1qJ7Abq2BFt', 1597), ('3JGjM5ZuQwaZnnY6VfRvjp5rmnkvKhicYf', 1081), ('3FU3uivkVHEG7g3vLSYqAQwahR3ZymG3zy', 20106), ('16yBfzzKP3Beh5NXdV3J77VaE4aPHqzEio', 1097), ('1G2Eewpx4t1sSeHKmvKApCcwemhzvHC6WN', 1067), ('bc1qmekw4udy4v4tu24z52p3x4qptpexknkvk8rcxl', 1028), ('15vyA8JaEJ2ZvAGnz8g7Njyz2jwF9WLe7b', 2108), ('1JfE1Lys3NcLpJXZteH7VMfqNuo63KSAjT', 2000), ('3Cue7oATe6NJwsXtVoFtPzTLv8M9riHN8W', 1099), ('3EeJFdBTRfHpEHR8AyvhdgAoTrGkwmET9E', 1062), ('3QVexSPghPeZtBMEAsvSY9UAZ4zqtqYTX4', 4296), ('bc1qd70cxll9zz868sprtaepgee8djtf3jf46v69f2', 10000), ('12BKChefjg5r9pvy1uFbfyxR7fLkV11YGR', 7001), ('1FGT3fQCjKRnrcwkJMJKFhjeUosdj3wj9H', 1000), ('bc1qdlgqdsls73azclmxc6w59698l0vkfcwu6vhayh', 3000), ('1Ct6YXVnXXsiP36BJT7vxH2V4BNDuPeU2j', 2103), ('1Aka265hTkmYctvBMTLoxdbXXX7JSA3VQC', 1000), ('3M36pcDQ42VDSp2subLP4qnKNbjYbbkLmV', 2082), ('3HSyTYidAp6PJGraK6jWZsm3JPtswyLQAc', 1008), ('19GHveN11zoPJ7ct3yiu4L7mPc14fM1uPG', 5102), ('38z9xGQXk2nfQBYbK2sSv7WXPoF31PCpZW', 1026), ('3Jqk8wincrcJLcUTBFDHd9cGn4UT9oqgDv', 22357), ('3PeDwmTUnghfinV9aUv6PRa9cfc82oXavi', 1000), ('1MfgVd37tpnNZ4STDoEp4rAYTiNS2YV5ag', 4110), ('bc1q5jphqjckelps0343rra83sr727sqadpedmywdu', 1000), ('1scNFDps6WfnuJuErraVVSsY7TWsz9XSZ', 1312), ('32Ks3nEZMhXshX5PwxfEFwabpyrTJ59Th8', 2939), ('1GrDUizY8N1EnkdSZCL9YLX23RakhFwRDK', 2699), ('3QadJWXRzvLWNgfQZPhC2Zu5qkEdaz469t', 1069), ('33NJyvJYAPAujsSQXGRcqUr8pTQotky8s9', 1000), ('1MTu2Gb2E9qVQvUQYQL6QZz3kwGveMiJ5V', 1391), ('1En4V2SasoDB4CJnjsXefKawwJMyTWFd9S', 1005), ('3BtVJJ65zRFVWKJreTLYTBrfQFrCC1fGTS', 1000), ('3Bha2p5M88cNjDgxvh3br2KA5BrghoFRbQ', 2445), ('32csg3jtHt8U4iFeJcGL2EEtkQqcvQoZeR', 1100), ('bc1qu0x48cyzn72qj8azs8k3lk7j0ddd77xv8t23g4', 1760), ('32yzQa6B9DxoquNChtgReGWgqUbWW4ttZP', 1009), ('1KisJcXxNDZiXrs6cK4QKgvfggvNVbS2nr', 7499), ('1PhJk3kMwT9RdKsfYjACYsEBpeJgcUA4GH', 4376), ('1ESMtLk8x6DiTBrKnn6vD6e7i9V1HGnbfe', 1012), ('1Kg8KR6TnYFrPqZErWXTmrJc9HrpERgsFC', 23741), ('3LUkdBQV4WMUHww5PnVk6bfuafPfSqJfKy', 3333), ('3H7ceSirzsyZHDPUSkmdQdp1vAbt8WAQs4', 2000), ('16tVycdusYCstT5ZsAMQtjdSCBec9EVRQ9', 1299), ('3Bw5WAGF2HsECdajG9dYXXNubRYokL8Uqo', 1000), ('3ABJ3nxS8KNVQ7wVShqVokMvuDxdkNjWFU', 1340), ('bc1q8mza2funz35msuwfs5gwxn23782f9uudcd4zga', 1798), ('14rhVyZT8bmU7d1iWESN88pHgtS44Qtb22', 1000), ('3Kpaa9a6MnFpcKYnjDFWAatmjzz7gF5rub', 1241), ('34mJxL9jipPvgWdQQHC2exKwEciTQEcegK', 2998), ('bc1qg3qyylv234fthkqz9ngccl4crh3cl8zj6mndl5', 9535), ('3PwKkaYqaisEd92r6AquvJteHCyU41qtDq', 1044), ('1PT6C4pvHxYVUgHdj2vkeM5UaKFTrUynK9', 10032), ('1DGzsssoyhA8EwG8xugQun13wN98brES1F', 1000), ('1LrxDEzVRpC5cyacBsmxDUDSkKA5YGsEKd', 3030), ('39fDa2M2uHtCJhC1NCsyZ8vgJwzjPWYBbv', 1003), ('bc1qtrun7x66xtlv86eepfp7e2h2lpsyrp9f8qptpj', 3000), ('bc1q8caeje3zkpgt8gx8vjwumc8wztgcrggrv0g2zd', 1250), ('1K7k6vM6h5g8rtRPM2ak4hGn4WFGQFxSSP', 1000), ('36j8h6J4EKYrdTWrGHBDf9YmuXaTzAAV42', 1001), ('bc1qxnjzhsd2awxfk72gaqjuqlulmgd2qt09qatry9', 2127), ('1Mma4CtCgxMXtRifZk2mFfHgW1sfrS9ZLH', 1000), ('1EBkN6RuPHSPxy7m8oV2wC1X6BX5FRfWn3', 1000), ('1ET9Mp1MnvVxgGRKHouAPmxb5Zao7EGgGw', 2000), ('14jV2rsUTateYb7EjrxByhDGcABiNqCh5T', 1270), ('3P4Rz11UPVAHjKVC3ZvvQERUk3LSicn89S', 10000), ('1P7f6KViQDgMMbXx7ZjmfZVcsV1E1wS6mH', 43731), ('3Cc67AWb5z1vKZkP5CTyzt5SySrreCRjpA', 1062), ('1AG9jprGaNfEiZzXazB6gR2XTQRJXKtfNR', 1000), ('377QB7aosVz6SqaaJF2gnU65pxQDFkuc4N', 2500), ('38aQzTBvMEoMieaN7LhUs7fHLYybk9izw9', 1078), ('39865Mw7ftqo8Hy3iHq3tk3r23w6Cu7rGY', 1699), ('3CsXgUPMf9Tec74on4poKiE67pyz4r2CaU', 1000), ('bc1qz9juqrgxq56q7mc7npxnt70ehaz3u80xp8pk64', 1970), ('bc1q9ujddnxyxyay2wtyru30x3waa0mgxccddss9c7', 1000), ('39LtXSWu9FEX1QTfcaLh2dm6WB3vg3aafB', 1000), ('35Z34k7dYN21Qv3ssCSUVecqLojr5hVxzv', 1000), ('3ERJdomo6Soihp4VJMMNfXg4LdiKPuZWkd', 2000), ('37gfXpvtnqswseYcUD6PvbK2Pviu4AxcLK', 1824), ('1CYxZ4yks83n1MdQ5GFrHvwTqt7vH5G6WG', 1000), ('19MteFkZcQFoA2MgNxNiGF5jcVwNTSMVBZ', 1040), ('39QPX3B1Y6m4u1C9745Y3DeTsLh9Fh5gDh', 1000), ('19pm2tdeFcMyMdk24jQaJA1pRsihJ3GUh7', 1472), ('3KsAt9LvJt4hKPsuwY7isUGpZdaVK7i1eC', 1093), ('18VDfcvz8tvcpHeZcFzT3G9fjzuVesyJzk', 3000), ('1LYoR21EVN57ivFARwpReRbQKJBhLQK9wo', 7268), ('bc1q42mr8mzen9qk5yd3f22efr6n526marcqh8khn8', 1127), ('bc1qpzys0qlvpq3qurww9vuh4pw4aunj3y3hzm0e86', 3143), ('1KMxGhr2vuYbxKj6KtH2yPoMtiJpRSU331', 1000), ('32gKfYhPGNpeVmfpjEwMdzARw8LfwHTgj1', 1009), ('3EWRoSzb7DDPb7T78H9CgawXyA5172PdNq', 1000), ('38RN79L8PzcNSHM1B7DLxZYvQp8SPs7YfS', 1163), ('1FScMVCEH1GRX6HuNPt5jvTHqYzjwJmYvG', 1000), ('37cbeyNyW4UdWAhTNeHNNTC9Jzad4hgJ4b', 1354), ('36JbmpxPjLKVhfEWztJyoExQuDdGCoinYu', 4582), ('1KK3Tu7G71tQfzrvka8jzC4nyKhi4VYFcs', 1385), ('3DwgzQSNBvKFq5yPxGh8HMMtCGkFGsy6zd', 3072), ('34XqbF1BfyyfAkjjQjz8TX1N6osrC279Rs', 1000), ('1CmeYduBj7yPqL11YZQML9mUJ1t7kULJCb', 1312), ('3D1J4k1s6rVZNZkQ9vBWYkuCtHa9CKYhV3', 2949), ('3HLC2PtjYCwu9peqPTgQQpnny52obX6eeW', 1018), ('36gPZFwLSrX8qdzMeBkCyybcmYVunU5Uho', 1000), ('bc1qvvpp27a94axywdj29auf5pe045r3lajg57h8f6', 1000), ('17JUErXBQmgNJhhRFDWUTWu115ToyR3mSV', 1000), ('19VD5LXbrow4REUKmFdEmwMvGJZMykU8hq', 1171), ('1NL7v2UeTycfZypmSTjjTwmw9An3w9EPQf', 1200), ('1MXUtGXWtZM9qjjLyGiJauSKzFeh9h8ftc', 1065), ('1LB9KJEnpzAv9Mdo8zcNCZN126AtdAWJrp', 14622), ('1DhXogQajeK8c5q2Jmvx6UB6geZj8GHCH5', 1087), ('1F5VDpqQpBzZ4syKumrQd9nxeatqJsbBKm', 1000), ('13EzervKDdXbjR9x6fiHKB8y5EZKDveEh5', 1849), ('3FU7rnMWLJ3fUD318bTvmCFcKYBatNw6up', 1085), ('1Kr7yYMoLrHSTnPV6ZQZq4EAb3S6NwwN3', 1011), ('3FXSauXWJTMaxYC32iJACGfprDuPhB7m8s', 3441), ('3MZUKLuKiz914JqH8iUaKePXLWeJoN1hkw', 2012), ('3JotnHeFxXYb4hV4sKkMxcqFtjkALtD1tR', 1000), ('3CWsatXXWJeDHU2nNuNRa1CmzgaR2ccqV6', 1000), ('1LwJwGCiTQmqFw4RMUgKPQSfPEtJbUqM4g', 5000), ('bc1qkxm0amycmfrzrwa3l8hwcpjv4yl7dgdh4s7r4h', 1002), ('1ED7GomdTqGsvgCNyW8ekCBm49RLaPQjie', 3872), ('3GeML4XNmNoTxs1CmsLKvC2KUVk7J6VFF9', 1578), ('34EA9ktQgrgA1829Qp6Smhp9d9ccizTwSK', 4313), ('18Vahp3oXPQwGiJkfa8dfHk41g5WNQEimo', 1840), ('1HnDVuc4Ygjkw6ejjf4NCT6hQAbanNPBnc', 21593), ('3EU4xCtiJh1JyjMFmuvjYPUXpR7tUnC3bL', 4960), ('1J2iDTxKGW1kVasZ3MCYbKWUHxepn2qC8h', 1000), ('16AuvusRDbjKLpEd5sYRMzPTKqvV3KhuV1', 11849), ('3NxRFkXvnHWc4VCNZS96zq61naW66UtKq3', 6499), ('bc1q3ud67xl3aa9awlmqakhyf5k0d232eupaqy5u4d', 1175), ('1AnkhRQHPHPeF4iC3aaCrpNK584SGHLoY', 16000), ('3FHECzVXRtLRhqA65TXiCmveJNfJxRzNkh', 1268), ('1LPdJy7j5nVrsc7xWZ5uUF5UMYUxmE3oWK', 1003), ('3FSPAfsVt1str21NGyt3LjpomoYcmo3FsR', 1011), ('3JmUCfQj9Vab9YyV2GyJ3E4fVW6A8dJpKr', 10115), ('bc1qs3rdgtp6y63rs43q7cxg2twd8ghwntaltgl9v8', 1091), ('15n7HNSacABRXEeiELAqUXRaYHwT1wcreQ', 2129), ('bc1qrwx5r6u9vksn3amj465yzk3n9t338jkkcaz5e3', 1500), ('36fbKw7UTQVr3nEqWSWZ1nEfUiwqGrT5D5', 1029), ('1KgyKs6mg7QnGzZPDG9bJQr1ddQiwaLJA4', 2597), ('37ac4roN13GFCmWbwo86TcHKg5rR9mjw6n', 1200), ('3GjBWNLDk3XKHz9wKia6wC6YFxvTkJnzSj', 8606), ('3LugaQev33X8eJ5iEg7Djh2XepcGZMPTXk', 1309), ('3PoApwFrt1989JVTvhWE5KTM2sXhBas978', 1000), ('32DDcH7DaeXAbW7gxKH83aJqSB8w5aPsCt', 1114), ('167DSRm5TiikxpB4Z7DXM7Ri8SXFiaZGEV', 17500), ('1Q6TD2cUoPne2tDib8AbwHUqfvxDmoqLcZ', 21000), ('3BDoXzsmnCc5DSiFb2cKGDN5RF1ppoTUrE', 1000), ('13MKF9sdA7dED7621mHbjtZm2TaGbnPfGf', 3125), ('3E4iM1eiHPF5Eu1rkaaCvYorFAJq3GfDrh', 2000), ('bc1q4xf37dnmdal27eeanp3usewchet9g607aux5lv', 1024), ('16g4VCwtr9eLkjfoj8Pcb2WKTRDYfod83P', 1000), ('39C9rwxUgg2yZJ2HC2UhERrBpZD6JShk59', 1000), ('3EB2SKzGhDMLnamq27kbEDDZ8QMF5vqUPi', 1000), ('3G4MmCoChnG5G2sWQ4GMSQwcsx52aztego', 1000), ('1KyBNjK4cxr4HxQwWLvaSrKh9hGYsFKy1L', 1500), ('1LDwkHDW3dxFspp7d8Zy1iwXZ2WHVCrVcR', 1038), ('1rXRuVCV64sJ488Zytvg2B8oVyXU5ZWVS', 1000), ('3FRhMushVQmJcDg3eoHabpBHLibMcN6DBX', 1015), ('3L84cefhwBYdZBqHba9gornTHRnmaH9Ucw', 1023), ('36dTh5NfTQsq2xvJt3UyaXcqXDr5t6tpjB', 1000), ('17YYVyjokKLWoRNJksW8g8bXut45S4wFKe', 1527), ('bc1qewxnaplfhvjnuy09pwqd36l5lesk0p6rg4qj8f', 1099), ('3QA4xKUnkkkmPMtdHUzXauQe2aoRPfYHRa', 1003), ('1FWsrWCyjRyMtZGvtHRKWLWX2zkqCwE9L2', 5316), ('38uvhoCxcbE5VCNgKVKUmnHTsiC76aHqG5', 1224), ('3JEXYBmJ29M9U4CLnVw1MHeLDWoPPWL1SB', 1569), ('bc1q00nvdrjfvsahj6kel2cq44u6du89mee3pmnker', 1000), ('3AjyDr57dnm1TDRdStWXZDbeMpZEFmFQD8', 2000), ('3GQ5VUVyWBn8TQe24ucJnKNXnbURRAVobt', 1031), ('bc1qh3nxfyzgjayahstn5alqeep5fanmn3nqqk7yhx', 1000), ('3A9Bt5GnzrffTQ3Ea5QpPsmpYK8CLpLV43', 1425), ('34eaYMBt9R7615DhWdm5g2vBfKCFFK1Ltr', 1078), ('15iurwvgfnzuHSjTNpNuYwtHHhGC3cypG5', 1263), ('377SYjnRT3nGJdMssodncSjDFeCsqxMcVZ', 1014), ('1AH9w3YJeFXgthepj1Y479ADJDAMcQJJrb', 3948), ('3NN39fZi9H17dK33qBuHpWc4E6dxY8THUJ', 2854), ('18cme7BTLSF3WGyPbLWz53rA6VDmHAKYPc', 1000), ('3BBG8UcDYMxsZb5FyFYqKEnsZZSonmkmW4', 2669), ('bc1qh2tphm8ef8v0gj2cz25s57mmygenlu0yrp6m5q', 1599), ('1LzNNrYzhBV8C2Gup5h36BHpzzTsKFiKMJ', 1000), ('3Bq3DWhjN2LfHR4qkiYmhKeTo65iR1wmYF', 2309), ('3CDvx97MAJ7Y26vhSbHcramnZhX1nwVeex', 1045), ('1MFxWRZGpQDfhwByNS2gHeDUbkk8vqV658', 1200), ('33ygYZ2RRr5T2rdQQMJ8PCBciAStmw7bqc', 6289), ('3EJcPhjSRKKj5Apr9Jt49KdbrJpNoREnmm', 1026), ('1GdxqDCCwFaad6tmn67uL8WGSRt6ZrdrPc', 3118), ('12QPKRufrvnusRuqitAUEDbgJ3ttj3gUbi', 2269), ('1GMD5VuzVfJR9eixxLrh5GDh1C3nNzA1b3', 1175), ('18dyg3HNc2ub2w38PxbhnT6oCv1S5Dt4A9', 1000), ('3PNhQ5zeyFYZdNVZYtkgmReCPTKd7Wj6Ao', 3500), ('3N5gGsoSCpBXSYfHdpLRN3oL7nyCiMqJAX', 2241), ('3JwYfLAhWdsNzV2sx4y3K4d5HChyJgE82R', 2701), ('3DYcPGzDvUpaFkHEE4d1ASYZS1n5mDcHwF', 1000), ('1G2iTUfsgD5jULp9oVg6cwhXKE2fXPAbEC', 1180), ('1HHsHBYQMZ4xpUCzFUSw67qkoM945Kqo82', 1000), ('3HEqXeAxaXbV5jFaA1Au3ixARCdiU9Pv6i', 1150), ('18kjGq5z1j4HWXCBExVY5ksizZRDBmj5QA', 30027), ('bc1qwzw0yftjt24avq2j7tk6nknm4yxg7qvjq953lv', 1004), ('bc1q84znxj98a64zlyman2whnjvtzwtesm90nuq9vs', 14223), ('39EaX6sUarsZvJD2S8C4zX8tMBQ6BYNJh9', 1069), ('1NRoHw4GekP8qYp2XGVNqKMnNtJRNsFBtY', 2542), ('3MCg2iVjrpW9ubhXC72y3CHvYdutcjtYgG', 14799), ('3BaXNfzR6x8njzJhcFxcfLpKcL5YLnbEEu', 1000), ('19Guku2BwkJNGbGLj85qxYa1cvX5cNYH35', 1000), ('1Gn5WrVpTEjukybnreoZayeav9NgvXk5gh', 3000), ('bc1qdvv6atpsyc95glm4g83fy65v4edqzuduj6l6fs', 1490), ('3NeaPqPzhe3b5NJAwjKeHc9kUvh2beARBo', 1983), ('1DcEumuVYbo3a12saJbEVfu8e2zA96KD6C', 1000), ('3FJFcDb3AbBKDTxMmttAJzY8Uijj5PCoi9', 1019), ('3AeUFmvQ6BjSTxr8rA37ZnZDxByVtg31xj', 1047), ('14cFLHw4rX5M2cYFTuuNEsS8fLmbch7YAC', 1290), ('3NGw2S62XXyiqd2Anjn4CNVuUW4WY4kvwr', 1189), ('3A7nbm2aEQAtekAuApqukQ8P34b48QQmaQ', 1000), ('39ZT3H6471YstjRxGHAbrEyeA39p2w7GUV', 1000), ('362aF8zRhU7iBRADpufSpCBwxBHRchqeb9', 1045), ('36pDqNEXtyN9tvPfPdt1tVqRauaCHVGPPk', 1020), ('177y6yR3t3pSZ5bp8EXnonvfmDkx8SvAA8', 3034), ('15aZDy6Dac6Y5hMJnzt14tPsC3FNtfxmWg', 1000), ('12xJ67dpj2tHbhrpbApKWfYZG4ucWYDbqE', 2065), ('3Pw2gEfu6PiJGHP3FzT4QJiPCkLgycY2B3', 6850), ('1MrE3nb4EoayReE4xqEr2HSkWYua3ntFev', 14999), ('3DyS4HCAv727eryj12mD4wnBAYYygMgDFv', 1009), ('bc1q60vhg6r8e394yy2j6shqsdmzwugvpsn78utgar', 1000), ('37YEfxpMMjNpRkKpqYZD72jgXphWsDCimr', 1000), ('1HeCannBNwGk8hpes5Bkj5cdypBE8kzxfD', 1000), ('1L8a2KKMUQi92ScYgrURb3vCLQPt8W716W', 1092), ('342ZK52yTsUWJ19oEu2YLXCoMDdzWE9Nw2', 1639), ('3DYNiWReRawL5ohLQyMHGyugzncdxmUXLD', 40999), ('1FV8BbEhiN9ZUqS6J8WfbhDqw2P9KpWthR', 1010), ('35mdmLedyLMMHQoXkK3xbrS65q8uEdySW8', 1000), ('32yLS4EkCSVtHcrpWL6E16VW9FFVf611hD', 4348), ('13gnh7Fe52UCa9i7HJ1xhKzkgvA5zRsNDh', 1891), ('3CQeDNe6qs5kjpjBM8ErMYaveYauAHEGNT', 1472), ('3QuXWhdzWQswUkeX3NZn3JBRGjRNh6hnjX', 1000), ('3F4VqrwukFTtr6gxFriYZkCAwP3NMpCVvt', 1026), ('3KEw6igDbWY5w7Myeokd21DeDsbiV9GSsX', 12390), ('14s3wWDDHmmAiACzKMcLqZ8MmuMoTd8Svw', 11911), ('18WaDuAihqAT366FxRGyujcGuG7kc9CTzq', 1000), ('1CmKBLFYse8LYmRL6K3wo3nkQBStocLyuQ', 1031), ('3G6DemYmUbNarWpt6Nxi8VNMXj7kkZnSGu', 1016), ('3N7h9R24CYxEXYb7BJWofMqdX1kHhwUF3K', 1500), ('3KLsLb7CYMUYrGR5bg1rv5EY4evaPS21qc', 2510), ('3JdGZ29qs6rbG2Up4AEUL34YsvWZbAQTQk', 1007), ('33MGAwkHbK6jtz4ZdU7CpwMWwHvK5sbTsd', 1401), ('36rRQkmzLr6nPbFkEfqCXtQuifmUEyVNSG', 1673), ('132mmzaiXKxThdRBPFTyBU7htHNJz9jhhS', 2000), ('3DZjiQazVxzJhMfUKq5MzAgHg6gVyuBTit', 1667), ('3Mi1aHMfRCsi4HTwp2Z3s2udg1vMukniE9', 1000), ('14etVDTuLCefmqBAcpKLFYSXvYZVrZVgjL', 1000), ('34SszeLDBAw5SxiSpytL9hQkLojkTLjKGU', 1000), ('3QirbvKjHDvpYjsEtMdV6ppS1Gi1mccTfM', 2441), ('137VjZZSZ5g9zvMh3zSoX1P4LkoD41Tayg', 1294), ('38j1JwprVfNmmBjMhYKp8zTmhmLLwzmxEQ', 1000), ('1N6ufWQ9H2DifzzumpYE6GorbKBuEp6M2n', 12058), ('3MBZHacM6T3hthL7geCbJPeVgcLh3Ca1N4', 1049), ('3LEYzvNajBWGonYAMEn7BRtQ8uV8SykqLL', 3749), ('bc1q325gv7w8uj82my7hdts23cq5npyhdjt2veujzu', 14304), ('1L2HcLwbw72cmQJL4yEwoDSwVc5QTVdMEV', 1258), ('3MKYsJnd5GhN6uGQNaqGJWYDbh858hf9Qg', 1006), ('38kiBQ6jU9fhB6dGycgEDSBVxu1DopGLT9', 1146), ('16UB2shaWcCpCBDHhgNfrhqA95yX9tVFQZ', 1000), ('1KbPiVXmbD9GYVGvdovxPz6ABAEz7zxgzu', 1009), ('1NraWfSr9vG8rAiSR7KBmnzVWxVKBjrtG6', 1000), ('3L1xtkzGCjd3zYb8yD1bWYLpHZF3YCSDn6', 1050), ('19Du9gR1kTD1W8A9qeykQoUJjJ3x5e5Rxk', 1010), ('1JGKd4Riug2hMT8jzgQzVBi2miYqgQAEiQ', 3100), ('3Qtk6fZYSPrtqCykNabj1DZYVecG4WcpKS', 34370), ('3HjEFt77di5t1P5BjLJFk8AmoqLC7nt5qa', 1061), ('3EceM4A1SGJpmjBbpMViBTgHP7CStFNFRU', 1000), ('1EkBqATgENadEwp2KtZwt6WrQybYATRwZ5', 1599), ('13eQV1gy9zrgmDyhoAoSaVWNUXQDhKsd2i', 13240), ('3Laxik3Xp9Y1FWc8A4fb6c1xJhaiD18cvY', 1262), ('1AokUD9UiCgdg8Wc3GPS2uMsJiFugE5X8t', 1069), ('18WhsUoRRwUMdgzuB1GGa2V7hnw8Wy2HY9', 3407), ('1EvpFYocv16vYJNzvGh2tWWHGefdhhSZcE', 1000), ('3LMeb1He6xiAzSkqy1iopVdXH5wHLxo9su', 1000), ('178ny7o56kuP8HQ1n8RMLuhJvJLyYCURYQ', 1034), ('3ENfcD88CWUc5tGAsCJZvGEed8ErR5V6KG', 1000), ('3BbpG9gR9eR5tJHMjapEM5s6oTXjpTJ3cx', 1028), ('31ytfPtX7kuqqpUJiFykMEtUAqsyJ7ED7C', 1000), ('36u8iF36XAFX89r5qmCbqPdmA15MHfiZn6', 1033), ('18mg8E3jcMffdPvTUGnNW169UQfnDE9c59', 1122), ('1Goqk1S8E95de7eGhHWJihU956qg17D6db', 1071), ('1416fK2WmsPZwFgjQTRNnAmrwjCTfbbnY8', 1090), ('3NGfhvZZWXwE9muHWHuNycYor5BVMpDXby', 5594), ('3HTjREtuDSNxj7K1yHhASxzeWtWHcdmw2q', 1023), ('bc1qa9qynykage03ql6566gxce0y9fuppca4sr2c7v', 1003), ('bc1qkqkkct0xvvvv5dkjw7zwg8gz2h8q9ur6f0x6nw', 1000), ('112qF7nZxPRjjpZHWpa4pFdTxqiEvGyygm', 2477), ('3EodTrk8C2ZxqRYcVGVfzFDwsAiV1v2XKV', 1000), ('3NH8XiNuJ71GLSsQPeHCyp6SsxzxcaHA2w', 1000), ('3JotShtfvnt4zCwmfVoFJHvtbD9GKswSEu', 1003), ('bc1qln5d3qg6gpzlfdcs3xsu9nv90ww0k2559f3dkp', 1000), ('1ATZUVcUgD3ZrnkgsMBPkbpmyY3N1UF5KM', 1000), ('bc1q58dyllg66xkwv2wucnav5w7ce50dp9wvvvd3rj', 1760), ('3PWsWkD7saea2Z5LMFLTTzGdna2uCCB3Ji', 1000), ('1NoyEiM92dneJkeT4si9NwhUrnucZzvoke', 1000), ('38xbT9TnYR2SSXiUFxxKba5FjCfXTNCAL4', 2392), ('12R6pvLG4xSPPjF7H2BEPCP2k6wRMMrYCp', 3023), ('3Aq2Vu4rFWf1pP3BprJfLj15cQ6aTirdE3', 4691), ('1NPYKaVme6LHyfhJPo4e3Yz5hrLFZB9472', 1069), ('1FPw8HUvdRGnpjJM9B1MkdbqSji51agCRq', 21138), ('1CHYWcdk74JwQpmr3en1vz1wHnftkdXKey', 1040), ('3MjVqjVYDCVEwbEFGoXsNkZH6iXw122pZn', 3619), ('12xaDHALhA3MTSpLtPNVuRSLzVZtHA8s1c', 1000), ('3PsUyz5zRpK8fY1Y8wQp5Nab1FzFFwhLCK', 2000), ('1KaoX7s9awafGMBCxyd12gZAKBDmWXcsFW', 1170), ('36WrN3duWLLbHQZirgRnhYQL13MGqCPZ1i', 1033), ('3G9rwTabNXfTf1y2s2zNVPERqeBDtT1oDJ', 3902), ('3PWSL1ACXscYzLmbi3UuzpvJny8Ffp2CfB', 1991), ('3LFDEwYKTJm4rcbMy5rWQWvGHyf8RM4EsQ', 1000), ('14fx2hp5c2U91dSPM34zhaDdMZaerPZSG2', 3899), ('36ow3wdEnCKj1Xhk9mxfja4jEV1uuE9YXk', 36954), ('3McBLaGp9cFzWv82NK3VZCHwtdGaxzJBB9', 1000), ('32zARq1rRKTuKGWpeQiLmNUdujAh4HSwUL', 46051), ('bc1qwc9pk5aj3ddj45vlwpr3yzc466fsuf68a4mdh3', 1317), ('14vLno6c1rQZDX1H5VWWsM8BqoHzGEepBH', 2099), ('3FwwLkt8Hc5L7CSU27y2kArRvaTWTrzvaX', 1013), ('3E6rEEEmtQiKyM42eLF7ZDhtd8UMXXS4QJ', 3096), ('37VXJLSDWexpKEns9NnpH3RUG94DzNRqxQ', 2803), ('3KcuNyzWcf2AcFNLqNUT8bBmMDga6uU7v1', 1000), ('38Bu34gMcH7akjzAsFAA1Vs5PfYMqRXcYq', 1000), ('172NYeZXw5zFeM1FSvwCShitA5kc3WrqFx', 10666), ('36VzmwfXgfkfcANjeBZeqV7YFjREDZhBRv', 1504), ('3LjDUL6kvoZSmu1fRstZ1jY8heAMUVVNXo', 1279), ('1MXwRoH2cYEuukDoACgrtmW2o35U6ee3L8', 1359), ('38xdXZEFN82yQqYoCs9SqvSX7qvqVSs7Dz', 1323), ('1DRhfc4wiW3Ng7e1uTyyVGtg8RdADvBiJv', 6514), ('19Yxr35zZpHd7NcdqDcX6uxje2jQKQystd', 1245), ('3Pypf1UGQEzvkPz6MQFqXQ7xSPn6NmMwBe', 1299), ('3HNh1K5HJ4V8yss5AEG3Hmejohm76hdx3y', 1299), ('1ChDvKjgAop2HmTeRFtmDddEcMB9eAcTUz', 1000), ('1JuhP5ARXj5PNiSXgNg8iZZcprKssS1UYM', 1243), ('1Vwkpqo11naXLpH5iqw3yuSKAnBQqYSeG', 1000), ('3CNukeHMnT49xQ2dgnQbTD18ApsyZjJKRQ', 3000), ('bc1qx9nj043malhadm3vfl039xh60gf0mxmu8ummr8', 1028), ('3Atq9JR7jPa4yaj7Jz2Z2Cg7CWjRhbP6zE', 1000), ('3QeK6Ciqu1GdfTs6wWaTnGGxaZ4Sq61cMF', 2534), ('19icUFEZGkbkvftQEgWfZ9D7ZsJJWD3FrX', 2159), ('1GTEaT2NEwoAxy3Gv8FJYnoE48jrfzoe8p', 1077), ('1Am16RFPXqvcF4YZ2MqhKaUn2pqjPsHPTp', 1009), ('3ADsZGtwy2JYrjdTwbp92Mnggie8UH3yS4', 1000), ('3GMuypZL3HTzvojXmvm1hiNpDdkCCdUrvH', 2508), ('3Huy3KHJo8wN6gvTzfwvzSuj4iLs1cyL7s', 3000), ('bc1qgk35h95jm3sae6cpwmkp00jjhc76nvzntstp2j', 1610), ('1HTBYH5dJ7JXWB5D7TM2j4ft5QHPw2AnZe', 2076), ('bc1qauxktklkgfe4gpr86p4mtz53x68t49kyq5yjh7', 1000), ('1KUcC5qDZsBHMho85ukVrjTzSK9VJkmfDW', 1421), ('1B1NGrnwqhNFcBxjSDFtwby796AwCryWCp', 1000), ('127Z2B4G8LcvxGPfcjNZBftn9JtKXnDbt4', 1049), ('13M6A78okCfXtMQnYQoqtFe7sUVBeGUwwv', 1000), ('3Que4HNpbjhqEJuhwNPb6wJUY3gWKRYiDh', 1000), ('31nk26m54ckWYMvaA4SGmbjY7ZANZdEYyF', 1000), ('bc1q5j6cznngdgej4pe2mwwsgp67q65g3lz73qwy3f', 1000), ('bc1q6ufsmjl5jyntrv3atca4fcrzmsggwaa2alucch', 1894), ('13qeaR8qZyT1uxd6jY6x2nZP8f6V5ZNUwW', 1207), ('12GwehsTTemUQAmL93c6Z8EJjqg2orhM9z', 1896), ('35fsX1T1yoaAr31aqSYy6sdf9WFcQKtF42', 1000), ('1BcjC2MeZFVftFUPgCtZheVaqbdbPZHmVn', 14349), ('16u5hWp6m2VtL1gAD6gHr8WiGChf6Ksye', 1000), ('bc1q2rq2erk5asglsz4f7jn46um8zts2777wkhf0zp', 1500), ('36NAv9kUFt6jfJgBD4uT31Mm4Fts4yKCmz', 3665), ('3FoJwndJBavah3BurTi2cVcZM6GBW85WGA', 1009), ('14WDgYPC2TJNWDW5g2rFz9HLpdeLZzN7GH', 9317), ('3Eic3GsQonHC4NZijJa4kfRpZyJfPzDM2V', 1041), ('bc1q2utm7hp2kmjr5045cmu09lcg5m84tl70958e9j', 1005), ('3MgMfLehycRKFUXHx2hvnw9jHf1e8Wub1h', 5459), ('1B6Y8xELrKo6ZPn4sjoobxPFNGCnuuuNgj', 1000), ('bc1qd04z4qvw7v9mcuhxk6p8cygmhj6cdkhw3naxdu', 1030), ('3Ey8RYoWvBz38RtXXxEVuAeoQNSWC4owpc', 1413), ('1M68GitBJ7Zn39tUeq4YdTNnKmdYgR3bvT', 3000), ('35S2BYT5NzhDPP6ES1r3DKkf9LRgoAtGqV', 1000), ('3AqwtbzUj28d7825gvBVRNpvpEXpPo3xZ3', 1701), ('1HC5fJcNdNUauTyFqwk8UgD8r9JA4JUWHk', 1000), ('1KZtqW54gAeuui6YfxtQkr8RfLpEJeisj3', 3865), ('33HuRREwMP6vBzEKR2EP532giE6kvzM6AA', 36119), ('38ejWGJoYwTSf5vNVvsEgPzvUqjAndttWC', 1002), ('3H1i5QLJmCLFpDWNTg6MKUWojbJ2mRKzk3', 1001), ('1EbZnWWx7uKLPGhPn35Jh16Nctuq7AU5vA', 1000), ('1KrgiqBc4KjWDYqbaXfyqZpMNCGRXiq3df', 1084), ('3GG2zhNjWA7E1Pzc5qzDr7RW11NHVCRkjK', 1099), ('38aE16s2stvd7MfrU97sebRVxQRcUp3jDh', 1000), ('bc1q0hjujx69g8matc9wtfuyad0xk5gj5u235tsts3gzhezgemvwu4xsknh2am', 1000), ('3P5coqgEtKTCknYrKcfMaajH1pJaCHZAUi', 1045), ('bc1quclfx0v7wafaj5s75uuajaq0pnt383k02lcs3xjrdszjms2k2s7qvwdf6m', 4407), ('33oqe9YxBWkoJcC7vt8qVEPMhsSuhej8eH', 3000), ('3JMvzZwqiyt3noPE5jkadQTCqtgDesvCSo', 1000), ('1DbqJd5UzevbBc84NgHxoH7NnFANjkZgXM', 1000), ('3H16UKe4rqPNPCtZVkjnaJm6Sen9hDgKbe', 1443), ('1BmZYNEoJP7oHxHQMDhWZDi7ACfDQYop9V', 1200), ('1JbFwSfzRfvWqYbVgUYVqDN6hZmcJgdcTz', 3486), ('1MrEeteyuA7Bpj7PFqGwQbpbB4WgM6goB6', 3113), ('3QKF7j7iE2JeAi9zdWjGPgYvFt9mXQQoVd', 1022), ('16CvL5TaFr9hKemqkUCd9XMbDtSRFw6LBB', 1027), ('1PzCFGPA5XsHcChpsmyyjevho24sSgv8AY', 1104), ('16628W7aRGRc5g5e9mohJ7vdj85HLUax2p', 5519), ('3KJ3aTkcndUfLHvSJGRKoW18TkBsHYixRx', 1032), ('bc1qhzdx7h5n280pquu6lrct0ppklu5pdsjux38ae3', 1000), ('1MxKbcCaugeYEbe7kUyPJADjVEq44hdMtz', 1000), ('3Kccv4KqEZzEpGJKetWH3vkbL6Lsp3wznX', 6883), ('3KFto4B1pp1dVtXX9cEvJruydKvZaDUsaE', 2256), ('bc1q72wypzwr3h8kn4pj9tjqnudkye9fzaqdyd6sdh', 1013), ('bc1qeqy42f2wrljewe2t9drj9mz22erle7xvrhn0mr', 1099), ('3AU5MwrU2FKXU3PHDHA2UBpLSYPcBfg3Hg', 1011), ('3GSZyYb8a7J2FCT5wthbZB79gikwxZuKSR', 1009), ('38fr2zxzo5MHmG4Q5d5uCcT9U2b8hnqa4H', 1529), ('38vELBZ5LSKPhKAiS3BcsxPXgofuMEbuTs', 23254), ('39WDxUZhXzzWPWQWCNcAFLrwAQymvknqGd', 7499), ('1GztrDXKvMFJy7HmFxeAZ5FXsG7KHFtmV4', 3415), ('3QNs1q9KNESCErkPN5YE5aTa1tEqnArVqp', 1000), ('3Cb2GM5Jhz3oCXVRe89HQnkQj1JLZpaUjX', 2583), ('1Ka3FhXbBwrskL7MGHFrhVkBPY22Fvrc5n', 20000), ('3PeCnbTjGeW1hXGLyL24SmE8TLW3JJYp3X', 1000), ('3GNwB5ASjSZLr7p8ZzcMM6tc5gA1j8rBZi', 1467), ('3KBG8o2CqSfGzrDEKYXCVmbUQH31rCbvmK', 2000), ('321B9obP6YxZknCR8NDqzTh9FUGaS6n4HY', 6402), ('1AWymRXqNkqo9n2uAtTLsgGkXr2jaZD3Hb', 1039), ('bc1qe63a2e4tjp8nm3t4r04985fa7zp8xt27wh59xw', 1271), ('3LUSoyL48DuPESVnhwQ6v1XTSdSJTnz3RT', 1000), ('1Jkjps3xT1mp2wLS5zKYdDTyCsYpdPBP9Z', 1368), ('12f6jFDknQnyQU7V4F1wkLGToiJLczcHGY', 1000), ('1LZaMfCpykkEF1ESec4mcQCBY2Uwv9785a', 1009), ('3FLWmxiqUNWZEyYru14Yu5HiPLJZJ44yqA', 3343), ('3K3wqmrFdry29eUK3wX6QaCARpvkZ69rrB', 1285), ('bc1qsq8l9ps3syv3ne59de4wnf5m8f3wh6r7ep3nvf', 2621), ('1DqN9YXiFjKkb78Xrv7tbQAuGDj1AKjB36', 1002), ('3LUPD9FZ8eGhYtw8vrGtgnmyLwLwq8ZNnj', 9629), ('16qY1En96asKQ1FSnC2X6XqpxKKfvTGm6Y', 1036), ('34HErQp14J4xBmKByGJjXVaxJSXLxcxRWT', 1018), ('3BheffHENJLYW2M5E6smXdXkrTBb1HWKBn', 4119), ('1E26LjS5VpaboHBsDAv3ghoJtFBcTJ1v5z', 1000), ('19UhXrm5FN3BFJ7KbnkzfWfxcCx4CduB26', 1026), ('bc1qdpxv963ek739stljy7vzg22824f70tc6kqnl88', 1139), ('1FBwkzEDeuJEQuDghLy1j1SxrZTiwv3G94', 1000), ('3NxPtqTBLJ3a7DkbXEs2rF8MGHifter7fT', 14737), ('3QNsYXGGLDVnt45C4ATSL7He3Uh6sUeLH7', 1063), ('3Ffq6Ewr1EeacyvH2fWtQ75F1Bd4ZfPjxU', 1599), ('36qwJ3Qomi2w9NDzQ4my1avAxxxsaCE14s', 1014), ('bc1q0jwqzg0n0v7mquzc4w7lq2u93h39huj5tknd6t', 1900), ('33vD5ddtCLsMEPyErx1TqvYKS1HKWA5FXa', 3674), ('3ArxBy2B8shtxkuAixAiwMV3YftqgdCDKP', 2103), ('15qR6JgSaag8TLJ2PVdVCmQHvAo14kMft5', 4135), ('1EiwQKaXGAc22vJVXCMoJNXXmpcTW6wKtc', 1000), ('3MTnvjDc4ZVgp4d21wKU4jRGcA876obKaw', 2000), ('3EWW6Eh9jucN4Tt5afSt9YDeodEFvbnH7g', 1747), ('3NvvBnWGJ6neGS7f5t1UHL1UceTEk5J2pZ', 1246), ('3PYAEAtNJ1vcdiVnaZULY6Nz6QfrfGpMyu', 16564), ('33Mwkrr6h55DsezqoS7MzXCj2F19fDzky7', 1603), ('3LA1JupFjgoAesgk1oHQYYBxEjGGwExvV9', 1008), ('1H8vM9u1PCj2JiDgvvPtMnZJUDAykN5rar', 2000), ('32owziwWxrHWqPvYRCot4XBh9yALygSi1o', 1680), ('19GNRzBjDaA3sMTvnPmAr4TKpwtgtYb7mM', 1003), ('bc1qk0wj8nfvcadk8pgpaz9e0axrp4pdgtkyukp85j', 4000), ('3Ek78DGAVfsW1t8FrhuJ3Po8AwreKQ47YG', 4986), ('1DYmvJj4MBgBoDGtpTKWjHWYX41f9KGjUB', 1501), ('3Le7CGu7bpmbBYhEoGMmDdYYgkQpdnoa71', 2360), ('1D8UkYZxKsDnP2rjd3VJMLiKUMrxTPNynR', 17699), ('37gDkTJNujtRp7oJeBPUJAEGLWDuZLSYou', 20799), ('3A73hhCgBLnVGfozw2yYTz3DMq9PXLRRVh', 1522), ('3CFKfVVxZBF9Yh3ByJLaeJg6vvmv2bBhk4', 3000), ('126MzUZec681m1aDtGjJ7ZFhHeRTUd5ZMZ', 2053), ('364sTuEp135EZgvMyWZRiGiBStqfTokLjB', 1930), ('3Baj8yA6Yixy7arUJUSUaNL1uyuqE5xjGi', 1000), ('3QkDYJoLFDCkpGMVebj5EocK7hbQLDF7Hz', 1013), ('1BJQLif4bqGG5sRMNxRof6osQezrGkT4tV', 1840), ('bc1qcafnv6arlnx92ydvn28zjvtt6cut2vg5ckcrs8', 1000), ('34tBkxMC9Fs1jWZUckc7moHL3QmHfvNv8u', 1039), ('34w1mTQBxmhPfyqpq9S2yy5cUG83VUPqW3', 1009), ('1EhNEfSzr1rXgtw1CEWaQVmWkh34BN4XgR', 1231), ('3LH24fnGPCDzuHTtjq3H1yDwtthx2PxLA4', 1185), ('39thhNRNTqjRaxSfoSFmg9qYftvf5oKqSD', 6511), ('3H51CwHHwd8JAwW1rzZS3ChrLWpEjCip6J', 1000), ('3DFhp7dpAJawGNDoyUAQ68TUytjsfFPcZP', 1090), ('1HuubrPhszUmjNXrXqXQWF3JYN5TGpAgyZ', 1066), ('15aBYYFfccdp28RejhN4HzLeW4C5U58Fts', 1000), ('18YtBitCL14c9XNYRzpG7TKGCjjfpcxScz', 1003), ('15ezyRXbUGaezitrvSZbJFZpaMHGeYbipV', 1219), ('bc1q6hy429m2zt867jawr7qqkcny86uelhajmxqvt3fcqh3dnxt3azuqrxlmwf', 4624), ('3Nc2j7mG6MpiA5gjVXKNY3dDWcVM1Rc5T7', 1110), ('bc1qtslg2d44kn6uf3cx7uesla3asx9s2t42d7087j', 4285), ('13jALm8TjnkwEBNoRtWgzZgoStPxKymJds', 2034), ('3LimiXivvgtVLuTgNGHef4tui6fjPyjbwg', 3479), ('bc1q7qcddny7yrpc0g78dz0ewey9uxnrn9epla3307', 2114), ('187Y5CwW6aRReg4aDNyEWVp5ntmXJ7v2t5', 4169), ('32J46z4m1vxaiW2m6pASnqNr7Sve5x97dJ', 2407), ('1EMkTE1aWb8h7rA98im6Jo2qeKgtk4FU9m', 25424), ('3Lq2dRK57k7Pva2vCqd5UcehtRfVA77bNm', 1707), ('32TnbuNkYrSwm5HuFMSZrbSAFhUveEgCSY', 1000), ('1HJL2Jj2pgvWsbntwT24UDziKVaJc8bdzE', 4258), ('3FxtEmPupJmGmF86evt3WhPGfoxEmKKUxW', 2301), ('33uCbDYh9Ku9yu1HAoEtLKpsHb9T71Hmub', 8341), ('bc1q2dt47wfvmrmh0xq896r0znkg6fr32t6qvqyfzf', 1010), ('1MV7z4d22AMg1EBCz1r4q1EVRchHXKZir3', 1000), ('32ZYF3vTmGndJcTvD7TeGyF3Ju1dDWMsHV', 1000), ('3Hk9JUMLZzE1UX7LUgVv8XfzeiCxbG6oeZ', 2640), ('1GtT85VfpbgCGiCSRDyu5XeRVwaJxdotDR', 1023), ('1HzpTyCwYBD9kB8kazx8Atk7byjDXKE46K', 1279), ('33oG8ZhtHZ4yC9DSTNZ9iBuwCvxLwKQK8G', 1000), ('1Pt6qmZBrjkDQ8p5EJtYQKGNLpj2uGinsU', 4465), ('372cnMyvQwvWNLZSCv2r1p7F4KA75hrTXs', 1000), ('189NxuVUkwjWMMZFY6LJk6epLqtUUWo1KB', 1000), ('3P6m8tHCv9Z2vtoe1gStyxBB8BGcGWZCwa', 1735), ('1BXgEaqcZDVryfeJdvAS6uh2WB9s6PdJBL', 1449), ('33gUQ8X2BNcgFa8ESMWioenuWysEoyMpnB', 1299), ('3929VQ5JPiWvdxT1pq8zb9qFYk2diHRqFZ', 1437), ('34EnjoGgs3z3bmEu5TgruAXCtXXE7WF6mq', 3500), ('39qyA7bkeF1bzP9spNyZ5Mw6w8JZ13PDS3', 3512), ('3H41HpBfpUs5LsBW2wPmzGgLpEnVuQK1JY', 1627), ('1PdykXm3sRYJABoLbWDAwa4VCeNKhd6J5Q', 3176), ('3DAMgbawExwcshDKwCLjBLzdrWCkkQDyUy', 5800), ('19gvecvCNh5S36Hvv8Rd2oFmPB7JaCWiKJ', 1402), ('3EAfLm2n4PVxCBr1ZA7Du8uLMzRo3gJLtS', 4993), ('bc1qsya4kt33adt76gz3mqwfvhv7d093g3uzj3lttu', 1333), ('1CfUTy5S54udHko84hMMPF8o5tzYJhMUS4', 2000), ('3FGmB3pKghyTwUPKWfDMgtL5qoqASPmrt6', 1002), ('3LYFj6TJs3zHDPwv26vebCEAt6hReqYxRS', 1099), ('1MbuShVbjGoZWBQ9qQ5EJxUoHp4hw1hfzJ', 2587), ('3K4r5Ag5V1dcykgsQJKk7WxhQ7gTSi6HC9', 1000), ('3NeMLvxrQh13v39DnqkU3N7ZSb2bx2tC9D', 2652), ('1LpQNcV3mrbJ5yhzHK9stN5gkH7cMMdUjP', 1000), ('3DwL8EQB76ctFPTUKpyU7FP2Gxg5qiLdNQ', 29999), ('1JvM9n86o4Dd9QQNHhBfe6R9w2WWdGKc1B', 1874), ('3MsTmgsSQ8gD2EEgufoUjuyUr6BD6qGL4N', 1652), ('31msj2XcHNPrFarRRZFgFKbU76KXiodf8j', 1102), ('1EQn61zxK56GA6noMQ1TmXAhEevB4Mm5h6', 1000), ('3Gw58VHjxRESoSkx4rHm5siHxEiSh5LmKx', 2519), ('32nvEPSuSPagioqwELMbDMhCJcHBeVZyRh', 1012), ('3CW6zzWfA1Ta5BXp1W3xtQ1Hkuj6nQE2g3', 16939), ('bc1qcpqyhduhn8p9mq60dj0emwljhrq09d464l6gjk', 1000), ('3KZBaLqA2J4z1RpCuFAbxJhywzifCH3oaf', 7786), ('39vxo3VNzsupWRjtPSAxash3sX2zMnZsT3', 1836), ('19cPEix2DhMsqhtENoFGrRQy2bwkBjQtL1', 6454), ('39JcrmuZxLKtageV9ogFnBEcd92nCAui4D', 2743), ('35yCJG7bAuCjjewezYQiGWsCW63bSq3H68', 2112), ('13CSZc9L8NDxC42KdCrWZRWSL9YhuXCLGc', 1387), ('bc1q9dllrfpnt3p78stcc7d9l48vest7gx3weulykt', 1000), ('3QDqDWSRxR3aLvDWDTJ3B5VPXPjCS49vio', 1050), ('3DATKDc1PBagBXSPYtUorqe6fe8K27Z1mJ', 1000), ('1D9XZnpipPtoVXpJoDLVndHp2RE8SiMEQb', 1669), ('37CHG8hRp4DDbb1UGnb62CgckwxtrBGd9B', 1043), ('19P8WQXTFfhKzFxNJUGYsTmWUzgr4XyMoy', 2784), ('12qZtjsL6UG77p3667YcQNk4SajMCxEL82', 1000), ('bc1qqd3px8kjxq3p6282n7depupv0hgj4w028asayp', 1000), ('1H8fwLchUMNrfCP6ZTSY3pW1mgYYDtsXWX', 1154), ('3H6jyhvgjLk16e3e8U7iPdn3bZg7QxBFRf', 1037), ('3JdBMZHmfq63WJipzZCX98nNBYGtxdFrrE', 1200), ('38S9YkrC4xphsKKd5KQg6WmJVm35FcHRaY', 3000), ('3DZFoJT7odhTbEyDRD4cJaBcTfKGvvgxC7', 1000), ('3LqNiCdvx9XGCY1j6MH3i37qQT8j7hvzzG', 1463), ('1FsdJbPhhihWweYtUCbUKh1G4r8cLMapbQ', 1001), ('1D2NwRETJCvDTferhAQCL5ridAqtZS3FYJ', 2199), ('3QzSYnYvPUWfzevTHnjSohpPFBidpBtVJk', 9365), ('39c7hbhiZEAvAA2rpqive1duksDUbe7d2s', 3146), ('3CTjXRu8GfdUepJCrANkXhMDFeeQ1y5o6u', 1013), ('16EUhEzSHrFia5NJVQREx9wx8J53bzFYgJ', 1026), ('3M6jwZLMwSJCcj3jJegFKgh2CG9e4izdsA', 1010), ('1LvDd22cb6RqKFWZEoQJDkDWrYcKnGzULo', 1182), ('36citDYrYPLcisokpTrxWrP8XZHKFT9hNt', 1005), ('31uXBRktNSX1x2oceKcKwx2PaSAY4zGyoa', 1000), ('3DBrsr29RBDmffm9Gm4TdeUsUjSrdXfy7n', 1637), ('3PD5yz1rugsyiiNuGReT53Lcz6qhA9nWtL', 1000), ('3BrjJtdpvboM31hSmZjq2F8KAdJSwcAhZZ', 2515), ('3G22iGktc8cyqUsn5fYH8sXqXvmCNgkoGg', 1000), ('153VYNtn5eCaWEuFSvGZkzpmDkA8Qtd2HU', 1031), ('3ENBTUbYM2fDgVvpb5BjAsRxdEQ7HUUg3r', 1000), ('1ts9jW9WmzeskC22adZATG5xK3EPqTz3f', 1749), ('3L78PVyjRveKmkzQqAaJUDhRVjjGksJasf', 3241), ('3QaNTgEQDsxRFcq54DviMCkCnZMuahWkZk', 5161), ('1Bf9NmzBRbNhPVnqVbhdLJr32vuuGSmj8V', 1041), ('3NEKmcQ7iy2X2X24C6gVw3EDxxtmKQ7BTx', 1000), ('3KtjLYbzVvfVm7z8mXtgmHfK33pgEUaNYm', 1000), ('3KKxEAEXTuDL2MH2DAToT4w8MyfAhGfQcX', 1204), ('3P3VPP82Cm4UK252Kd3cFCf62s919T5mJT', 1631), ('34YRcz2h2nvpZMEdPBRKJjMGVphvEKX4YT', 2004), ('1Gas5rxbADHoq5fGGoa6kxrmPENktchwPQ', 2409), ('16zGAmhGg3HZmreW4gLJLEwDXH7BFLc7Bc', 1811), ('36YwsxRxSrQDP8c25cGkFBFyHLZQ2PkCr6', 1896), ('18tHCd8Vq77qyWd5wfZnNuWgvds5Qryf8n', 4225), ('347HbhSxo1XNDZYcAHRCmxXRWndursKSTq', 1000), ('3PcQ5TLBVnyXUJBUrjj1JjdBnqgrQAzZNK', 1000), ('37WkqTNpBh2G8jseJtCEk3b8xfNfciwHpb', 3089), ('1CBZqgRrCityNyo1zDmfziCvZgTjsaNJmU', 10927), ('3KFBKabSV76rxSuj5RThemuXP7LxYDVmfa', 1099), ('1Gov82Ab8BxBJD3uY2sciStEpQfDM4XPjn', 1185), ('3N5oB6Rfkco42zhevAnqQMjGqUap9eML7i', 1049), ('1HncBNwshd1DYN6Js4KnYxgTqbBs4Q5mqn', 1000), ('3PXg2C3uYBSxGsiEcWqjaGnDwJxUxbhjC2', 39128), ('36Huahx1isGNVc6Wxfz3pWpKYaW8FkCvW5', 2765), ('bc1q4ggmcxzwjysdppc3lmnfhzlyv3nwn5yqjsh7ye', 1001), ('3CKwk3DEeTVERRPQxRWgxq3XCHMvMkD33s', 2629), ('17hy6P4CmsXHE86kjfAQETkERqRpYigLDp', 1049), ('14MWVqmt7AE8hGgJ7YzTVCBceSqicyfuoq', 1013), ('3M7zMYx9QkvxBjYDEJnVadJvMQzUeWoPvu', 10100), ('3Ne52V2v4GNGjBmrddiHPRFCghVUFWb1Zw', 24593), ('34eP6ATuMQ8Jw6x9LYaKtWWW4QxHMQupCG', 1000), ('168hw625J8c9o4fw12v3ChHCXwZDZ6j5sc', 6561), ('3Dc6siGQL4LTozESX7kMkHsTcsdTMYwYjH', 4000), ('32ki65h3pCNkGM3p4DegMEvBnr5Vs16sSL', 1014), ('3PJTkieFhmhogHLyAtT2aSgTNEyZmHMJXP', 1000), ('32Ksi2MC3xtnU3yTUBwhmVTwzeg6qUowsp', 1385), ('1L6vArq9x9sq4gXYmMovxDXWevNvrJRdpn', 3674), ('3JPJTfPDyXXTNZfbK5BVGctLecEUPwEkeN', 1139), ('3CmCwCipoiV4DbXncFGZ8y6TqPPm2dTVmf', 1005), ('3ChBNGahnuBFrxobiyjRVfAccGKZFegyU9', 1000), ('bc1qjd88ugv68r37cappc3cdll9umncwt5mz9u5ad3', 1000), ('3QPz9mL4QjLn9N2FvD6kWJvFzdYkYK6sVe', 1004), ('bc1qxrajrr8hpe7c9t8wlp8wv2jg9dhykffmfksfn9', 2000), ('3PVVG5dff21AZVtfodF4feZVRkL1fmPMt2', 1500), ('bc1qx330uwyhyf86w0dvgwxswwcp79336sr4za67gk', 1000), ('1ACueLxMNrh25Mm1uEQhRaR3mAFP91iNeo', 1013), ('38J3LCkoA4RPFEs8voL3TNsKtFdMJjwEkd', 3083), ('1FN2qyDpYgrn6ixQgE7Tu2nmrJvQcTHkJ1', 1013), ('1GvWqSXLLYVoZwe3T1AS2VW8YeCPDqMp8M', 2989), ('1ChoWFsQq3MLVYV26FG6Efh2nbusBmdX3v', 1000), ('bc1qgfs4hjsppj6y2e0xlku729uaheclcdeyk92vcg', 1002), ('367K79p2GXSrb3De6pyHXg2hABCMs5pxu7', 1559), ('3Nv1K2vPgs6xE89WrhK75CBJkxKiGaZrUC', 2635), ('3QFUja1SKWpryzyPVDts8LdzmrXt86mz3q', 1631), ('3HtJVs3KQyjyyVk4kUhduNcCgjRbDXjHcE', 1019), ('3LqsBvTcc5jAVo6C4mxeiHRSK9EiDm5kR3', 1556), ('3KvAeMy89nZZs7zDfJF43aLVkkABE4x7CX', 1000), ('17vYkEtL47gXLvxwhQe8Z3M3LQcGHLUTG3', 1204), ('19Kmt4KM1FsLVpqpbqbgCqL8HZN9Mduu74', 1000), ('3LmnSmQgRaahGndDXorN8Buctep8BDvptx', 1800), ('1CqNBEgerKv8k99dtYqugKsBs15AGKM7Bb', 1093), ('39zPxCZMg79V2XLWbyNjjaDQqyETTJkS9G', 1000), ('375EFUvVJignUnD4wYAKkwFFKmpoCvYQmp', 3015), ('3F6nx2f91eTJUKA7XaF4YiYZAeBctyGuGQ', 1246), ('3MJoNgJzA2iDnsyj2eUHYZ1tmJhCe3BsyA', 1276), ('1KkyxzL34v1SDVaGJzsP1P39C8xQ1ouCNq', 1122), ('33hHsrGzbkovez7h3QcZcnRiFxHV9L5CK4', 1200), ('3PNFVSGRhYbT29YzwrZFHZLf2tfwxgo3TL', 1788), ('16HAmbYaivPunAySamSQHow8tuvwacG3ps', 23654), ('1ECREdoA3ZqDs3KsVmQoyhbVhSTWowATzp', 1299), ('3EYz6BPfQCrswjn3o2skRChw1oVFM9zsNm', 3096), ('1N7ALeRMBzo6Hn9SARRKocyzQsKwV6xqpz', 1121), ('1BsxR7bSFZ7Tktp2qxQcdoQsVmSw8q3p21', 1000), ('39475RRQZqC2Nny2jLtgJ3hPBdgHH33Pcw', 1000), ('3HaxSNoJ3NAoff19y4styjdboeKT1R4gWG', 1434), ('3EC1fWAWsr8ZqEGihSbjV9eLhX35dZ2xd8', 1000), ('32Z42Fmfx988RkEp2QdMa6g5FUcWu5gD7g', 11000), ('35gWDFnA637RQDr5juau8emiiEH5irt1hB', 1098), ('3M9uer4SZzhsEBiSwbVpTdMZZTSqQkneJe', 1000), ('34AaaGWXL2tCNjxghwzwyWuLKwcoAZcJHj', 1000), ('3GV6PJzxgXtZbJEF6nFZ8EGQhHWKwGUqzG', 1030), ('3MnPHbKY2auaqo4TXcNFPHnd64krjnaEdh', 7255), ('1M1xXny1vUhat91FJP8hUKayMY24ELYc1q', 1953), ('1KXfr2LNWbyb3qHe9MtqFB11HK69bKoTx4', 1122), ('3EhNKeTNTw42c3fD2c3c5xKXDZbjtj8R3a', 2754), ('3DvKaEMji9Sn5iFV4JLfEiiBnTyrczDFP8', 1000), ('3L5ixPgLyeS4NTVNnTzTwNFPo8AFof8eTj', 1000), ('171MZ1fye7JYksV7Ze1Bq3diBTdeB3BNVW', 2814), ('bc1qldtfnvsr5krjft5m7t47zzskdzf8q98dxe8p2n', 1000), ('349do3YuAFDMLohARmiWbvmfRUfEH7eVUs', 1087), ('1HssjTn7DYbiqshUDAydKgVQd1xh4iAJAa', 4097), ('bc1q6e462yth85k0cegqhc0qkzzxwj2alean5k0mu7', 1000), ('1EMnVxtAP6vrYG1va3aSyPacxq2zMbdmDR', 2582), ('15F2QJtGqdQdbASu5KntJrXXS5SPp2S522', 2407), ('3LWzPMgdbp4aXWZhd2bdAthyvGfcX2N6tc', 1049), ('15rAu1EPDfBL6xnHrn72SMuSpLqT431hoa', 1000), ('1JaX1X1Ka2Ca4eGTWJu6ZTMC7LvLzCuvag', 1645), ('1CqTB5mVzvo2iamtcitYv9hT77HR3HnrkQ', 2156), ('1EUk3XAsMbe8Smh2SAMewiBUFV8rtJTofA', 1000), ('37p4euAEXk1ByCh2bE72PtiMWJ1aKjLZF9', 1039), ('bc1q96s3evchu93fmpz9rwnjvd2g2amatudz9t87lgugywfun4wnjkcqxwazqh', 1000), ('1FV3ZbsREE19vxaDrRPmyPMhb1CQBwmKED', 2000), ('bc1qntdukhfvpq8vg3fm2vpra7h6zhwv2dk4fha986', 1000), ('1PTAxfxeSLncztazeKstbpX2qdijvY6S8F', 1139), ('bc1qad97qxr3jd2dyxvl76yg5t862ux6ewuj4r5zp6', 1474), ('38ziHNvMduxY9ZSvLsLEj1LSHFaQZxGjMH', 1012), ('3DS8LDadygvLPpN4YMy1YLBWvfDL4R7XWA', 20000), ('3Hs8ijNPCpFmuVr14nquZ4BDZ1SErkRnwW', 1290), ('1Fmr2WDHrav4Wag3pAzYUk852GcH1tFrNu', 3470), ('3GvG5bVbGyK74DD3GbKTJafBeWvXEttoN4', 20000), ('36w5CMKHAwgj23coNdRiMFrpka9QtmYdTA', 5942), ('37kvy8q9W5xCxc2EA7btbwGNDAWF9uT7sE', 2082), ('1KRAmf5TLtdhu8G75uLD6Dx7UZX1a81Nx3', 27840), ('17iwEEKULJssTEDAa8S5kX6bgKP9q1WASC', 3371), ('38XDbUAdRHJ4urPLiu2RR8A1xPUsu43DET', 1002), ('3HuZSRg7sJBUqLSSUivLxoR9xYaqcdj8UL', 9770), ('34U12MedRjhYrkVHYui4pgRjjMvX6HSjHb', 1679), ('38NGCbUCVe49zbYSGuQzujQrgRzaQujBbh', 23635), ('197MKGzYWGXqw8AGWHYgoiM1Pkfsebp2fh', 2824), ('15nM3H2V6rKgCgiurrVfBDugxHBAF2qjCe', 1847), ('bc1q58wvazskauknyz70t22ctk7ny29jhucreh0fszlr9h69l6yvpg7qftkhgr', 1000), ('bc1q63wt78k0a4t6nmwgjfhphhatu9akzrxrpedlxz', 1091), ('3PeWRJXRSf3GzyK2NXx7Fwi8fdyfDhsNYn', 1211), ('32FNGnEC5oKac5HZeQ2Xai6gdsaSeGxSaB', 1069), ('15HVYJX7Y8aDUhPVj9TYAxL5PLtiPsfccw', 27588), ('37JQapghznR4i2VEWfkAoEBiQ4WM2Xi9rN', 1309), ('1JJE361CZsf38owcskdcWkw6sjya4wEn6y', 1099), ('3FJN5bYqanjTsdfhXL5xBfxDWzGTmGhgYU', 1000), ('31ov9VTFd7jZ9U9YGDofvtRVvvnQiUL7KK', 2945), ('1QCArpDHRnQTqCBMGDSRmsH41pTfmBCMjB', 1166), ('1DNPJWgPWivW1xrYDyW5rXvZMV9E7iE2UR', 21907), ('1BGU7BQPdqZirTkBfgN7BJsmEmncubvA5F', 2099), ('3PytZmZHFFcY6Pu3PKm4z8Zi5Bb6ULdtin', 5500), ('3P7LWHaKa4xHPMDoAcmJwroYkvZ3JMNjDZ', 3000), ('34HfSfxPUwxfXATMkwuTc74uWryQYtMGti', 1000), ('3McF4Qv1kKzACSBVMsZFstCtAi5EZ5iQ7x', 3842), ('32WfbbrhrkXk442UMwXZCAg7WnLvZbLkJU', 1189), ('12xKH6a9S6uoCEk1X2c6s3A3oXgGrRnLoF', 1599), ('38UqfjXXUc1wHpLDLVwgyda42eLmqDjJoq', 1066), ('1KeCg2voJqqdjpUffVVgbRmBJQiXvywbkZ', 3600), ('3Nk6CmYfoBoKybUjotp4LhP7YRguAGQVBF', 10011), ('31xt5DpmtV76hcrk7SJTQRJTgCR6ywdq79', 1000), ('3HejZ84zgv4Z94H9Lh8zPxAG2fKAc1fobg', 1169), ('3FogKfGvdwopG4jXoEC1xFz2SBzt3msBN4', 1267), ('1P1rHhZCWmqz65jRyQ4Jd3wh1YNysMXhm', 1317), ('3QLxeSNz1BXbWEsi6QR4U2m5Sv6Ms3koTT', 4000), ('1GtNAmBqj2rB3FoATPWobUFC2qR2Yh2Cd8', 1637), ('3JcBYETukpXWxoUWpUCYfYXyZnWD2VDk1Z', 1000), ('3NCQJ2YkCke4wprAbPBh7KDLWPWjntLCCg', 1000), ('3Bb12XkqH5u6wLevumNmdseSK4DC4BbbJP', 1000), ('1E1LiC85icFqeFyHEJAEXemmtnsTcTikax', 3177), ('18WNDQ6Zx95zm8T5FzLMMqydPd4WyfjshM', 1000), ('3HHLjvVZttCPCnc3tsQ7qxGPFuMXKXE1hu', 1000), ('bc1q3h9euywp250slf9n62esqg3hjm6eaa8xxwnhxc', 1000), ('3GRSHzr8JJkjE16RePWBDhsc352B61pcAC', 20000), ('17aYVbhc6639nVb3rQWF6M54gMYs2RDCvj', 1206), ('3NMKCU6SXsBUahAedhXgScqZCwVRZpktV4', 1457), ('3Psxya2NV2agTW9CarjDuZ6Lc8ctQba5th', 12962), ('13Kb3KwaXxbwNVMnzX7byZaz2t1muxMisr', 2000), ('35wsKag2FvCPmVYpMie95Rcyom1T6a6Rfs', 1000), ('3BT4BxE89PfKooZaSVYpysabBaqWXcco5m', 3805), ('32o4xz3tCYCy1vEDrAGzhW2Tcn3xU4Zcj6', 2977), ('3JEUjaxnWVCT7FQx6UT7seUzzPqEu465j3', 1020), ('34VfdcaKvh73v5Kw9NrWMp4iVGdW1jXDSn', 5000), ('3GnFqRpEvr6YUVzNrFWZQYRfVXjVtLoGpx', 1067), ('3CfixVg814m3UqzFHvhdAjBtgk9G17qnrt', 1705), ('1MCNQ5QUKMoTPiwqmpd77zgk5EjqAocbX7', 15845), ('bc1qc7s7xfnxrg2wwsu67fnzg006t958vq0w8e0gxn', 1000), ('35JGqDDAG899JWmq6npjnw8FPWec37UxAa', 1222), ('3PvcT66dcSxAnWxwJgV9WNbcXn8UtvBvne', 2587), ('3Kcuk7sh9xW8oQ2iGMY48kffSKg3zXVDpE', 1004), ('bc1qax47gwz92x6z8n8getchwgwzffyucles52g9sz', 2029), ('1BfTeALTEBgYhQPtctzW4nb1kwCNVBzqiT', 1028), ('33a42maWECHdPCmeTo9DqoR3RgKJDWrdto', 1000), ('bc1q3acsydfvlfgg63zpj0yvyzk5v5p5jhtjr042gz', 1338), ('1CvaSYi9wnqYicqwv7kWEmdqkDS518nvsN', 5338), ('bc1qnejyhhqacu3ngtwt3pyjyaexpaquzhpn4vhrjd', 1487), ('3JhW3ceuu75KNkEnVPxtmeTy8zBKsheRMu', 1043), ('1ByMQdELtjV7LCscX6UDJwVfw8Sw8Qqynp', 22499), ('1B6M6eC1gX7z8cx1ejzccFa1DMp4HXXF68', 6999), ('bc1qxsyg9vrmxrl2ywu25rgxmk7tqky2mzgthemghz', 30007), ('38GquseTpnfzYU5tdgPtx5xccZqAMdbduG', 1382), ('1BBHF95uYnN862dcbE8zPsC9cEzDxjE2d4', 1000), ('bc1qumwazddapkczxhsspuvf4dfkzvecl4a5f5pvvm', 2299), ('3Az3swfNxLShA28hW1s96W9wUTHFMSQcG8', 2544), ('1AXkZC3NTu4zfHTF2nBs4Vk7qgRsc7mgXE', 1090), ('3DLEAwQcMvMHmwnNh2N6jxtNXDMXyDwLxC', 7116), ('bc1qlh29k3ljfjarhu24u8w9e92d8vf5wd9mwgxvy5', 2000), ('34y9iz3xEGPJ1zJfjnM4DQLfrjt2oShUjD', 1329), ('3BA7cxLCHsBdNBapWXqNYgUMebRb9FrYew', 1015), ('3FzxBRjcjp22Yku9zCGSzftPmswNLZEGJA', 2703), ('153R8jiquAuqeLw9ripXpxx4LP1j2yViWn', 2082), ('3JbUnWPSPTFHmLAqs2WQTpzjtud2vH5bj1', 1075), ('3LzEYC5dAYVCf38f1YiW7ignt9aTU9o8vz', 1000), ('3NAQUST8fFJFaE9eEycd3kCkVJF6FcQAXa', 8770), ('3HzicwiBrG9rTZNjJZw4AhHrGPr8f84d5Y', 1677), ('3HPjUo7k6zLEgqhR5rc7xQANhKGh5X8Now', 1677), ('16w5851YkBPnMyyqPrphL3kEhgj5DuCLXy', 1188), ('3D58hwRpEH3YspgpRWjxm478c3Kse68Eos', 1000), ('14naC9b7KWRYPWErgoUcf9UMD49vxYCgjy', 7318), ('19KyrG9AqkVaF6kEdNDWiXxG4auiBmg66s', 1000), ('3HZD7Jtkr3HajGHgnNtWgRp1BLqrCQbPw9', 1037), ('1GtBxWNgRr8H9q7gCWt5FZxLADZN7CARrU', 1000), ('3MUf6DseLVYensw4b4cxLf1dJGBrA3uWvY', 33068), ('3HX6u7KZDGfvAwbLZbNz2MmxPWacr3XB6A', 1099), ('31tDo8DgtyhDhcJnvCrN2nmhGZzHxUZQ5s', 1020), ('bc1qgsuhrtr42cfkhg6udplgu768t79xlkxfqv0xa4', 1000), ('33TBJgkqVsEwuBQzpuoKeKprr9bHbwSHgb', 2089), ('39y55tbeH7cPgqrJe7zcTdHoewoiVLAw4L', 4486), ('1JrS5MMJ2RgPwkBVuAW4QawBVZMXLm6wnj', 1027), ('39UDQ52LcoSqL3BZQF72VoPcnwErCBhX6Y', 1000), ('38cnYoyibFM1YkwfTQccTTk6zbNp4fkscp', 8838), ('32Wp23ougfNkGTEpEyFvdDZym4hpyaW18G', 1133), ('bc1qyh75f8z3dvdzsh49w46hxzg0rd7uhg8vcmatxw', 1081), ('1KrFgCxmGhndjiDEJXCrXcwnUmRTAKPMcP', 1000), ('3AA9LxQT3GMtFtR12zBNnB3xmwvwuqSLYE', 3372), ('3KtkiEZcMTBGLjcGiiwNtTHAXu5U1fvX69', 2000), ('35Fm1Mh82d9HGpYAYqNoJjUTRWFsdNsuVE', 5171), ('3Eqvt6URFNJJSJVBGt6zNg6fesHLP56cjA', 1000), ('3DpmoK95LDPbFpyzExGrVoMbpXMyjLbrBi', 1500), ('3DDsTxcY5R74vNm41AcszgrUUzazd75qkT', 1069), ('3BEUxQb9e54QcYwq65xtoLeVBckRYSa3io', 1470), ('3CKZ5fJCESUL4WiuNyd2PqVH1YbGHDWd6R', 1000), ('1KvTRYHVyBzg85oBxgSxeCRMCVt2XFJuEZ', 3000), ('1CJUU7PWQKtnabDF9xczdwdcnPqUw73b1n', 1000), ('bc1quxhz06tjvs6s6uavwgwrzfm60z2qzyx6yn6lzq', 1008), ('13YtpcEMhmFsCZ6C8fZznyVd6ufqeduj4y', 1607), ('bc1qsh0c5hmjnqap9zdtwm3d9mcgjslm6pkuvz9d5z', 19437), ('bc1q3jy8rfvf98pz3d06hc6539ax8hlm758y4cqjpn', 1000), ('3BuBZSJGoeoNvXT3YGrhtsJVZPGhti5CPM', 1008), ('3LVoMRvU5SzrNZmCQFeHCbQk63LGQEdg6D', 1399), ('333vRQTmtMZYWN49p8VKi3PxFUWYK8QJLr', 6106), ('15W7zQSiuawYzeF9EzQFGEHBsdeiRYaPTk', 1008), ('39WZ3nrr6y3Shv2jGtBZe1j91LPxqJjHvt', 1117), ('bc1qcayuhclsac84g9lat8wlrmn7q6kwq39u82ccl6', 1000), ('3QbZfCuJDrJvcMsiYvRc9rN4M7arTQc9j2', 40200), ('1FYoLQGy2QLUuzF32HNwJ6AxzJkCdVUTB4', 10100), ('36ByDb4LE9diZkeSiAH8sJvoVvomtKwYkE', 1350), ('32ZXQaRDbJnkAMxXSiMJpbMumAZEFdBCwJ', 1000), ('35CDHpKwi2jdjqLdebFVfoe2kgaJgWQdTi', 1627), ('3MsAJPA3F21WYHJDzkgLjbtJTyiwrbiJr9', 5000), ('3H9MUqK55gmxEgtbu87ufeynz3VFGR8NfR', 10000), ('1NsFtTNHbrwRbCiN9SwaFut3a8WLCktEPw', 8409), ('13CYEeC3otb55dsrp7teaEbHC8N6YA5voE', 1000), ('bc1qa3dal7tre2zcvesc64j5706zf9v3wuj4ssa9xd', 1805), ('17A8UdSioBaHvSWwq7TKjDj1cXGkg47LK', 1000), ('3Da1qKSDAXcybzyzCukK7wSqkCWvXWcaHf', 1866), ('bc1qwqawyrszwpfpx2zgmgaswkrqeng8tc6fjh6p0w', 1000), ('17sC8Lyt15XkHiXBzn7bQg4FwTa1ZoSGJq', 1139), ('3AhW5rR5SgyiXTS9QyJXCyrGxqJct1awna', 1001), ('bc1qy944tsf9hafta405kqyw5dr7ys7pzp7dwa9yz2', 1124), ('3J6wg9WANmk2gWbcTBh1YdS6vZDUKwNfYb', 7362), ('13M5eUmA1mAFoJeWrExLtVFiJQFWdqTatv', 5078), ('17oyk3WdAib8aRQWPEVxdsftqQrVPWbXtX', 1000), ('32FL3FQAkmPqrRDakZkAcdfvDNxVEFhJ3o', 1301), ('1Fg2QA9jVcrAXE8ufA79hPWMuCwqx4HmQN', 1900), ('1Db1YSnz1GqVUstvvuLc6YQ8GQauLvESjv', 3000), ('3HfeDSNrbHKmonkDQumk31vFmF3snm3zUD', 1000), ('1KhJSZMKKQaEyozmk7HjjnAtZjtM2CvuNu', 2699), ('1CbXdo37nCzYSkF9TbzhzuU81rzM16fmvq', 5061), ('38StzDCSUJFjUzKwX59WQcec1shsdegCE9', 2226), ('36fpR3z36iRo5E1gZggzD4F4BxvtREqw8L', 1431), ('1HKva7QyQd7WAj3766wtaps9seyydtsRdb', 30110), ('3N3QxPjG1dC2GSDxqXg6auG4WTeQan9Gij', 1005), ('bc1q7xy7d8m0dajylxckn6797t42cet5u2z6smc4af', 1000), ('3779oZA24STwRQkPHBcTYThZ2UPNCv2QGJ', 1000), ('bc1ql7hze4w9s0uutke2ceev9rxn563afw6dzyhk0v', 1000), ('3CDuWgvWEDdN3WikdSwynaNd4U28ziRNU4', 1064), ('1QHR14fo4SR4s7rGZjpXRwcVX6Tmq299T5', 1000), ('1JFgEqoazMKasEwzg1o4UKws7q7oaiEW6K', 8496), ('33c2QSzEjuvuMNsHVyxZDNe9YKp8kWguSE', 1309), ('3JXLrye3h4HVVoVoq6pooPFtuYfNy4miCi', 1751), ('12Xvqfv3bCxHJE9QK1yp582huepWirFaXy', 3138), ('3My6gkS5nBCSeqBV6NMewo2mFvsDGGAtSV', 1779), ('bc1quarky0ynrfqa276gejh3dtz3792vqyzfpheuwy', 1000), ('1BHcio2DsKHyXPh4Nq4hCUJohSkTREXHyY', 1221), ('13AYH6r1YRxEGs8a2vLJGNzPVVfafdZhpt', 1027), ('123TnKkb1Sd6ZW3BJJFvAp2out7wN8Exab', 12321), ('33pKf2ZJVidtMHSfc4pYLdfz2FWeoJUdwh', 1178), ('bc1qtud4a8tth8x9a87rk396t7nlvpnnwl2rqa27nk', 2627), ('3BTgFZnXS3KHZsMfydULdVCjT9j5Yex8X7', 1000), ('1DwyXetZM5GathuA38STU7tqy2jmLv9bPP', 1433), ('3Di1ysDLgAspqHw8rHDPB3qzuLDZpW8GHk', 1099), ('39NrkHGxKi9cArzgcBBjeLKTxnsVtrYfHi', 3087), ('3BAh6ZYdDcWMbWRcsoFgkbEdonyHJcN1QJ', 5848), ('15GzqxDtDCUpC2S91ArrDChcF9ULVfvUrT', 1001), ('3Fxy7VBmyWQNVT3rezrssiasC1Jhd4zTVs', 1000), ('3DHad3sCkpfSEu5FiZc23aRqNtnnexxtCo', 1060), ('1QBojw4oQ7KEmxLaYyvxQQswWbZXsb3Eau', 1000), ('351ubZdCSqTcavTE2iPbefBF5hTh2t1z5K', 1000), ('34Ey5WDQbsUYyS1KZVESBZGKkmQprhXSvZ', 1500), ('3F2oASYzjXchQXGEgXURuNSyATPnweCGWS', 1805), ('1E4cG2a2tPYS6RpX7tKEFeDiHEngccMpqS', 1000), ('1J7KZDhiRs64kFTgcQQWstZBNesTETg89U', 3132), ('bc1q2qkkgrgru2zypqv28phar5zwlmp8cqh9kg64nc', 4199), ('1H733T9n9Ud65yr76Z92V2C1JTA3gyuLvS', 1542), ('3AmQQKvYDUZPBKy8jKcswAwCRd4b7FxiqH', 1000), ('1MwikYqBu8BLjjq89kUCuHpyYtcE4fkpK', 1000), ('bc1q4las0x4c3p644d0tucxg6zmtunurtfp69q43jp', 1207), ('15sTV77SZxJRp6AKAgzJ8cY58q4zNqfSPQ', 1000), ('382pPFwWJZBS6pea9Ke3MxtkN7HDipuv67', 1333), ('3BKgjRGqgZEVsnytdeRzohuKr6tMJFdRf5', 1000), ('3FCYHf3uZZY2r3CjkenomnRNfi1F44Wrzf', 1000), ('32dWrQ5DWfEFDTtQmy1dEbd8sg351ENnNz', 1024), ('1BtRNvBHMY4csG8fXGRQS6qHKCPfZ72ReE', 1004), ('158StUEybTRCcnWGPwfrwkt3Cdyax4znfa', 2150), ('376d4HqvtV7mPxBFwKctV5E7xEvDquGmDz', 1178), ('39BEU9FA9QbM1qNQwGsQT7fAjm7zYTnCgd', 1152), ('3HNLejcomHVYSLkpWXwJm6dzw1mEevPLVT', 1198), ('bc1q43wc9xfs9q62mw8m8jkg8trsuwkraytnswjhfa', 1000), ('3B3DAu5XZj4U8CAzrvHcSp6zhd2kbYva3D', 4593), ('3GRwXMKPSq6zpmn6QLGy34ALeJobpyusSt', 2072), ('3QiKXWRxPGDhLkYWGJ7Z2ahRPYNKcsHKJd', 2960), ('1Cv4S9gg9i9wq2aHMVo6kpb6WZkoeeVuhj', 8443), ('17Ky4Tr2cJeZuika2y7iZCBsHitfrMu5Ki', 1000), ('38WMCc9Qih7xEMHXR3D87gJkfGFtsDMXbT', 3499), ('3Ap8tyaaF4LVZj1ipT2tefED9V3pNSV8rq', 1066), ('1BXjy8EjHPdq7qxNV5ViMtqLEB5MLHnbAS', 1320), ('124pyxXJhczPPXFuEgGTsAArpjKMFPcJUX', 1426), ('1J8ZxjcCnzCQkNvRQGfq4m5BmeJRaA47wW', 2309), ('3Gtqb8qNJVVSp9scJDuLPTSncoL69gjiLA', 1000), ('bc1q803d79wd8ctflpux2q0zkwjm8a05xtf6ejjm28', 1000), ('1FNhz62w3nPBtzWF8scgnt9xW87Uc8M13Q', 1559), ('115iTnbikrfRGL6wNHpYdjFLJaP2FY3ivF', 2000), ('3BdhpVYnQUgkA8tbJesLvi7K3r3qTJtjvG', 1493), ('3CGj3VLpiGB94HeQjt6p2ozhRfsqQavkcH', 1182), ('13DfNzvvArRuwLpwxxeieSrV8BVqPVmAyV', 10037), ('16aiB69wEYLg9RfFVn58MJmtL2WgbKjvLH', 1930), ('17LrYaU71jVcFah2vxTbZotRV1esqSJEyh', 1000), ('181jtZChcphHKFJX9u5FCT1K4ecD3n4EwK', 1399), ('3Ep1QTPdQbZ2A4ZS8ZJAfdJenAyJBNMr2i', 2839), ('1718FK3Vh2jTwz9xuZsjLLxXJ3vpfbrzuR', 1008), ('3A1b5XzxgDFDJBzcf6kXPXP5gNbYYJRuFm', 1314), ('38r5aY8ZnTJdRSt6LNBU27ar3zyxEpBbDf', 2822), ('39zqknKKXWsUW9PtBCRA5GJcbqotKu3J24', 1000), ('37J1kPdALze51RQbSgrK9p8ervuH7hAB6y', 3000), ('3FFnVZZUH8RAEgwqY7eHMLf8f6dbvY542E', 1000), ('3MM3zzPfLj1KWNGfMsv3tC7zJ3Bac4wXgG', 1061), ('15QXJ7mHJpJTYg9Jrz9VjgnU64LhY8YaJE', 1002), ('33zUmNjpiVe2JEaGCw4DZ1cAVdwd5FkE5f', 1595), ('34yUv4LF117853F9393GRxRfYFkHA592Dt', 2320), ('3DNXrSq7DqSSq7x8ftvd2cNP9xSeNHiYYj', 33060), ('3HSxjWe1UDbaNxNRE3UYx5UVmzMjUm5QVs', 9163), ('bc1qsv2zkplx4xj628hf7q5d9jjdq6km9ndas3exmn', 2512), ('3PShpeUsErAX3F8ohaibss6x42wdRyGyZ6', 12981), ('bc1q7ns9n0gls5kg4xz08h7ypl3ay4sa0j7884ldph', 1595), ('1NE1p44WiWrsVT6pkPWybBQ4wkipcST7kH', 1768), ('bc1qfl97n35hz2yc69njrncduq45f6q3zjw5cy4jne', 1241), ('34iVL6N9SGwHvjvQeexQNj8PAGkYvV6CJZ', 2110), ('bc1qh3lvhux7kdumkrlha3gtvdteuuvz3glxzsx56g', 1500), ('1NDzgCqSMg3m5CevUqBuDF8kdNrMsBeiAG', 1099), ('1FWDd3PGwWxHscZQCrCmeajBmaGUdNhLej', 1065), ('38vywm4p8VT6yPym4MjzJFCLd1WQs2bk3T', 1000), ('1CsUMnBwad9pwaoGotwE9uHEoNXrmVD9aE', 1028), ('35o3ubKFbLJVgHyE7yoaX5cLP7vAEdk6PN', 1834), ('3MWn2GyiWFyQ7XGeazRdDSEPNXBdT85mdc', 1000), ('1CKEuh3wJCkD5JsDMC4MLjRjavCWJCZCuJ', 2780), ('bc1qjjha9jsrmmnf9ek6tg45ue8hm7vp8g78znheaf', 1126), ('375ZcT34S3VkZg1G9D5rQdooUqjRYbBsrH', 1013), ('3LrBSm9nSbEUksaa6GcUgzZYUd9xtxnGag', 1014), ('1L3gK8dd9XEebhXwuYXMWfjFeo8ttxojr6', 1000), ('3F4RtYZ2puZbXFxFhzjP6oNm8iiMPSaiXo', 1000), ('1Nvo9M17XRE6vNavxmmZiTS1eDkC9pLToL', 1000), ('3KBXYuscPtwW99BjcHfyFpnCdUPgPeEJRr', 1114), ('398Us29MTRaXzcziRHNZtE3UggEqCHvhmK', 1904), ('391thgDGkGXkfqZgbRpcVPB2saTMVPLWUG', 2343), ('3BqmA5BSxUvvEXU4wbQb56ZhEU2P9UsQxC', 1500), ('1NumxMsx2UZaeiof32Z5SAUkLAG5D3WtPy', 1004), ('1F2N4h9CoJQ7hbiR4d2BSdwj9Wq2RXC9p8', 1435), ('18UxSUjbwrV8LZBZEDKjnXA2cqGMNwD3Xi', 1160), ('1L65juuiTLY2nUUfWdKQczEFZGk1tBjj5k', 21000), ('3EngRGxbkBw7FhSVjvm8keC6bUztRkCdsB', 2911), ('3FgjTdho6b79HDPMSD4u2Cjux12bp5Uz7K', 1000), ('3FLNZfeSf7XGCAibvNBbUssk8NNnAzzXTZ', 1000), ('3ANpm22AmS8hRHH4pp3JF9vDuGBzfDSmuf', 13899), ('37B27xCmha4EEGrEuyYUaoUjKSoMVNkbjr', 1299), ('185uHrphdzSJHPwFNyrK4yuvR7EwEA3k5k', 21000), ('33naT4sqg7uRNyyEShSkgVf2RaGgVcknAS', 17222), ('3K8SQVywzcAFEAmpu3XY1MzZS29sP6GDF8', 1524), ('1DTS6W9w1pL8PSX4beecELNzaNzQyHrgn5', 1900), ('1HL4dFrajmHMQStQgBNhe8WhS9wTVgtGZj', 3106), ('19aiP4dwhqq7FsQxUstSNkg9H8Gb4uiTQU', 1000), ('bc1qsfycf9yfckcvfusn4yr6d8yumj3yd69k8cx0ek', 1599), ('1kG9h4Cj9NLG8Qhx84BAzdAhDjYqXk6Yy', 2506), ('3Hu7L4i92A6F6cSfn9e7WGGBCvp1bPyZG5', 1000), ('1B68VRrtX3N5QdRph1tCQ2vaHUEGw346FM', 1860), ('3Au2VKpnk5SLzJ8oHJJskiviWsaJYHuiMo', 1000), ('34kjirm19vbWfVwKXcT41KkSCMWF2PnzDf', 1026), ('37B28Hyhxzr9p2nr3w4kjZNr4cz6RAWbts', 18548), ('38Vz1oNcF2vDHPzSxFHf33PK1k2jc3SAKC', 15288), ('bc1qc3hgxw9shdwjn2v392xc2vl8nem8hx649axtpw', 1310), ('18U83mWUkhoreWbGQy88wJkAxTc6MoaMAe', 2000), ('3NSx2GX5kcKcuBhxHWZFLHhrzC1Qx55Do9', 1002), ('35TXXR5ggT6Xe6jK6S4kDzgmrsQwewYjwA', 1011), ('31iTfenZYzULjWsLDsjiKERdM7SiseBPP5', 3000), ('1DxNExaeP4SHwjjT4e7EroW5nYmxwWumwL', 1423), ('3FVAW1SKgH74cnSPSFrxeCbmZc8huZYKgh', 1703), ('1KXFfbN3fhiiFSE8g6beXA55VakQXhFXFn', 1000), ('36YHaABPkdUxhBwRVfVekKJBVqFyBmsAaj', 2003), ('bc1qqgnavr0dk0xqp52d5wagsmwq95ys6t4c87vq42', 3979), ('bc1qcw698cr9uf5cw88qnvmpmpf3626kj9vcj5y3pn', 7715), ('1LjPVc1W81h3TRffHiTgUbXPqmznv4eTuq', 1870), ('14iUaJSnu8avTGkegWkQ3uKAzZwJCBK4ZL', 3000), ('1FS3pqLdAYiv1GTqmThAF39qgH21zEf5mM', 18000), ('3EiVvvfq8ywu2MDBoRWYvRxPfbQ585D68h', 1790), ('1BGk5UDKD4qpekeq7mNFGnTdAyq7qNGNQA', 3017), ('3EiD3WPupHYtUkWYDUMVwoxekTgUfnvTLs', 1034), ('325sip5Zywuytb3jobp1TiTSjLBpivEkFw', 1014), ('1AWTVse7U3hM5eyHXUWuvXfCoXstLB4Wdy', 1037), ('3K7ukTKpPh2tKAnQ4jR1SiETtxQBJEPhRj', 1208), ('bc1q5n99p808yeushnen8jmpvqnlck0adgx9eynhjj', 1000), ('1GsKuB2Ruc6kQCw372dJ32gSpWSfuS1BDp', 2199), ('1EAtrkybsFsDspTJEG94ajuzyzG8oHj8fr', 1885), ('bc1q738a7u96f69z8hwvnjrku04uht5ycz8nzlez0uuvkg40rurmp7dsulcwef', 1000), ('1N3P7TxkCht4Ry35pYHfgFjXYzbLuHVy9R', 7404), ('342WmtSX7kAUpuEW7Wn1Exiec9mrb23Ya4', 1207), ('3FqGnA1pv2RtWBxCpyLt67qTxxFmgeVLPT', 2000), ('bc1qxume3s0cd4ckvyuy9qy9zp47nvynfrjx6xlla5', 1000), ('359gxqs2MfqS6qfMWgYbxLzbXh8gL2aWW7', 1796), ('1MMgtYckqdWcNfXsbE7ozaSMp3NGsSv9xH', 32165), ('3Gk7CEL4wwiWjU2mZ8KKkFEew7pCzz8AZN', 2354), ('3MzdBgi7eziDRCyZ4kFA4CzNv63MeuKUE2', 1010), ('3G3CKec6bBzB9u7MyRDF9FU685THU1TNw7', 1000), ('13anLh4RmhnwiMn7FvFK2F9msEnuPLMKv4', 2390), ('38G4HsyVtwaD9ECYavLaFg9BRVHThFFSLv', 1016), ('bc1ql3tr8svwum3cp7cjm0fldw48avwj3un59lcl9v', 1000), ('1Fx1h4eTAQzxBidCH3WdvUDktis9w9GDng', 22416), ('bc1q4htm0zcqvtn2jm4w44ezfm8766fn9kvup3s9wf', 9200), ('3CW9rZjfxpmucWTrQXqvEYs3MVikhvLHeX', 1476), ('38mRkTpKxWzuPoi8YiTie6BVoZ3ZNwycE1', 2000), ('19EmpkV9wcsCDgd7ytbd13JAqHWZLjDfbb', 1138), ('bc1qsye43ppqvxcys8jd03xan2yj9l4n5g2v98ltqg', 1026), ('3EoLHtMP1TtNayXbdGUWeQqPRpZZHr8okB', 2000), ('bc1qjhdtvthrx5vpxjys8gv6t2pqmag468m2vd4he6', 1000), ('16xauqHD76Ugnz2LtMEuiAn2aZtRw8XJ9X', 12887), ('3Gt1EaMGcgiLYniFs7wwhxpEiHvKzgJ5Fu', 2000), ('35tmmtSZ3sqL2WMMnqHYrhPRhpXW8L8tzg', 1275), ('3HWsGqRaXRVKeseKXcLz1DyZ6qPKCJiPAr', 3138), ('bc1qh2268408k877nn280nslmul2plp36h067fhrhc', 1000), ('1GBVBANndsKhJL4R6Wi8so9JXh2ZSRR3qm', 2423), ('3KJVyN5fhumC5xAcD38qPkuQnTJtffwAkk', 1004), ('3P8dP7RJUorUEUFwBwSU4Ptgd7EuTrFYoQ', 1002), ('3F5yQPCAu992UYEiE5xib9ccePPPtBdz6G', 1001), ('3QJ4K3FbyeQ8uKBp18mJCSTFtkdWs2rjbW', 1000), ('1KQ2Nv9HHDcyQ3nsc2k3UAoWHfuzfE3VR3', 14808), ('3GkqacdkA8CM9AobsXSwiwzXyToiQWR8Pj', 1804), ('32sAWNsXTyjH6i2mj2PnWYSQUogVJ6GRhe', 1050), ('1B1uZAACSQLA7r24zx8rMkk6UR9yn35v3Z', 2000), ('3GZzvQjr8UL31yCkBn81jbW79w68pvUDp8', 1732), ('bc1q5yhwmvq3wd5dqaumc9ry2wcqkkujwsmanlx2r2', 1599), ('3QPbNvpdeJb9WcmMYC1Zbq3dJ2N9B8TwPu', 2424), ('3MZmYFsLN4rDB9ZrNM9rjaHRbPy7q5QqJz', 1000), ('35ZXjwHP7XPBAXbtv4CqssnCg8SEu7qKRZ', 1891), ('1APDBJ67mWnqitYNmuP1VaYCKpnJtgKKj', 1151), ('3BktZTq1CdQ4HnBgiZrAqPjB5V7QiaA1YN', 10000), ('1EMvgQ8Stgw4UjGe38mUnNkk1VQMB8u4aR', 1015), ('3M5sYAf1ZZ2LJ7pGRMrWN8ZY84wcr9Xfx8', 1009), ('3HQw36QvTdsiVrEdTNKAEtaweG2F5odXCR', 1049), ('1LEVqkGKXpgCgZhbwyqXUqkafKY6chvxK9', 1343), ('3K5jtpcCEz62NjD3VDYVS3dN8TM9Pzt4rU', 1000), ('1KS6bCsQaZb3hWbtBjqVc27Hr5XeWuACr2', 3290), ('1AhxDjCvqr8XyG4tYSTHXy1XSrStErHXyH', 11901), ('196LqotaLgxs3QxPa5rbiF4vgnFwBzDQho', 1186), ('1H751Z8iSLzk4Q264o6CTYMP3PzPGLKQHw', 3649), ('bc1q06wdp9ftaaqdgkv5r2ter5sl3n8f8e44sd7gp9', 1000), ('1NevXRbbLjzzGPpMT5E4eMBi4UjB7UGG84', 1281), ('3FSyxnxYSrMBvbmwPDBsFfjkDKJtdfv267', 2998), ('bc1qk04a34rak47q8076lxlhsj9r5px2cku8s0008s', 2000), ('31yrgNPUtn4nmurQGtkBrZ4H1B3TZyTzyf', 1099), ('3FdPx5RgJUdgZ57edB9wHaRWDRoAiQrd2S', 1116), ('14bx5V6nH9PDuzvcFb8ruPitWri63AL2qF', 1000), ('16D4GDp3vpmGLLGdGDCzq5XAC9cgf7EGjW', 1000), ('16yCV43H3CZPQEuUakULDz56JRfZEsZQSy', 11990), ('1LhkS3kw7CmmTfLaJqEMBXmJQ44HGE6Dwo', 11063), ('1HcTEehegNGT42CnPxNneAsA6J6SuXMyiG', 1015), ('19f1vceUJpbXRGjxhSfcc6iWx1BdatPpHW', 1000), ('1PzU6ufYCyf4ukSNAfcUHH1SaT5LuPJzy1', 1222), ('12NkgCUwPiYDxivLwxcMpttNKR5SvpBo9B', 5000), ('3CBiSUni7AAFFmhkxhKeLSznUFAb2kLTjA', 1000), ('3FJegNXyT2CCfbvKwEkFDqQEGycE2T7w11', 1094), ('36hSi9WnhmmYdX7gsod5KgqUEk5gTuq4wy', 1000), ('bc1qgn86qqzgyd97sp3e2chdpaqj06en3lrwmezkm9', 1000), ('3K7E354cK5TLGsggcqXz6ntus5VQfEKqFB', 1419), ('3HwovgtZHJAM18vn1Yb8GXAp756cST7epw', 1000), ('3ANh3hbDgakw46ryDiQ3WRdmDFZ2nP3boG', 1200), ('bc1q6wumx7prm4agdjfh53sw57hk04d3vawghqr6e6', 1147), ('39Rbrv2XWMZjqYyvXzTCoiwGBDP3caY4VV', 2445), ('bc1qefva4dvscchg0xhqhjx2txjr3f23pfzqlw0d9m', 1000), ('1N6iXbogEiKbQbPv2d1EoTbA95LPTqn9Q4', 2349), ('1NM78CbaXYYD4suPdNf752siAde32JtiLq', 4789), ('bc1qhng95q6vezn9yn8lj0gj5fgljfcvhmhawzhunr', 1148), ('31rXsKMoGHDFQ29RSWJYFC1yhZsCT3vpWN', 1472), ('3MR94nBvHMLSxZn5prk8ZmrLMZ7xxd6DKD', 2714), ('3FwMKAEBqVaSnGQ6CU7Geb4FDQcjAAxtKR', 3047), ('3EcvTczKsgxiVdr9c27Ufczf36cUz9qVe2', 1011), ('12Hu1D2AZzMS7nrGDrEBB3iPCMTQHRpLQj', 6025), ('3LWS37aDsY3VuBrowmtPEpc25ejm1D1bqz', 2407), ('3Aeikn6dpr85G7G7ZmtL9mymDknLGg7xzq', 1068), ('3MtCH8ShhZKshfxjJwdBEStYAT6LYgqjr3', 1879), ('3Jsiife5X9UEoDvWyviipNodTdMprkLL3t', 1027), ('3MjSNTY6r6VdRPZSAA4kHLCde2Yz5tZCy9', 3000), ('16SiBrXHD13CJxvEsm1kVwE5Yadcn2knxb', 1000), ('1CSyRnwSFvXdCfGFwagbJhqg7e29xGBPTE', 1000), ('1HU7ekoyFudDkcntxw15gZYvG1YdyDavyG', 1000), ('12B3BmZf4J75PoekwFNo8tJoiiXswY7Vxg', 1489), ('3AzWMHVWnWV2cYTYR3NbEPtpmmKhxd7F5M', 1332), ('3FhVx6AHxZBp9xNxops98EzwRYNg2YKHzX', 1000), ('bc1qkfavkfqq5wpq7220v4szm824rs9yaac4rv4mrw', 7365), ('1JuxEupqFJvQCqA1Uxh1VKDR2FY7jzE56G', 10000), ('1U6GKuCaqy2mhEArAzFfn289ahyxddPK2', 7020), ('1EhjKHPDFPAF5mcQDKyUT8AYM1JM9BAdUe', 1051), ('358GoHJtYga1SgcY76fow4KN1hbC4TNA8i', 1000), ('1B5wj9ct6uZoKVmqTcwVsX4QUywxZFQD8Y', 1000), ('3L6VTwoi5VcELUVCKcZc1SRcWz9vkah1d5', 2260), ('36apxfrM1qRq4TkmsCu3eUXXjhfFe1aetQ', 1001), ('384D2HdtWFwYLEbceiRzMhhvBFUm1mPEVt', 1029), ('3F1phsNPUupzYgXjhHfNP3SBcR8g3zFfy4', 1000), ('33MvKEuuEzptnXxNncsba7kS89WkHBoAdm', 30258), ('3NTidiSMfuqWyLCujxoG9TwGf2we528iYz', 1399), ('bc1quznxdg6r2af00ga5p3dllzcakg4p6jy444pvml', 4000), ('3PEEond5TKGyWRi84WhHeHghCH9N4Jy5Ns', 2309), ('1HUsBahWeWKB9sjcvfecQscyxKeNi9U9Xu', 1000), ('3FivC3tuCmK4UQrZwCAKRrqq1ETVGnJUbW', 1062), ('bc1qnvj9tu8hnc7kc364t3578ff3pwm6p6zx8wxe0y', 1000), ('3AA7rC6abuiveu1vV2yoUTXbPRrxqKTU8T', 20502), ('1Hap6FR1sn2vn2Q31PZ8qaUeG9bQwKTPbj', 3321), ('347ysn6N8VSWjiuSY5yzoajeeLHwJkJ11P', 2383), ('bc1qj42hqehu8h4k6s4kgugpvg9ua6uxzdpkecuuk5', 2025), ('3MFip7tS5GGsoFckKPKPVm2nZDVpCGzQCH', 5573), ('3FYjus13Gop1cLMeAmNcMTHBD4T87nLhQX', 1005), ('1Phn54CuFgANB1f2rRvq7iMJ88RQmB6KNL', 2061), ('1N8Uq9DQaAGhCRT4ujLaKgpXzoKgPRJPmW', 1042), ('1AzMd1w72C44UpB8uSbqbrEWuYFSWALJPa', 1355), ('38xfZWFHKPm4pq4qwCr9Jm95PhDPYjJmHa', 1860), ('3H11h55XAymWujvGoD6KuQDvJVkPPfZuxR', 1000), ('3KusLapN5UxsW7NBafQFrACKZe18jMojco', 1065), ('137mXH84MttuRvZLAxsHG5bryEk1J6GrnK', 8000), ('3H5XaCYtPJFALXmvhedjh2sAmvLCc3URoV', 1175), ('bc1qk66zzgva87c462wq59gndelp2r5ln884pxmv30', 3911), ('bc1qu5kd07re0d8e4p78l0dtkgd87qus4kulymxyg2', 1464), ('3MnfQRchpqHeA6jzhTBHu5Kp62qj3kfopo', 4100), ('1CEpZBDp2FPRFF948Uyem9Tw4WBtRPVH7s', 1000), ('3Ln3DrR2prJSiENyvyYtgdw3afyEvYmZZA', 1030), ('18ea3L8nYKyQJ1929tbuKn7vHDs8H7opCJ', 2881), ('bc1qavd9dtlzmqddak0kylj3048eqa8mlzn55yf5zm', 1041), ('bc1qw4yl6me4z40pj46v8zs73dxuua6wp2dum0vxqd', 2648), ('31vib6ZoK1TrnYYX158c4DgY492wZ23NSP', 1000), ('bc1qaxkp03jcq4agktxlg7zcd7r87uwyajt0lk68pf', 2049), ('bc1q6pxrvz6q59m36n83lj6mujsl87eledr20t0zpq', 1013), ('361t1XvrwsvHRgHkV3jbHmHYdmQVsnxaYj', 3899), ('13khRgXqR8eL7EooXtyhzgrxEWixgjEnuD', 1000), ('38zTBiZSjhw7LjyhJu7kPMGewqes88htdR', 3032), ('34G9B86Ftxpz92ntHm8674uger22kZF16o', 1010), ('38CZ1LwCjXiGxuMbdjYyLbaBBEgwxKTcaA', 1000), ('17EE9ypFZw1DCnJ6VZYdjVyhqmkBxmYDUU', 9106), ('3BbRouo7EmvhSP8YSn2Q13sZG2CS5pqLGp', 1236), ('1GS1KDFEGaixhEDWepwmpKjjRRaPT2fEf', 1513), ('3LPLGPsHksjwNc1hWGjAjPUPFujZqKq4oR', 2207), ('3Q69raA1Vpbob7enVwD5JtLt2UikEGv6ZK', 1316), ('bc1qywru2syh20uhsxysuxfwljzjk2vhq8mvnmctg2', 3000), ('1L31tjPU46wnaBVm8QXzcpDaTz2Awtat1m', 2585), ('3MYrqKMWCgvqbgvXx18VfkR8Dt6FcEVMug', 1500), ('1DAmVo79xcpzQmAtqo2hFfeTHBfX2QpbRw', 1299), ('bc1q0ayp9tywxljau5kjhhdz540sx7ekfj2tw9wk0v', 1423), ('3MAEHbgioY9KQ3ApcCo7XUoHdaLQRJgqa3', 2400), ('3JPmnfWoQda4keLRUugGyaUHCyBMGiJHyE', 1107), ('1CZbibEwejKd4JWmqsD6q4a2FUnrkCjeBk', 1000), ('3GjNeWyjqgwxSa7pQu655NWrBwbcZ4Lr6N', 1150), ('3QKioLaPufx2ov6ZaLjJd8pBHQQov2HRur', 1334), ('33y5tqCqAREFYQwRYowtFnP5tuFsoPy27w', 1000), ('3MVotSvpJDnkZLcwFZabQXZx91Zs3WJ9R8', 10000), ('3EE7phyMuv1tEtfxarpomhjfbk9ZggZ6Y6', 40000), ('34aQ9pyrEoXMzcWWmZVgQdwJvHcnmdWYJF', 2180), ('39rfPbmTHmKiaqcPkCaDNnemjBGxMfo8HT', 1014), ('bc1qh4mu8ngwt829fj9umdh87gl2s3c47eva3l8dug', 1000), ('3CyedPNrqJCnKYSvH1WeN9J66azWwZBcfG', 13999), ('3AkuvubSG9vzSFcHzaiEigzbj7CzPQbu2K', 3000), ('3GsD6fs8oH5V8K4PSRcrD4xvSbzhmkprPF', 6999), ('38mAGu28mUBtJraMhrCkb2TBjyPo6Mxbm5', 1027), ('3MfJbqmstCpFg3Z7GGKsDxZdAuicXcKs1K', 1000), ('3L5mcvbqbn2Xt1sBPXrQPpwASZMfqspd87', 1016), ('39eDugz3zfdULkABEXFBQbUGMZUxgENcz7', 1000), ('3Dd4XwWxBTSbXuujNBNjcVbr2SAgV9iinr', 2000), ('3DLsMvHLWyeX99MrqQ6zRXhyLo73ChY2dR', 1053), ('3LBjBFGuSK9TtNsfngKbEq9urHen9fC5WZ', 1500), ('1AsdK7qn9z6V7u2goAivmoJNvytdKkvnjb', 1190), ('1spUeStV9BQURURba77m4sQxvR5zKz2h7', 1020), ('3H5kpYDY1185sh9RupGszzoQDQLgWEjn7f', 1015), ('3EZUHV3PvWj7GfSxWgsaxM5RwfdJebhazR', 1000), ('1Lt32Axd8N4d7SPfVUTdcSZHsPbbKmBXb1', 9000), ('3HmyY2Q1WA7NmT2fy6Hdf1VwNg7vHBTQa8', 2998), ('33wY9jXR3b2NqKfDrANw938JU6Dzcc5Jm2', 4321), ('396ZmAw2zA9whovCCsi2APVRes54tbmMxE', 1008), ('bc1qcppn64f2xna5md2jsckk3sn8mvck72jyzyk5h7', 1000), ('38YvFvbjxMYHknhiotzTKwuaD2T2qFDBwt', 2756), ('1BzGpuv3nov1TTMqd98mggNasai66K9dDy', 1008), ('3KRAePPBbyBhKBaQ39Kuj93PCABaqwwveB', 6047), ('12HLFf7Jkk9h6WoVXJ6f2L19FZ7JU246L4', 39785), ('3AS1p7ZP3ZcV9v7weXJdgB2zrwjUfEuRxn', 1870), ('3P8Ke9wxUa56ZQBi7xhs8JTUx4zhsASAyv', 1781), ('34s8LjZuBPFrMTBEdUPYqL2CAKLDyhyMM5', 2610), ('bc1qe0jv9r26eer7e2402a8v8ukxk0alf80m7rzgcm', 1008), ('3NevG3jbA2Hn5Rd2xrRdY9gkD44QchFq8p', 1034), ('15vgSnrGX9aTuqRHRYjwRhYJM1LKxfc6WZ', 1064), ('3BF2sUBKLb9F41j4CwgRFpxVqmtpk2cV66', 1146), ('137oVEFR5kwKiLpQygUXZJgJRdQHvm5VPu', 34225), ('3E5FzdogTekBoaQN59gGkMEJBxZo4cauXc', 1007), ('1Dxk8JgvKB8hF9UmB82RUMvN2q5xb4rxGq', 8343), ('bc1qy7m50te60ev2gtvqult4glpp4wdauqw9lq99sj', 3266), ('3Jx6HtQkzhGM5gUaaKvaGbyZ1xnfGubUt8', 1000), ('bc1qnagheddwrwk03hy060ksm5aqvarv4hfyxkrq2t', 1000), ('3QFTS1zey4tN2kPoKpFbKC3Z6327Yu5QNW', 1000), ('343mWmCkP8KcVCTHuiXm1bo2FXXRhcdGWW', 16000), ('17C6SZuHe7nYDeq67ZjsnJTvy1SNBnnmj9', 1080), ('3HMHsAYgyxMk4efzX1tQYQmiQ9A4EeJMAZ', 1200), ('3F86o2q7gzeZ6YZ8f2FWj4zNsvfe42RpVd', 1739), ('1G4U4Xky5s9dkN4Le2KqBpjugLrU6hx3R8', 1000), ('1TKvF2vuFX7QP6mpPt9QU7bGNQZcPMF9V', 2799), ('147Pe26KgWZNPrxQEjZeqr1LWxY7rnpm5J', 1256), ('1DDk9CVTNZMZnQMvkYRGbLhWNftq4kSpLd', 1121), ('1MgtuAAzbbabtSk5Fr53GXd568a2kt74pB', 1660), ('33CoymhU8JKKPyWupPoJyXr8rexm9FpUCa', 2508), ('3CqyDtnWRHNqjcA9PXW341u2oK4YWfuBjd', 1000), ('bc1q6m2uu4magqy7e58h9r5dvskcdvp3572wp0t6pcpekldujesl4anqenagkk', 1409), ('3J7YQEPjXVqDw3m3sZ1iDEpMgrzJXW97sy', 2599), ('3AEqWhXFKEnxsSErZJvA1EBJ7NTvs3p2y4', 7100), ('3ABCfQ1AYHppmERCKohLPW71QgQCDH6hNr', 1000), ('3JS9hxdwdMr6z5easzFDDexPNj2kAf5DUk', 1053), ('39McZmCjhkYGqHMSRFDo4q21qX7NXn1kWy', 1045), ('1J4aGAyjU7LTE5beRHfFAEP7Nv9mfuVrtd', 1200), ('18kzjvSVD1Jjxbv265EY1P5Jnu7Vx5wWFZ', 1046), ('19x8QZSCJpZctYSEVcdf1L6mJJb3EEdcCi', 1099), ('139nQx1VUMecPpiYPRpDCnsiszzYdP7cTd', 1000), ('3BcbUxe7HBSnAAwHJLzzXZjbCAfurb4Nqb', 1000), ('bc1qgfdu5t75q5833wrxn823apw07grh9wr3ud59d2', 1000), ('16kVA5p83KCKqNuGDoEzAc4ZgXZCA5rocC', 1660), ('3KkeKBwASNgfCHLze6xTie9QM5FeKdD9gR', 1000), ('1LDNkMrDXAMr4yQPzDWR8XS174vej8onyV', 1680), ('34vTnaX3yLj9K1cdpSj9hConTHk736G6NF', 6000), ('3LmcVi2cb28sByaWWUUyYidtCbhLkPUcqb', 1256), ('bc1q3marlg08c9eg0rku7azfwsk6s3jtdtamw6q9xl', 2152), ('3F1D99nSsyUbTqZ6UtXNjFhaoJrYQjRRFF', 1000), ('1DG6Yr4ZjLdpyu7SmgGAKhmSWr742rbnfx', 18809), ('35DyzP5LgiQdt7DKXmwwBGSFXg5QEgyMSk', 1150), ('1DCsdUSRVjjWuKm9hQTsBVGuDfmZfL4c9R', 26332), ('3DXCTC6pqJao8VHYHfpkZGcEdkLeRkaK6i', 1086), ('31jLstSCzAE84MyRj3yZP67eeT9A4FAoqR', 1084), ('31kBfuRpzRmPsJASPFmjBTq3J4axindeTB', 6716), ('35Ne5Gmb2jYB7KwnHfk3zvSL4AFEF1ReHq', 1055), ('32aexqBzX2AxN8J2MQsVCVRD8Q9YwGjpTY', 1000), ('39f5WcDct2dKax1fu4pnuFVpmaW2rSW6JL', 1000), ('3BKdKkwmP2NfHuFjymKgnRAtfrGuWCqwCQ', 10009), ('1HKCzqrGxyyt7FqQ9q7NfSKp4jpitggMjM', 1000), ('3FDry7jKcejNsQo3cdV55QZrQBheJb7111', 39155), ('1FFMu46XgKgozBSVjjRFtrYm8p7chFAiLD', 1012), ('3PMRxpYEySuUqWkDwdXt5ESgJsLunhBkQ5', 2000), ('1LhRWPWA3E2W9KHtnTDifHAceBeg9M9bGF', 1200), ('3G7bnFjMJRYgkWHcfjqqwAMQRr4sejXBiw', 3627), ('1HbTFJ8oNgmKA7JaCCFDweQhjBWqmW3NM9', 12000), ('1K5CpgwD8WWK75a9GJBmKNdccS8HStKh7q', 2640), ('1H2j1KyAC9AvTSB8zCLsSeqjBwfbzSQA4W', 11799), ('bc1qlfwd8erccxfn73zwgqsqw7pvqg69vpz2wx3px4', 1152), ('bc1q3hvdc0f00svezhvplgtv7tg900pjcvgqk6lly6', 1000), ('3GKwZ2PZucyB5CBFL2dQCLSZFodW4BFxtb', 8802), ('37EfNMhvzrrq3kFAk8C1mPT9aCmUE9okQK', 1000), ('3ERXZn8RRwF6ueJPFsi6XyRsxDrz4Frrt7', 1329), ('bc1qmc0j6c2w3qpr5r8jhvy6xm8zgz442sflg2zglz', 3100), ('3JUhK4Sph6XVUEvbA4cfqF149xaKNvyKJD', 1001), ('3NU93mcXyT6okogVGJGDkjLSvYncehrptq', 1241), ('3GJu2xEDuDDSpJ7DAUJuTS9fZ7vG3Y2AJC', 1399), ('31zXBVNzHddmu18nB9dUkb4L1j5irg5MSk', 1464), ('1Cj9adKbVBRCxbTjUd4MSgtWsX5hJeApFN', 1476), ('35Q4jLncFmYiWAdRNvFdTHaaciWpTAH4Tf', 2441), ('1PWLqNku2S33yFJ78DTCQjSKCT4NCx9Wh8', 7718), ('33R2myUVGqDfAbQEqtSpvLYKnd92ErEepc', 1537), ('1BWZ3Z7pRKyYu37AJgU7WHwDrp1g3ChWTT', 1000), ('1DjhFQt1nWARWaL7c7Ne6r7Pmr2Vajv6MF', 4414), ('1GEsFuFiSEnruj42P1LWERzhqUCJEHy1pa', 3000), ('19tGNDcBPXV8U2EdssJdwMpndsYGzb5J4F', 1299), ('3E46JUEg7pdWSCRyTSKb5GJon6SkbwvwXb', 3000), ('1LWrKBgLpRK7kidyv9hokuYTLtQFfG91ii', 2000), ('17XGC3UnBJ8jGrGuA6GiigrqTKokxu41bk', 1000), ('1C4my9iyL49RXSHpC7E8uMXHooySheopuH', 1144), ('1MEfeVsZYmqiDd2RLk6YdBmffZTRA3CM5K', 1699), ('3Q261Fqw5cWZLQS3ML7adkZAj55ZGwgPjr', 1085), ('39mCX6JYHxLdiU9QCG49xRRahmuTiPsZyK', 1747), ('bc1qjcprt9tc8gje3uul8xjxt8djxatf98xqwu006munyaxha6me2a4suf00hf', 19966), ('1Mj7iF5Uc4abciiReys3wCD9JrKdEu1Q8h', 7200), ('33hpB1GLufPCjedBgmMRjyhYjLbDCRc2Ec', 1188), ('17yfRM1mHAC7iEuE7xAf5XvGZsa6VZact4', 1703), ('3798gsiMeQDdaZVMUAGSD8LSopN4jqnHSq', 19029), ('3DX5r7L7gXF4Rv9YRJoEGC3poogqsxjreN', 1000), ('1di1mH1HYfYX4zVwmgrHmxaKck8Y4gAq2', 1000), ('1LBp4CB4t2RfkQMRNKB5zG13quJc2BTP6G', 1005), ('1AmTFJPb7r1WYEmsSnGCMiUHe7PNz7EuKr', 1013), ('1PPuWdR1KUwRdCd8ak3RcWtqXg8qS1FshW', 3047), ('3ALUiUY84jzU3mvJ1pr3YuASgPVFdvo4BL', 3831), ('1JfKy94jY8MdWa71XQGpYUjSKrpoB3BWyM', 1605), ('39i1JxVEwiLhCN1FWJKr4NLHZC989D6GfX', 1047), ('3Mz8tdPSHVL2j6ZxsEYwFxQgqn7Gig6oUT', 1064), ('3AMjQKB2NCWgdau2rJiiZdw1zbix4qaag3', 1000), ('bc1q6slmckckqvnxwdmf298e5vkwg9xszn6zc82ux7', 1099), ('3Q4rZbJp74xqAGu596N5eewAoQ8MPQz4H5', 1000), ('3JVEEWLmCTkgeUNqbRkkvnb6bfnCJ3NKtF', 1000), ('bc1qqg9xscf2z798sczchftg6350rwz3hkcejdyla2', 1009), ('32cXUXy2bbDPtkq68G9MSHc2S6rPdEYnVM', 1000), ('12thT8A75MqAxC9P9xrdMnUNERMTMwJWNj', 47709), ('1JoEj2r7dQw5jLBsvEDsSN1awfotpsG4CE', 1380), ('37Y2sgibgZk6YsGoKqRxzLihPRDWCTGBG2', 1000), ('15Xroj4ijF51aHBdSrQ2ZcM3WKomHyixTS', 1544), ('32jDVdJ7FPbMQpmWGiVaX6HE6znCwpcMdX', 18555), ('3FQMkFkEEivSh5xrNiYadkQsRLjRMaE1rq', 1210), ('1J7jRg7W2sgwx6ku9trmmFDwnFRTXpJKWD', 2000), ('1DFCTCNiQ5ev1TqcMZ3U5WkVJyMmhBCXeD', 1350), ('33JbwFzitYKr48SeD4T1RwtjBUXPXsqEs8', 1487), ('1N6VDjgkHuFbcLRmcpwVdaNANuWDzY8zDc', 14736), ('3Q9JrgSryK5LbKfQuQoHTHR1RniPYv5PU5', 1168), ('1M4uBdxKx2aCTngzKCvwz7Z31CXixi7oX1', 1154), ('bc1qxsa5p3mye0n4rqpel625adfplye3h7vj3yutk5', 1099), ('19gyrHTQyXNBfJH6UooBkBEYiiRbB26VSg', 2042), ('3FQ61wdpKiLCq5nphwpqmRuz8HQc8YJk9C', 1500), ('bc1ql4p98zejtne7re0kt3w8kd3nstk2k6j25htxlx', 1000), ('1C6867DmPPTq4xVaJu6P914mzZTWVNwb45', 5308), ('34PsWbhX6mUM7yhkeZwRU3xLH3VLbg5aUo', 21065), ('3GovrHNpVa1mPehKiGKgLu16c2CxJ9KUor', 1403), ('3L14NG4sfUanoVRtVoMAAx3YHjDe5K4Jt7', 1015), ('1Q8zHhhEKXpgDtp4pHSSkV85TWJe7b1SJ5', 1000), ('1JxieDCQhBE8fNGnndQL88vXMxKHdCJ1zz', 1000), ('34gfgDoYP79HQ7hRnxPc3GcvYBLSo9a2AJ', 2112), ('36h2F5vMzETBQHhYkUkSnQPAJpuEi1imqc', 2481), ('3CT3fksxnrwH2zNmknBcPSD725kh86NXiz', 1014), ('3PJ3fM9Ex4Np319ukDUhkgAzivrUNoZ4Sq', 1200), ('36iEivZuk7xU1VBrRZJ5SKUQooV8bfy4Qw', 3148), ('1DQUNLPZbjn94xt3PC6nkE8uNGmucUvnBe', 1110), ('3HgN9yStf7frjAU2H8A92Q7ro7QZPN3xH5', 1000), ('1H7kfJipfj8TMsr9dRVyfUNKkiANsqSWgi', 1009), ('1EdxTrNUhK8kV3rYcLMAsogn9ntnAh9mN4', 27633), ('35GbzKBC5HLbb3crwoMkXeGhRLDYQXfAhb', 12332), ('17A2wnyHUMWswtUUZP575ezmLP5HxZ2Wfa', 1000), ('389DwwVX5JqsJ37rUV925LvzBbcqDA2B3F', 1009), ('3KGXrrMMETTzXPvwDJSurgCXqZPcaXFyAu', 1205), ('3GX9oPgUfCKWec4g4JD5SypoQmGEP7Qinh', 4899), ('36VNcRDXpj8Mo7MCXrqmcU9b1ccRvB2e8F', 1000), ('3JPMfSUjGzFq6BUk3QB2vR7kf5mc5YH2j6', 1000), ('39g5xXeqAh3NS8XoGt58MNBycSa8cPps3U', 1000), ('328RGNyB7o9dm6s43HBAaThNewgQdsdAuS', 1841), ('18EvGrozrWUgmcXigszhjjt3o5RGXMAbHH', 1160), ('39mc4B1vNc1f6H4ibpdVP1ihiLCpdHJUri', 1000), ('1HhrZYteLuSoRMaG7omiQ5qoJeYBMy9KL6', 1599), ('1FbzhVN6ci1Nsxbg3uVKCa5PyieMZvrhM6', 1000), ('35KUKwSuBweBgiCDk81Rumny2GqbjDcbj3', 1350), ('bc1q8y2pjl8urwwvggpftcj86yxynyqpgs9phtwkwv', 1000), ('1BGceeZ3DGXhb8ViyxcbWBWb2z32duFbFR', 1154), ('1DdAe1HTpfZDfvbjfuw4qbNKR5LRYh8qBt', 2203), ('bc1qqksyfdhj73u6l78hwmr0h6gswz0qxt0zhgcw5vvycxwd43fn8sesr3rflj', 1146), ('33pEVPBNXBAhnVLtA2DokRaYuHMprnN4jf', 1000), ('33tYYpQaj5EAiKPiUXZJ2LHkHo3TYFgLFz', 2695), ('36qiUDZeuTwWTbiTDXmGMXMizp5qcPG99T', 39803), ('bc1qt250ur8dmx5nm6phk0h0hula4az6apchpn44ur', 4229), ('3AX5KBbJFtBohbNW79pSPzvXhrKTEukf5r', 1114), ('3DUbWXmCW4jrLvM4thtsthYY4niJV4dNs1', 1000), ('3DxgZ92E9UHCwW4E66VF3P7V7uBND82Zqt', 12000), ('bc1qmaf64cdhhcvksdgvupl8esnzxe353gepdt2jwt', 1000), ('3GddbzJgSHZGd6TppajUMdk7H64NN9HmWp', 1016), ('1NT7qTre1DkSqiZmXK37mUaEYEvA7PgNEm', 3499), ('1DX7fBJEedpA55ss8tEAp3QdfZKreQyqkK', 1044), ('13JMYE5qMNiSDp7EVNTTg3xucpBne9YwAc', 1450), ('342XcG6QZ6iXVDzg8UAcxvkLsUY2kE5Fpg', 1000), ('18jA1eueei9TfnmEZcH5BVjQQyxAcLdvyM', 1000), ('3MobQvt1ARF7QB1KJLMc3jWSFyEWhEf7g2', 2937), ('38TsjWFjoGedNR5kEx1WCZLGD2m9eiDHgE', 2290), ('19UTKYhCQpUR1pXADc29hSGGuDxFaY9w1e', 3220), ('3AfzboqFx5sQp46AGzLhV19KLscVyGpAto', 1000), ('334BiS1AQgm28sX7fDLAqWzW1PauKVFksB', 1064), ('1791FbxX1CZjZczLRdZzARZTxJM9zxYUE5', 8566), ('bc1qdze2c3nhdfa2atzmm363j4xphxnk4xcwdy5uwj', 1705), ('1joZsWno7cPsgZWeno9XwKkPAfTnceymR', 10383), ('3Jib6iNhjiS1wBV6chwYbfJTrPMH8Ne4Zj', 2229), ('35rbgKAagYEdUjENGjjHtSd4oWc4rLoPkG', 1000), ('bc1qmclqwwk3zvw02psrvy50kkc8fuj8rw3e9u0nsz', 6347), ('14jL6AQ33txs8VsTkVuFpLEyweLAyfTTWR', 2000), ('3B2J2Nw41urTPesge4Ke5mMCWnv3jvpAKq', 2000), ('3LYzGuizzqw5fK19GyGmQdreCpBoTiaVa8', 1250), ('1KdCWCwtP7ypjjvo7XevbifU48aEb1Pu2R', 1000), ('35ocmDeDqLi8RJrtZvvJ8M4ZU7AjMo67ev', 1000), ('3GKVSxJmCNjpFrUo5BGGSgxyP9WkdgQ7bU', 1032), ('bc1q7vuazuh2wwr5kna9d7zd7j4mc0u73h0fsgvten', 2099), ('3ANH1PdzhYbSsBdkNgnKrkYNJrJr8BWPkH', 2000), ('3A1kS6GCEFJx71aFF3v5dFcxcTf66FyBiH', 36929), ('3PfEdyc1FC88YRzadW9mVZc9hcvuYdNBTt', 1599), ('3HnGQzaSzfkZ3bwqDihgQpEypbD4oszytj', 2074), ('324J1SLR7BpCZPnJQbnterUirZShJHmy3Z', 1061), ('1As5TFPhEED2UsHc17t9YwsBebeFuPjRNm', 4250), ('16wL1Y4pptbHhxccqRTJGdHdg2d9TLorhR', 3119), ('3HVRfSnxW9PezrHwhnT7xBTBtfU18mZYcJ', 8000), ('1MZBz7XLss8hWh215AjWR6GnuvFMQRKghb', 1234), ('3CHDLHqppWSuCiaYMkMwTTYi62EUtZocwR', 1005), ('17mthwBTr4PKrUHfGFkyw91mfmVpGCJ49G', 1013), ('bc1qmcuf4xfdgrkhne4hpcrpkxruc3l4uh0panz52s', 1100), ('33xidY7RNg7DMCRDFwC46g8mSwEpT3jPqA', 4000), ('bc1qtn0a6pwnrzcg723cxmz4gmmpwehscw4wchmd9n', 2332), ('1EPCYunVun2LS6kys55PLnpnKFqV92y41M', 10084), ('38hAiVxTwUxgauqCNoJFBRqkVcEjmK3BNL', 1500), ('bc1qqh5aehmn50wxr2fewdckjszk2h4zeync72fp8d', 1001), ('15n66ddEcGK6iUXiCjPzTQjxYWAezKbcxM', 1000), ('34paEn55FduXwEPKmx9ZUnZbBXzyUHQ7oe', 4814), ('3KvfCqDhGYp7tBRfhiJbak7zSwvcaTPfQQ', 1399), ('14awKHkunvvQGJD3VmaGnLNxVPXCtEXGWu', 1136), ('1MnKfmhCaPPVhXyZ1BvhS8oC2bTJuZGKC9', 6608), ('38rTDCzzMFQtysdPbK9HSuyYbrTWgbpAUJ', 1004), ('bc1qq6ltjspltfzq8sq82zteupepnk6gs9c3an9m77', 1067), ('1KcVdHGx7o9Bsd3pAFT72yEYmFKjvaALxV', 10720), ('1C1iqExyhuLWWuDVTjifDgsdxGq8KJ5e7G', 1034), ('3Q2unsTGvT67MYNP4GpP5jvv21DYMZgKPN', 7140), ('3JEUt4rq54iqFm2G3xC4RcubGvGeQKo61V', 1000), ('3KRLNvuJprg7cxedNkomzagnN2DTPEH2LY', 1000), ('bc1qv0tj0s7r3ylzvctxvxp73cugwvz6e2cem5att0', 1099), ('3FkGWUqhn81tkoPDAHv646CXLorbVj74bU', 2371), ('34PzD8gkXsP8tGXcEVdrrNrrvAQuEMrVmR', 1000), ('145j9qfXJthMKkGR9kYYrm6JwUDSEFaj1b', 1000), ('1DSDWC1J8SodPKN9BZMMS8YL2xsQW4qPrj', 1000), ('3MEUyh23MTZbsyxghdEtJFhTNggESrVoPT', 27811), ('3BYHp2PwkciB7rtjbYYS7YuZCz38SoaHZc', 22699), ('3J7yQTbDa2d1VVDocm75hqMQ8Tg2wpUcDD', 5000), ('3BDrrEePw231wYaf4D6Wrom8Vf2X9WNonX', 1200), ('3GjgBDsAzBbv2PrCELZnLryNdc6HBk4HxL', 3000), ('131EtQWuc2uYrvk8MonYgdNo4YggL1aq29', 1114), ('3BkEM1CDvj5nutKg38cDBNKTmTU6MuTJPY', 1599), ('1y2E1N82nK5bCb4JsBWwx4PF8ysXt3jXC', 1172), ('38mJhffyJUdr2HhtKjQhr4PNh7jkpujkVP', 2491), ('bc1qcm7qtjn9qj5wwd7ma5wzj64ftkfhlcxwv744kw', 1192), ('3NqHfU48Rccrk4pvARE1yyhks1JY5RTTw9', 2029), ('3Kmm4teXc5ppwgwefkHQA64vypgzkGYifu', 1039), ('17z3gVH75J4wKv7zYCaubicfKcGd312JC3', 2000), ('bc1qhjzvpsgknvwl4hnlea8q5e8nvw22enjullrxjs', 1399), ('32JkmsbyKWS5t9D3nuUDQoXFyPcNexiBPT', 1000), ('3LHcaeXJ4VxTbGg2HoAWzD6Kq7kc5Hrp7b', 1000), ('374VWwxvkJF7SFdsVkZ6ToXJU6DocoZVTk', 1000), ('35soX6Niextss4RxyppvNR5HZWW2w9ib31', 1739), ('3KVnJ9UjZFya1nL6S8tzJ8FewAriUvgt1E', 1004), ('3GtDeXE8rBURHn46yYY1SgfDRpEB5TfseA', 1699), ('1Bxpvkpvnai8j7dX4jkdR4gWWuP7HPrEKT', 9377), ('1Q2Fui4npdiCSn5kZ97CGruTWY5PSY49XC', 2040), ('1Me2SsBPDpaEBYm9YrRSzaqQtybngo2MZY', 1160), ('1NiSZzmZjGX2CAUS18LRVwneijATywxKWs', 1001), ('bc1qdg2t2l3zlmulh5p6qa0f9g2ht27tc8z55h206d', 1001), ('33i43yegxpDy2khw2LWqKWscRjW5QuLWf1', 1000), ('3KPLUYLYnC6FkckvhGpUutyhCwYwmuXUyK', 12778), ('3CeL6UyE5V9SBghTzUdEgbVRdpNioT5aSC', 1190), ('3BZeN4LdtYhEjPuaLTZhCCpszsCvDWF1h1', 4700), ('1AwxByKQ4sRXLzv1eA7h2ibrW7tq31bCcJ', 1796), ('3762xASy1RtBMzukCvmMsS7pHmYbytYJYa', 1223), ('16gn4K7xEHT4uCMnEAWBKpNjvYvdSHRUqa', 1000), ('34oGoUGfh2yR3UpC6BtQPHLmcjWCyJniS5', 1003), ('13ao8TLPKftzhK1Q511gKJHVU7Fha17jPN', 1699), ('34yS6qtYXtyxZZpPsFVJJiPnzA8UKW2rLz', 1000), ('1BDz5UVwq2mgKfX6b7tAwbEaMoRJe8Lv6B', 1049), ('1AMV1Kfzfr5wGFj5grdak2VDgSgSMp8G8t', 1779), ('3R2apysHkUZLduMEuvise2fWskEhHHDK3b', 3600), ('3QnFNPMUYeH1bPuXRtAXkUwYytbQT6HbZP', 1705), ('12JJDQiSuJrJaa15VNQUE7V77b53Vanbgk', 2000), ('36p59F2VXP5BeEQWXBXc2KeRpG5w8ddYVo', 2253), ('331YFuc37EucJKQhUgWg3vYrtRiouVDvHw', 2000), ('1P37eaakeeA7YXTiQG7jPGhdMjgbcxE9r7', 4385), ('12MBZwVm7dhJBNkXMVe4s7n7r3RA5iXW6G', 2782), ('bc1qd0gd0gpamrk0he2ekpszdc050rp0ggmsfhekge', 1200), ('33CetMDx3bzQk7tTTnZjchCfc8rmtgk36F', 1014), ('bc1qzt0g9sjvltfnmgmcnyhty36crytnrflkgy464g', 1157), ('3CtLXVYyonj7nwPPkkB7zEVirk3bR5BcFa', 1000), ('3E25ShGAGNLfK4qszKQKM4wszEQeLdL8si', 8983), ('3HZFRgy6iuVFUGXof4oUbc1JUY72pTojjz', 1061), ('18rXa5MECfotPQfJnoCy3aVE59oQcd9bEC', 2000), ('3Cs3dprgFTqVmnjuuvmxJF6aWi51qpetUk', 1012), ('121Q6f7Dhbi4h92RUZQicRzbBRvhT1DdYn', 1297), ('1PevUnqByWJojvVvE5bWpTd7WC9ftVnQVH', 1013), ('bc1q8ss9e2dnylnh9uvxyjkwh94x84qfxcmjqxrn5h', 1658), ('bc1qwxtshqmwu69rpm9xdzfc2swjtslc9ufa7ppj4p', 1015), ('bc1q8rp843kgwffj669jpyulzthketjp6jazn2y9wg', 1000), ('1BcawPxhJ8uL4HBY5m3aHKLYpGR1YtwZoQ', 1008), ('1AhA1H3LUEY58ENvLrDMr8DMSj24NA4BLN', 1588), ('3AMet1JnxCHCbHvPRT5TSdyGjGdZYbrzrE', 1002), ('3G4tHrP9rzNgjCdJnN9bDSiSyyuYd4VzvJ', 1000), ('37VnGnPQasajFHWtnWf6s4uGb3eyhcndvM', 1599), ('3G2Q4D4kowcm1rJXkX78LvAYEGbTpxrFSN', 1000), ('34mhK8VHZqWJaKk26k4z4ikTsgjuZfR9cW', 2247), ('3GQw6XuZXcTR2gUxMVghbZvFnerDuo3A3i', 1274), ('335Wy4MN9E7PJQRNrR4uXr8qujoJPUkKDz', 3919), ('3GFdCogxeLTwZgMxCPEdRBqWzeRA9dTZkP', 1774), ('33WL1zt9idr2gMgaXsBxopAMGpH5GsbFDd', 1000), ('3Nebm6UaR1yipRkQzEqFRYwnGqZiAooKWH', 1540), ('3FMT6m3TRWHQ5VgEdPXzTLnk7DrsMzf7oD', 5769), ('3QgAkr3Yp2ZRXuK3bjHjsT6uUmy7NmLh8N', 1079), ('3L7T3DEYrFv4hWz1YFqoHehnYHCzU4y1oH', 18242), ('bc1qxrjr9xqsqnlk5d963wg8836x5wwwr4pm6q5f55', 1018), ('1JvmnomS7HCgqsZacJTk7Yb4X68wUxpAnW', 1026), ('bc1qp0cdfld0hunczkgy5rvtsqu4fstsmxu32s368h', 1000), ('3FMWy7yPV3WxyNkGXXDC9HDo3Ng3o39pa7', 1278), ('37oCdr7VssW8UV7vpuYcY1Y61CSWeYp3Bc', 9330), ('3LogbABNNBF77u9QkPYuxuGAHgpQAvPPEM', 1000), ('3P5sBz8hUBTs4X2awTEBkyZNCxNDegxNTR', 1000), ('33KmLzCrRhnNFx9cdZQVViUABsfEJnC67X', 1000), ('3853z737oBm3SeNnyhmDrPwNMony22zq1W', 1295), ('1DWTVA3oMTArFZJM4yxqW9qmHghMM4chi5', 1069), ('14QUhvTsDewb4QmkzXTajw2pRsUz5vGgXm', 1067), ('3Q4vQqiv883ZseMHvH5t1TTjas5CRLbxN7', 6922), ('36LKwEfvk8wESoU7c5hkLNr2WhbGAHzu6Q', 3279), ('34xbZXzvki9gUJM91Wbg1u9THuas14UsjW', 1082), ('1FLhivaFtz8yqPQaNoZHop2uRuFXAmbH5k', 4644), ('3GEU5uGoZsNhkMQmF9GwZfrboWFMwcRaKk', 1000), ('37PMUVvnvTN4W9SKMrLnWoTNAovBMd6YyY', 9000), ('3NqvqT7gbdd7VM9VwLxpHhSkKC11mawzV9', 4808), ('3FkoWM4EE23FMN3YfSv5eWNfn5RF9ZX9Lq', 1000), ('34hr8461qKrD1ov6oM5qVEY5VXEzwkhj4t', 1098), ('1FVHcKwStvy2cbRGJ91AG7nRbsnruEnMf3', 3143), ('1FVcYHWo7g5XCqwzeyzuD8LVwfyoeM9AxR', 1976), ('17dbX3Uh8tPPmLHjkAAvncgGu74LofSKY9', 1294), ('3KpJd6R13UMQYByVZSh5FKf8krroWBvbxq', 1002), ('3Nv1wvVR3Xw73AqAxSczy5zdhzSfSHiJ16', 2070), ('bc1qj9jsmgw430wt6lpgq9kfwzky6hmfergcg0jjkc', 1000), ('3DzvfS9sAb7zwLp394uLgMXb8z3kDH8ZvA', 8341), ('1HBjFvJ2qYvwY58u8SUEgjbb3e67DPFBxQ', 2139), ('33FDDDNdJqPwwhxG5m1XYfQvHL2MB9r4Eh', 1151), ('1EPbUs2Kf6DQSwAyrieg5ztzce6UyXUojA', 6449), ('3HJgg2dPADWnbRekmARiwYusrRbRMkts7N', 1114), ('12meCAQuUQdntaTQaMkfpc2ZdHqXRCk7Gm', 1000), ('1QEUtJ2aMLWkQKDMQArhC3zhtsnm9axwny', 1000), ('19fwBqs3QA7wew1qcgjGdBya5o9HQnjG2v', 1332), ('bc1q0lhuafvtmw4z995wnk08knemz7295kg32qrw20', 1193), ('1DyWXiPpsPVJruJmMyJARiUvxvNDBbuW3K', 1000), ('3BSwhhoNPSSM9akXZgiN91x4HUV7X3YAB4', 1008), ('3JhqHSSLyRcroASSRinqNfn6usrh6omysS', 1000), ('1DDREshZP43F9jUe688oX2Y9BKLK1QyUvQ', 2201), ('35kR7epFVA8eKimUA6UUrkwH5PTUjyWZzb', 18798), ('bc1q9ytmagwjekr6re4vgunrrwp64p7jxxpypg6wh9', 1000), ('36hG4B8h5eNvCWkstkfXXE836J5xhNqtXD', 2000), ('1FnCoRDQ2Dtbu6UD5r3d3xJJtbXghkyKYv', 1020), ('3R2EhdcX6iy7ZTJ9SDj26WoMjjpPZpoPhy', 1000), ('bc1qw6y4mfd5gwyzje5ezluljrfmq2qv4gwtrh4udc', 1259), ('3AzMikZgqCp152i4FgDoKiPY799Hzt6B9r', 5000), ('bc1qjl9jw7zjnxv5mvh5slzd7q295vqannqzncep4y', 1139), ('1BmSCps2NyJ8P6NgrvGPEaNTW3epw95PjS', 1064), ('3PaYBmQSLUpp6skRTHa3vKtnaxAmiicZv2', 2879), ('3Bb4veg57pZ2LA1EMgfMB8VxuH7pgnTukq', 2523), ('13MNSLcCB5iWkJ6j8YKrf7m9hrKJ3tEysf', 23581), ('3A9ouZoBZdsNJqaHKtoTS7Vod6wMNWM4ot', 6000), ('bc1q29mfr6medrece40hda3up8zfchs8m8mhdk2uf9', 3279), ('3Hjvu81qvQbrS1qJE2QgFxeCi4sEf9SpYB', 1049), ('37kMSW4jHYyH4aw8CBz5PghUWi9w8X9hZG', 1000), ('1MgVSJEs5tveM4eRdNjoEPwnw4PJKGQoqN', 5360), ('395pqeeeJdxXuBn1zpzMEUP7RJWsjG87e7', 1062), ('3AHazGDCLnUtbBNpaAq6Aaja9s6VwDMENx', 1099), ('3Dsps4ChzovWTvrRS4Xe2VhueRXHV6t9pJ', 1031), ('1A4tcXSgHgTwiVZ7ENsXdRiP5GPiH58fSP', 10513), ('bc1qhahlekhs9s7v98pa8xw6d98k3eexd2an3s2a5h', 1000), ('16tqYa2JtdtR3fzMCL8jaPkr21rUKEiApb', 1900), ('3A15SwKE4CoFsJoZoiZS9HymqUs4nqMEJF', 1001), ('3Ac2f9S5zzQTyeA8gaGJkPibvSyuYQDjoX', 1000), ('3LuBMECv8M3ZFSkCpGVWQDx7CpMVhvVHwK', 1000), ('37Atdeyx8VUkwoX65KthjLXsVc7ZF1EFse', 3000), ('1GtCw2M9fHZxUhXNEdCZqQY3e5nwfvqtCw', 2347), ('19Jy2SRTymWoKti8xyeToZzKSMPn5AxuMU', 1007), ('3R2SuV296ZDJnjZzp312yoAfq9vnjpAN8t', 16799), ('3EYzytFpmhWcStfve8Bby276dFxG4h1f3R', 6999), ('3HQCUFNAWuMQVRgs78wSy7ChsGsT3Sqwoa', 1000), ('3BwGLomxveY7GRyqrZQeARcD4XUwWW9p5n', 5434), ('31s4zct8iXWCdWJkCBeuk4WWmVihRMxwT6', 1099), ('144FroFesYYSisxz2yiaJ77C4o5m49LH4t', 1819), ('18QxCGxeMvyEAcyoqv7yrJ2my5PuMrNz6S', 2347), ('1P2BK4pBq276nsMjcrZTR8onVGwia4ovyJ', 2008), ('13rUCo2CFB4hs1nGGKxJZezU4mqCoxRkHF', 1099), ('1N4JAd4HxxYfzRrv1hfaBbQMBYwEYJHjzq', 1000), ('3FuVXJqueUV616oTRbkETtRUVC1hkDhws4', 1001), ('1Aj1uAuvRcjq282w7MPFtjtMeMbwegBXLc', 34605), ('37ARVTbL2kjVR6UrpucMS26HUenL2XV7Aa', 1000), ('33e98FkZs3U3ShK8HL21WVfoofFPLrPrd9', 1242), ('1ALVhpA5yq7hDhfEat3bLBERopQW5dP4rK', 1351), ('3CcMnUn79d37EBMcF6SiAFRAvKtRKYeNx4', 1000), ('1KuCrZJTKpMDaux6aYQhwUkRRzPMv2SKiB', 1000), ('1FcNGQMa44ryDHU6SoxxSPuE7PBUTW6BJA', 2580), ('37W7Ro3qtJNaW1FMQhjzDw3becFd93jfmd', 1699), ('bc1qv6wzyklxsh339le8vv3krnycg8wf350mege2da', 3686), ('bc1qmqcv2pk37az56dh4hhxdcqddrnc9y9srz6grmx', 1972), ('3D7Uq1eYYapYWfv6gRQ7jN2dnETCUE9fY2', 2850), ('155cgZt3NdHMf58T4QiRZkxFfevr7nkz4p', 3088), ('1JknewNwL9HXJUGjaQofsUxqeRojSXVV5s', 1369), ('33GQyEVUY3MRh8bRy3kUfSb5QK5CaZrSeB', 1809), ('3G5EDVPBQEpytheQW6Wn7fxmP9myQq9kHA', 1000), ('32hmg3Ba2kxzWTWnFJReLnfHvBfMDXddW8', 1015), ('16yPPhiR93d1CTymWTK92qFPE9sde2m6HA', 1083), ('3PsWKeCCwiYCupiuWwk6yd3NGFb78LkwES', 7339), ('37iruWRQkNQe5JbHXXyCGyeGxivDW5LpFs', 1747), ('3NWmuyfja1vHd568nBsyVYpZkMDmRUyHve', 3899), ('36oNG17wdsxMNWk3BZsYwxDXDM3PUQh3tQ', 1000), ('14cJt7Cgukd2PoN2WGyNo7qRcyqBDSki4L', 1007), ('33DpVAfbs2WEcg1JBScMwbyGfV3oTQznhr', 1000), ('36Wr9rjHi3qFuFikNTHBXbUWuvpKcqhxvk', 2000), ('332VsWMEfNHHrrgzd9C74ou1LHa4jBCuYr', 11000), ('3PwbLotNSmVa68LRAT78GsNx1BABWDqPTS', 1000), ('3MwSpSY8nVjUyyArDydoEX2jRZVToBb8Wy', 1009), ('39VsueGdA56vixqiNSseVocmPLhspauYgH', 1000), ('3NrJfDgVc4ZrC2h2knYUoNeXCLZN7Gb2od', 1489), ('1KBLM4ksmuo274z8hgnsVfUy3ayT1YCtEn', 1032), ('1B8U8KDQi2ganSMrYuuLyQwQMm54hKAFqy', 1063), ('356MdHR5Bw7D2gMhXrbZxWfbf5Ts7DS8vz', 1509), ('3Dyw7VrWSVSVLatinkpFQ9hsuJ1Z9zksCo', 1013), ('1PyV98k4TSp9CKzfnWT9oTDWToXmxTFfb2', 1111), ('15xjKfKvTWEVPvm5baQ1E2oVFBvhQ9bPxu', 1103), ('3G6Jbmm3h8XBeam7F4Fp7d2GUZ635XzDo9', 1419), ('34kKyNc9cJQYtxcrW2p5YJ8Hd9isHvdBzF', 3674), ('34RUeKv4Ewzk3HJcj3Ww2FGWc55j1Jczpy', 46892), ('3G2SSqAZ94qx7sN5z4XwNSiD8xhupdgyR5', 13564), ('3JSWJuX9fgVLHGzE3tuH2EeXM4nPXy68WX', 20000), ('34tS3YTbqr2ir5qnTEWmrYDVRVmdU4Yqwk', 1548), ('34BKnrLyWSEhWvaJCcGBgLiS99hLMakiKA', 1029), ('19wgCD2rLtjCsPq8DPB9Hi3S5cGGAcTobv', 1000), ('1MnxrbghC45iwHTdPBux56BvGtanojWqaD', 6569), ('32jitWXgzL11dVLaaUuQwVuvN9mZuXmGJQ', 14500), ('1K3c37Jfr4gp5bxaKRRj8yBakuWncEfwU3', 1027), ('bc1qcjf5eeuxrgvy26vl6wlyrx9vyyfxu3fzeq5n3h', 1200), ('1GPCJvsRyVkggbJDEd2tEGoyNcFoRELRPA', 3338), ('38TjfQFCM1nQdR4yNvMEenSCcvXLrUQx6n', 1000), ('3BXE1cjnJGP12gSpMr2y4rq61VTZFqmkei', 7449), ('34xP8M5qGjW6MnhSoyr72emNUiaDgTsvZy', 7020), ('16JdHtQjnXj2HpuW2FJg8msbqGm1DvhfMT', 3669), ('126EShbs5jvrwqdR57igZvxRkDWwJLuQgG', 1571), ('1DhbspSMens6iBtHDHpJbTpCEkpyx6BSAv', 1000), ('133aNHygFPULaZe2nZTk6Z3TtYe1j3NVVq', 1000), ('1JfotfS4BrJ6f9DD9mJxDgUq6i5inZUWr1', 1000), ('16yQzJMrSJap6TUGns6EJpnQN7WWbokoMu', 1200), ('1CnhbWyqvgepYDEyEUMVo9apDWY8AH1BGs', 15269), ('19n1TwE9haiaEsHsns9d8cDg7BmfCBbVdc', 2000), ('3KEazAoESir3ufK5369cemMipAHP9d2eqZ', 1149), ('3H2Q8T9BdqVa2AcY7rxaQ199Nbo8JpN9AG', 4381), ('18jSDsButZgUA4NX4LUdXife42WgAznPSA', 1328), ('346jNvg5qQ4vcpGSEayVEz2YrffVaqGJK1', 1443), ('3NPKzyteX4CvdPJBpjUd9SRjPxVSi8cmoi', 1018), ('33ZKsxQkHndD4igARMLa1LMLDAdT6nXYwp', 1000), ('bc1q5fcaax2v2e57vu52yke2d0q7s9lpz5vmxpc757', 2275), ('3FpM8NMDAJVsSSBRbjcQUoEFvanuEcANF5', 1004), ('3P3rfda85KzSZy433iKxA4ZVFdF3Sds3R9', 3499), ('19awb7F6FVBWE8vab6YcCDZti2W7VxpgcS', 41641), ('3MoUk8jkcD1xKMDUT7SHgBTsprLEj6LpoK', 1000), ('38oNKgLGyzD9f56fafD4XAAyMNWX1utM4b', 1650), ('bc1qena343rrmv7ptqg297jd644jnet09gjuezhycg', 1000), ('bc1qp94t7ha8s8wvz4e076tjzv2gknuyx6vqmr7j76', 1516), ('1bm9ins8yL4bqVSAqyTuyaDnCLi6f7rZQ', 1099), ('15NQAHBKjBjYxCoTBtPV9kszsSVfn8Te7s', 1062), ('33c1jhgahrYWXs3FgsVBbLJBcqi6QSXfRZ', 1730), ('bc1q34du4fdpmmn9k6xv2nrrnx3uh6e05ujt8tx6t3', 1000), ('1BBkBadzxN6NqsGoQH4Ae1NRC72aM1q1TD', 1000), ('bc1qeevu2rwjhzgd0g6rff4v3h2yvuhryfge3kc4l2', 1000), ('bc1qccg7850x8qjmk5ygseny8djcljs4qte73lugm6', 1012), ('bc1q0qzldtuua6p3ce0t2rwwcz7dnjuxswmgj95hhl', 6206), ('3HjX7BeLJNqmQSTHmAJYQsPeoTadDKPMhw', 1000), ('38yHjNZpWSnwvLPZcbn8KTi9akNjQg9eHf', 1007), ('33MpUhDgUaRM2qnfhURYy5PQKcDYBzNqSj', 2599), ('34jqBGFe4uytdoXMWvsHcs59b6grGRy1eX', 1190), ('17EudjLAcm1WGGUWbwmodWWUaWGib5m4dU', 1010), ('1MvNH77chQ7p651NN4b5AZ1tTxwQHDgwAs', 1000), ('19TLPiwY7QKpRkRCCMJkfQCGS1artumYzL', 47189), ('37MsXHBRf2HEUif51b8AiMuR6Cj5erFJhu', 5000), ('3JqjEixXy74fChLfeQzY6gJd4S5pPgUS3h', 5093), ('bc1q7fh8med0v94hj534at3zs588qpmew8ahykzxff', 1531), ('33VLoDoWBj9yDqW7HNp3JvVz4U9btWcSSs', 18149), ('bc1q6fh77dct8r5tnx24w4lxaepmaaz35rqakaghqh', 1500), ('3EahNqEcJ82p6bFNCWo3sAg21HGeEBGfmF', 1079), ('1CrYTm15vvKW23fY3LAVQ9jJb2dUEGj6Zb', 1849), ('bc1q4r6w5d9eepc2udemjrzqlhucfcy4hteg372ghf', 2610), ('1NMXavsC68ejuSebBhXnegNQaQc69G28jV', 1000), ('3AT961CTS7LHZfhTHE5X4e8g3H3rodrTCh', 6000), ('37PJUHWWNS9BV2xb7otgrqRnKGUS7tjEcG', 2549), ('1L5XKmUoTgb6eUiuEHaYJGbCmoXgExj9BG', 1000), ('12AzMHjPk8zFs8xtHDJhWGj9QP3Nrou3FJ', 14866), ('36R6u9ikgRL9uCtwQHYduqAexNwpJ3Z93F', 7532), ('33Kg9mXV7tedZ624bK9dxuD6FmP7weQGa9', 1012), ('1PX6dtmzyGhFveNWqNU2jWNMNPDQtP5hW', 1503), ('3QhaN6aR8mrFpgU4yLHCipieGZRD5fkxf2', 1270), ('13QtKHhN9A5HzUvkBGvPp3hw6DFem9j7UT', 1221), ('34geBCH3AohXyCJDf7iEHin1D7M7ohN6K6', 1200), ('3L7RmmMZVmQr46GFsvAMb7pvaeT8MiuNVK', 1008), ('3BKBAhq6XNniPdDBpGhr6Mip8ptuPyVMx4', 1114), ('bc1q8h7legxfsekkmmx23qsgvfjz32c9trrxsmy4c8', 1000), ('13xuoVuDsMea4uD8R4iHbUjCj33Gz2gEK1', 10742), ('1D5qxXkArynBWfvaFsE2SuNuLHpQcw3hTT', 1061), ('3EGmhKEG4DkwgBNRXf5R2ZUEMZJYbfF4Zz', 1102), ('1BAHRVf55dZ2R83YQKEc4HhDXuS9EHSXSc', 2178), ('31hhCrpHqD8FZKSgkFzofDTpmHxeNFCYCP', 1408), ('36bp4zpv5x6UAAYzmV9rG8VmeL22VfE7Ep', 2920), ('36VuLUfHrhUC8iNEjNUkptU7KgtkQs97zt', 3344), ('3HR5274zL1gEkXhBwNQzP4N7icX5SnC2LQ', 1257), ('bc1qx3lcjptrqd43mqt0zsvtqwrx6eavcv6g4esccn', 1187), ('18wji1KYTx1vrHa5v9Yp1gkMqjkV99Ya46', 1000), ('14tngwaQt2cTHk8YMeobNHyQckKaGYahWT', 5500), ('35qEYASF4ppsZCJyJRub2NARK6A5h5UBPq', 6870), ('3DmRUJNv2zqBX8e97WvrAUaPWfonrZvG9a', 5000), ('37qnr6P86Ttn1TPCt81pzNacRgm8BYnkQc', 1000), ('19FX4qnoFmyEoburHiLRCHK1V1BQtjqTzJ', 1311), ('3AYg6Xs6sbdwe562H24YvmEu3udDJv9Eu4', 3639), ('1BG4geCB89u5rB5gs97bMCdEvC9BfWyDMd', 7076), ('32LJUxTTTABvBnanCHaWE34dwYA7cEPki3', 1099), ('3KVRr6ac76V1Y9ki4EJ8kJLrjJn7Y9sNeS', 2220), ('1NYEXCWB5gtmhYPBPeKsUYnhGDM75QBoc5', 1026), ('18623ydm7mTQoZosmYUhZmafMNoQdHmJo5', 18009), ('1MyWyg1ALUTu46GyqrcqgFwqcigngfoj1g', 1000), ('12B2AzBU4uRSy3gcnSmZBwgXuVn4njuc3i', 1000), ('31tkzaLYxtwR6khwGiBw7grLzL8MERwyME', 2036), ('3EtMJKPeu7PVZWyRC91nDZjMcqnsn2BShs', 3236), ('3Pd8A7rSBSajW5iNgg26GafxKjcQNYwtrX', 2542), ('189p5rBGFLVT1NNVqBsBwVaNB54BJPwpTT', 1333), ('1BMQkd4XGVCT2f1kWuSFKzhm5M7ZPWgkQr', 1626), ('13qp3xAHwUCRWbPSv1ohT4qXkJsk34m5o8', 1099), ('3EEtx1LSjza7ziwHgcprX9KJeYbeLoFR68', 1529), ('1LR3VK9YtuAgST28yeuYbuk6wi1qiGoRWf', 2619), ('bc1qt02p4smt3hkpmdqyfwzjtwnse8sfsq5caxphxa', 1066), ('3LFBqH11Mqd83wgYcYAKMLJ9haV8ntx7iE', 1000), ('3C3iwhGjqQfwEzadWSZpNF472GupV7KqSe', 1126), ('1H5aVEqYmRAauQBKv2z2o6x84FGxgHW7bV', 7637), ('17Mqt2cuSozKYPbuTdqiCxPBjtSz9hEe9f', 1688), ('1KqqApwu1K8dk977vVCg3bSDxYamzZ7Vqx', 3936), ('1PBTrCk9HTCq7JTSArmBNXgf9HdYJ2eHDc', 1000), ('1HnCvxYUo6W7KWgxhRJZxPV8fMkHDn36sR', 1013), ('3DYjXEgERPxhQTiRrfAPggjJLehRib1seK', 1399), ('1wapkrQcfwCJWrzkbwuhHKNzuJdj51nuC', 10000), ('12VksKfrNbg1AyQtbWGfzEtecYKKfmFYvf', 3690), ('3JG7XD3PHU2JzgYa7K2CE3nJ6zkeAcgfdo', 1000), ('33gVi8YJiCdVjDDtv19Ks282tzWxprYS7S', 1000), ('39RZvb4FEPrVZyhbSZZEqzj6fvp3JGy7G5', 8600), ('1A3HxVbY4GAMdPqPhbXu5gkSJJMwfptYq4', 1049), ('1KYG9mQPXr56mm3M8RYfN3qJM9SqntDhuy', 12547), ('bc1qajk7a46pzyyzs250pl90d2u0jayf2h4gcugle6', 1047), ('3MUumnG8BQrxVhFoQuGhDoMa6FneYsQ692', 1165), ('3ELiqy1BcC8e2iAfQyraP2ryGERLmiyDPg', 21000), ('39rE363JK4qDjNqwsREcmbMfFZaTM8WKH7', 1069), ('14ZEj2q7uT7mXPhxoruN9KUH6u8AXeE4i2', 38180), ('366dg3BWKUWFF72dTmjZTwoczBeG31j9sJ', 1000), ('3DGQRaZb6pWgGnA46ExDMKfRb4HNVWf5vF', 1000), ('3AV9UqRLRAidmzQz9PQi4nb69MmSyyJZZr', 1000), ('3HWXWWG1781HmZoReD3Azhg37Bk4ihJRmY', 2979), ('156DGJxu772KLuDWUV7VNZ9zSwS4uuBw5f', 1001), ('3CBvqww77p68fzTnYSGqz7xfGxq7Komhy2', 1058), ('3AnJqapkcMsYb2kQXMmJcF4fT9J4hkCECf', 2199), ('18Z69yfuwbb3J1ffWDq6AcGJ4rtVVQ3DbT', 1034), ('3LwANGKnAzK7pbDfhYPXeFGAHGa9DE1z4S', 39270), ('3PN8GEGMDYqY6ptKT2jZsTPqGNzxWmkeTW', 1410), ('3HMMUJNcWpSq175vYji2HNgTyUbAGtkrcy', 2587), ('1PbujCyrVvH2rHUn6pMcXDveYrxZvwygRT', 6004), ('18Z6C1y4RmfLbxnUUGdo2fCwRsjPp5hoYT', 4000), ('1Cw5CqaHU3V8smbzyF1bcnwW16ihEYxaVZ', 3030), ('39yg8HLoa1Ci9ZPqDn2NT4oPRGyrv6P2eL', 1000), ('1PnfmjdwrHbBtz6vxSJftmiJnvaLEW4eTq', 3899), ('3A9rfoXtmEwMyYsWraJpcvAKsp7HprxH5q', 1000), ('17o5Ypr9zB2n8LaGcYDeRXuuW1T2mDY3PZ', 3271), ('1Ackd1rWvB9tRjTdLbFE916LaQpZhbYjtd', 2750), ('3DoRvNVpzzRhRQforGjGy3otGoFuFVWkN1', 2016), ('14nTr9CaZXQrv7heKEyz1g5BbFaAAJGVJe', 3043), ('3PWUZNcwU6F92aQw89npYQrivMKevLCrVf', 1000), ('1Mqoxg94TEjo6XTRvnWmtMX6q3g6QCPzQo', 1099), ('1888Fq9D7s9haKr6gQya1qCJGQ6vdVCmK8', 1000), ('bc1q6eszjgjcm0ahku5fn45ea4jehze42mq4c7wejk', 3509), ('33vaF6gpka45PoLnu1occUZsetmPpAsHc3', 1099), ('1HekWY1vgPw52uuSxKdujoNZPc7WXK6fNW', 1023), ('325JLfwTigfo6JfNYRfRZbKV3mhWQfzsKa', 2133), ('1Q1ZjVbBfzynhejC6K7zpQMBMNJ1ozZfzT', 7008), ('3L35QfeYHMD7wXECQT2RXLnkcZ5FM8nL52', 1003), ('3JrYKtCTJpiLN8okpgJd6m6p6ru2yMRCfU', 1000), ('3JDqcu12aoKvgMrgfocoJ7KFEGMRUBA8zW', 1292), ('37cJvKxgZnAvWAFJjBXpLkojqhiDEsikz7', 1595), ('18aBo5oNiK1c9ffsFui9LA81sGxXkL6gar', 2199), ('18Zk3FubizWMvv2VVHeRTPVJ6TaPdaypz9', 6967), ('13TUqfrEEiD1cBwoZEwarFrniHLAWNygYU', 1000), ('3D34gb4oCmX8YLgqTcPb91MYeYF8YZWGdV', 1489), ('1DewakB4ipxHz1ojJT7WwaMJ621mUeqPEF', 1000), ('1KBUKf1BiiXpQgCYhtW2QrXo52QNkNFKCJ', 1099), ('bc1q4f2at2czxatfssf47ma4hm9jtppacp5477dnas', 6085), ('1Ne2gV2wvx1rEi6S9k2YqpogVG9N1Fbptf', 4110), ('bc1q3yknc2x5ffwx858jrrtnchtluja2u0fz4jhhmw', 4313), ('1GQEAhePqSknDLPsgzipR9mHA6vjrjS4FP', 1349), ('3FWGprC4oZP1GiABCHjk5RvuLTku2ND5uy', 1067), ('1D1vinWNJFMJhwC278pjy3YWzc5aJizigf', 1000), ('bc1q4qf3ru3d099f8aav5drqa89tf8wrer42n8fk4u', 1024), ('1G1y7vTzPvJHtCKjYERFJ9qX3Tf3AqpwLH', 1000), ('15DS3QT3eG36CzhG7EKq6aHEvQvbti33dK', 1203), ('3NPDPTWiEFkW1RkTHoyTwwFZgFsfJcPehs', 3000), ('3FkLvnPUXfVUwjFcRofcK4mirhPxjuN9RM', 1569), ('1Pwd15TAXGhqg4n5Fi9p44H5ydNzwqHG1L', 1506), ('36hEaRXxJJ6GWeMTkGWbAkSQXEx661V9nv', 2485), ('1BXDrLKUsEh5at2FueHAxMMzHCtzYDTDxe', 1000), ('36PEzFYWsLUdbZ5QJh5nHReaZMZMKyhXYc', 1000), ('19va8W934K8KypsS9jGYV12iKBt2nXjYxj', 2137), ('3Kp6dARh8bv22iYrYzBYMMof4Cdn19q1rY', 3789), ('bc1q4p85lmjd50350p9t66my0sfd6nu5y5cxrg9e9t', 1000), ('15HFSAk248q5ZrjNQL1AhNweLW61hGGR2N', 1030), ('37tZUFQK4NnnHFsgfCVCjmixW2VGhztL6D', 12322), ('3GLrLfXuCTaBc8H7PiymvEof3n3LN85CAZ', 1000), ('3GdqNKKAo9TnZBPUrvCoDDA2bs5stSDbM8', 1014), ('32upXRxYNGicrZqhvy3n4Wq6TB4pYXrdNK', 2413), ('bc1q58q42cg8nn4uelr953z7wm7r3nrp8pzrheau9q', 1399), ('15YdB2BCXiBbxq5AJ1QQLjMS6pUzLz5yV8', 2710), ('16uGWXCBjp1zaThysyWc5bPy9Q2bQN8kme', 5000), ('1HKeUjs3TfREFuZe1s71yvq6e79n7LaZuU', 1000), ('1G7BDyeuaEkRa68GharUv7J9CSKNBJQLgK', 1470), ('3Khb7p3fbPMqw4dTD3KxA7gw2Bbbx47g5g', 1013), ('344n3kJkf1Ag4AiLsp34Vy6gpseGjFPnHG', 1139), ('3HR8ULqSdJUFePH4gwZdb33B5FkC2WePt2', 1915), ('bc1qrx03qh77vz7a8h0hyte8ngglpl5myjhfssqlty', 2000), ('3J6meGA1G9hNeDr73fvjGPcrSJ2CKnWcvm', 12594), ('bc1qzu5zvzx8hrv0k7d7t8qcm4a8k8r8dwpeupseqk', 1235907), ('38eKSuLgdWjUNV2Uo9yGwBMxuDt7wFryf5', 8318), ('bc1q7kdaw06rq243xe02y5vj35qhup5rul2dvmg8fm', 1000), ('39unKTP33PQD3c8EKAwYAe8JCKzZd2cBPY', 6099), ('3L8cw7xinQgtAJ5U6Lkuo2FrdqPii2vR49', 1773), ('3PWkbAQVJB4gsL6QxBQJ8hXBzjH5wnWyCs', 10959), ('3LZFVHpKj3jVNF3kvaNP3YRcDAgUhHdTHq', 1000), ('19CoSzCa94v9tTGMm6xTL7Kd3RYVxVMoZF', 1000), ('3LN56S4qCWH49GmtieUnXboRJNiUrJhmkg', 13999), ('332n135pLCtJ8SoAYceGDGkMRZceyKaY9d', 1000), ('13FPTGK4KWQqYsKL59TNviGe42y13o7mmk', 1000), ('3N6omxbvK8KxPNercbGzdyjrux1jk8jJCa', 1932), ('3KyWE6hLnzq94BinCyR49zw7pdfxQVRhuZ', 39912), ('32xYaEWoctw5PunZT7qNM7o6fAiESrUXSj', 6439), ('1LbiVVvLQF2ufHoDfKvgecLUvvuWFRduna', 1000), ('3MP9WcqvDRtDsuG14j7yHPEG2zfZLda3DL', 1013), ('1KHqKEDcEsujiaGr2bPDY3SJmkMMazdb1e', 1090), ('bc1qc5m8k3xll593md7xdpmucpyu5up8pr3f0vpxr2', 2273), ('1NKvZmcbk6pDHVFvLijxgRCtdG46oBCyYa', 1000), ('1CLZBHKC4RmU4yHokzxbzV5b4gw6gi71eg', 1000), ('1DxDdVTMu7zk5HtUufydhguMKeMueRawAD', 1133), ('3GyXANbhXWhSUDJXHShXrREToAwda2RXHe', 2330), ('3LC3puuY4Tj8TGiYmY3xLkFDLb7Hkjm8WG', 1465), ('1Kyvuv8iRm2Y1SbUHzdRdtmnJxCPMLtmCy', 3339), ('3NjyWb4ABCg2dD8NAM4mtV1AU39fkvYJ3N', 1936), ('bc1qe4vmzy5p3y9kh76rfjmv3x555yeptx7wz7en9x', 2856), ('bc1q73v5w7qnf6zhd5p7kux68asv95vj38jla9tktggshtxnmw0u9gks5z8kpl', 11231), ('14fMgwkP43KYLFtzX3WrKykDaT6sTuhoHU', 1000), ('36WJhACmcqcBf4cQsRroQsLRjLwhAHDbbr', 2905), ('1GECQYHSLGg6jz4gkJYzKcia9mTVZ8doCB', 5500), ('3Chg3Zp1FGuBVraEF5RFX9z7rweiJFqvS7', 5478), ('35cCMfcLjJ45EDCrNsif6d6C7cxqPnnFgR', 1107), ('bc1qzrul5hgz3upr0d7jk6u2mnhwc2y499vpyce8qx', 1000), ('bc1qrcgznsd877d80qqrwr29weu396z8dktl4nc3ct', 1220), ('3JmVpGCBE8vcq2sMBz3Fh9vJJJHRyxzAUm', 11000), ('3PPjvCM3fRDiWnakhBPGx9PiNcJDBVYzCV', 1012), ('16qon49L1JctvmcvitsQJK2eR71oMDh5hk', 4393), ('15dn26JboM4L1cjAqCrb4kZo57AuEm6DQT', 1000), ('3PwduaCBQrxqCvjVzmca1Jnuh63xswB2rg', 1000), ('16XdbkWBLS2J9XkK52hPgpDf8SdJBqg6FF', 2860), ('3B5uJ1yx4D5sc8knSZT8CPZGUJvkHmYdia', 1365), ('36Y2tuBKuN8XXXLkwB6sjS37JtN2vZmXMt', 1009), ('1Pb2BQ9wzH1kV5cXTTwmgYfxsNQjLCGAhp', 6496), ('3FT14TtA7xEg7xWxLgj35tcJYtd9uivn9T', 1000), ('32Hj1LHZmiey58fMB2NXuc66QtS43tRRHo', 1049), ('3C4p3VBkqE8FnuziSoHndqLjzy5kfLN3wB', 23000), ('3DQSKDkg2yLKd1yNDwuByUdaQDKM31gHB4', 5619), ('bc1qlxhepulqq3r0ve35adgtqzl7gsucksyyrg6a37', 8577), ('1Q4HkPiURACnocxzXnxKpxgcGNsmZfbrGX', 2549), ('1J6XwqsW1xHuRxWKAzA4p4RBWuGUhgjDao', 1025), ('1JY8DxnoD4koGyNYrRVa4ZutpQSnyuwgD5', 3568), ('1KGDiarngfw7gV91VUerfuRjf3fQitbLzU', 1000), ('bc1qhym3z800lk3hkntk0782zmx5uffkzzfa4dgnxu', 1000), ('3J1HpXqiNTV3aNZZnXjDB4yYiyqELzt7Zp', 1067), ('3L5YUyksfpQUh2BUDo6zvh5NxFGd6nXszc', 1000), ('14NKjaEUPXj7w5j89m8o9hb13f2TAaNbjA', 2273), ('1ChMZF5JyYndYjCAssmgNrjU8rrWK1gfNE', 5250), ('bc1qrxwgawfz4lx795vjw6lvmf00f0ld9nn22qfwv9', 1000), ('36wMLpzF8VDidCUMYJcddAuzrVnC8hC19W', 2300), ('3DYWziPXien8wzQe5duD2eUEM8e3HYE5Qc', 1951), ('35c2UTbW2kWLHrQygxbaSjY6vRZBXW2fcf', 2300), ('bc1qxzhtj99cmda50cvcsz68nr6yfft6uy0gg664tc', 1049), ('1MmbTLzHp75Kmzwg4qSaznKRPKRjPyXjJj', 2419), ('bc1qxf4mlzmfe7dkyjct73f5cytm8p6yad2rppg66u', 3687), ('38mxYpePU92QWGyvHTzWBEkquJrjKCTtDh', 1449), ('3DajbQnhNUtGsY4esMtTwcdCGJEZAFvnjv', 1136), ('3NsACLSCLwdAKsQrLfWMkSSY2rUPtXYBWE', 1002), ('3C3NHBPiCoqNZnVXKDSVMmRWbX8B31q7wY', 12291), ('bc1qy4k7mvk7tfr2c2vh5runf747282g9r0p6j27vu', 1002), ('37zcRRnUDp93psYNiMeMoqjAYspVpa8rdy', 5813), ('3N5SCeDeKZdr64UKjwcUwK4qucUZvfBFJD', 1019), ('3BnCYU1wJuRCUqLDVLsK58vy21wm7KFY2q', 20000), ('18n8LgJ1Gky8daekzEHeUhxR6j83Y8r8ry', 1000), ('1E5C6WVXhiA6sWEVja6xErxmhrqHQcu5iW', 1271), ('bc1qrw456cqnpvrkeams5htagztzp00t907gd6cwdp97r6rkh89cm5vqknsv75', 3509), ('1NnrCXpkMo5yjY2TdFf94wyKYSuuPpixfi', 6812), ('36ReKq7GAeEKCFKduDzoqHnbiDiTHdQZCY', 2000), ('32ZzfHKwtsexp4qvQL3uhxqG3PUV1dpvtr', 1042), ('3JPUUaj743nX1AazEcMGz23RSv7hfKGF3W', 1203), ('1CYVKrFrKoieni7HQfkJJL4CUGF93NX89k', 1000), ('138SAq1FnBvGxQxPJFKTV1s5mdGfntt82C', 2799), ('3Ktfv9xzyfGcCfjRGSfWM2YUoJ7NSN1mu9', 1051), ('3QxjZLDS3N7yL2Zjyd4KTpDb7pjCHPiWnz', 1250), ('19yBmTUhsRSxvVyF1eac6juc1h5pkRc2X6', 1130), ('1FuChrqp7yeoQSh2UFiZzgcfgjcqP9LvW1', 1398), ('bc1q8sakujpswa3vln627dzmkw7da4zvatjqqehqsm', 11660), ('114q9jG6CWn5S15dpB4q6S28dXUvAnwYD7', 1000), ('1AbixQxp91xzEAmBJfJzThzMbpYvJEX75E', 5000), ('1Gx3MUVroMY4sPEmW1HbWo49AR5fs2duyS', 2650), ('1GECxwB4TagBbk7GM9G6eDAYCAVap7GVy7', 1000), ('bc1qc8l6jua4ygxdacmg9nhjj6qpzufh02x529pkus', 1020), ('3Nh4h8L9uuR2FB89Gu8gJnc56RZVdsu8EF', 1043), ('bc1qj3fh8ay6gnjzgr5rn5lvj4s4ruyq47pvyjytsa5lutzfrzjjrcmqkpe4tq', 1692), ('136BXQExfrJCsAhQvLPt9vzecuHijPF3YH', 1010), ('37bSGZgqeYTU4jWSqjinUG2u4xmNh4NRYG', 10199), ('3MDx4c2aLfjFa4SWBQWRSx5sP2UdGFzxP9', 1103), ('1C5na3LiagwmRsKsGL7SjEPxUemqkt8ToW', 4903), ('32MhJYbTk9MPLC77ARyi2TcBMg5XofSXxV', 1000), ('3HrqSSvRaNXuTH2pCYuXkjJ9PEJzQapYn6', 1200), ('3KpYdarB58wjWrMaoc2Uzd13RmDdpm2qvx', 1390), ('1BUWbwZANg4a8VwNZezko7WAoC4AFiQJ5y', 1000), ('32JiWiBv7YhocKaPXcqyC3UXoyeN3nuq9m', 1120), ('3MSWrU2oUCgqzTrfpFod67vuF8cHACD1Fc', 41535), ('15N4CDBicPGmRsSpRWsfiPwKx5V7utqVMv', 8506), ('13RqZT9Xc6ZWB419h8zSL3YhEzBA4pXRBE', 4331), ('18tHqEa5nuQxQGJ1ib2qGfQFJkMBo1cPba', 1040), ('1EdrzeU7uVr7hRDCamFL52Jm7RsSCHuePk', 2659), ('3JhRbR6tMZXuCq7rjMXhHwzj1cSFbeXgnU', 1258), ('1EArxJ4cW5Y9qmNtrWYPa4czrmeHYayu3S', 7291), ('3CMmQ1gPRqDBFNYyfaCRQRM4Ar1Pj3u159', 1283), ('3JPF5zRVpYCd8QYfrdkGehpyswks1hPoNn', 1000), ('39oH9XUQ635sj85pPAWoYKzsfyMdzcyrNx', 1456), ('1CoKai9TRtBQX7SpYH8iB7PEKynGGLhZxH', 4356), ('3AEkhYFHBdMjje2yWToerKGuSB1JtK9rfA', 2178), ('17KmTdW4QXzKcvwYDaQnzVxJ5eYsWdFMWB', 1000), ('3FSYnfvSktVDdnbWTZQ9fBjYbCTXuoLeRB', 1157), ('33UvUfe41PGjbY2pMUcb9B8ZmTV2MrF8Dx', 1000), ('3BTUxL5xMjopXkCmVEqBBSdCj6WnZuk79G', 1126), ('bc1q24t76sss0zrnqx59gce0t6vuezre53crcue88u5kks8d28lh3c5sfqp6ja', 23415), ('37bvdY551yNtfKizpaKBFUTfDXbEPDkp4r', 1042), ('17ax1E4DFtDrDKiEBesKBHsV6afirj5xyE', 1000), ('35JhXA2wdhhj3CCNzkZB4P3kMBc4FaSYoL', 12584), ('18r51QyGD4vExipdt9vgM2CsJ9LWLQdVaX', 2667), ('34JjWKNkN9VYmKcXXxCd3uadoGoX5JXJVr', 1354), ('3FQfg9ASU2HiSGL2JcBYDWyFPodi3CVZrC', 4708), ('3CbS1TwTvwbqLcAAhiziLjU83eP86nAzRX', 1099), ('156VE41kQZ4iGtqMpD46CnSVMuw8YFo93j', 1189), ('3AKd5jgKbiSeDW7qVP7UuehDz3cV1gWTad', 19933), ('1NbCgShccJGdpRpAh2RByHrzUzjxB2dfiU', 15608), ('1AonvvG7SQF8e2NDQzAWUkYAq2tbEVEjvW', 1001), ('3G8i8ARQfhd9nWURanrKwNLYW87MeXmwKz', 5081), ('bc1qeq7g0v6amvq6mx728uwraxfp08lvq6ly5fpgqt', 1008), ('bc1qwlpy7ky9vmrrzz64chd82utc0lykw4lc4ufuxa', 1000), ('1287YxShs52maqWDqsZCapw3A6e1DdzS4m', 1029), ('3Hgpi24dM1BXBCZrj7dTuYjJitjJYnck1d', 1000), ('bc1q25nca286vpy0gmztwwcnylsf4v450sxhqdnjx3', 1000), ('3LhAi1iF19mKAkxcxKfxXVaZGPmxrQ7xTE', 15206), ('3Cg58USUe7ivrMN1yi2iUCa8ghHp88j37P', 4000), ('39jyr6UaeUoKo9iNiaiTqc1ayxXCbK5YSv', 8770), ('3FnKikYyzucfaP4aPuUdAqYANa1c8yz9yy', 1224), ('19LWW2xsiR1LdsQnF1JY6ERwgyWTJP1vp6', 1000), ('bc1qylkrutnutsv9lhz5u0dxmrxauj8dshhtr7zuf3', 1000), ('3EGxAFDk8hWr3jUwrFg55oCEfvD19Q4iJX', 18000), ('1P538juiGfgEAF6KrKGj2NdfPr3xYW43m9', 1000), ('3K2munoRdjbJy1Mz8ountWt9ZbLdb8zuwR', 1145), ('1NyUjNC2hdfdqnrhb3MSiCA1Bq6NW2iRXC', 3000), ('36uSVUD1LJ5cXepA6ZM935Mw6FYDeLxqka', 3599), ('33ZEnPaJPvwAwdkjqUn2oDKUN5tAtUQ5x9', 1652), ('19pFRdXp315iu2H1tMD8PnDXvgiffCnJhC', 1000), ('bc1qfms8kr8tnlm0gn902446ltt6fwmpc9zstlzu4c', 1122), ('1CxvMyxYif1VZ9r7DoJQFf6usFJdV3shYG', 1626), ('1MUCtc2PBAeyw19rionXviPJGPKe5eiwC4', 49436), ('37j57s8XHgKQCZjZjsdSnXeZ4BYddsdkS4', 6868), ('3H9Chcu4aFi3yP66HTR6C5JNxxVwis8MBp', 1209), ('3P149BwbDG216DT9oq5kLCtrWCSoGnX6Cz', 2008), ('3L4Fcu9NATLhPbJq7QNnHacMRHgmq1Cn8N', 1000), ('1BERm91ynwpEzExQjPcWjMsPQYaKs6yNY4', 1000), ('3JMhYsYo7aJRQxn2N3xz8wwr8DdZLefQek', 1003), ('32L3pWxYD4HfNhEUoB1EDc8ZVdgG4L5eSe', 10000), ('35xLwrgFMKKBHvbEtAYyu1iyXnWkmrzmb3', 2000), ('1HUhALzYD3DGbjzGLJQf5thSD3BDdEjBa5', 1000), ('3FKx3fnqCWJQPzaa1FuyDbK7GMvzg5XR2U', 23824), ('39EMgoZic6Ng2rEEMw4V2KQRqGyMW2tiXp', 1160), ('3DHaWpUzgJKuiJKEJ62pwHjxXyZfhksaqT', 1014), ('1PfUXBHXHGrPaWhWUf32iyALCYkuTF6fva', 1000), ('3Hweg4aFXgbdBCSWWzUxPYCxXeCyqtD1Hd', 5680), ('34QiuiVBNyMrudor4yy4Tc2yKVjWZr1fGH', 1468), ('1LZgXqkT6LnkbG3BXxkBNMh1AHJRpczkPH', 1008), ('bc1q9c2mc2wsnsc2py04e3mt2kg4hq5n4jp225lunx', 1771), ('1FNWFgfZJvWQCnGUe1kWMqrFsid1o1uJoe', 1000), ('35eaj3326heet6cNxerwHeNPw54Rh6e4wU', 2900), ('35s19YeDT6QR9ii3T1MGETAqr4Sd2BAQ2v', 1165), ('1BaK6K93BcoFwD44nweLgbZnYbX1gsNkw8', 1000), ('13Zg4xLciaExH7HoJTUqcy5WJVe8VqpL6j', 1264), ('3HkDWSrujDK7g5Z9LeUXsqUMg83fWswYxo', 21751), ('1KAvtAqQB4FLu6AzN38dTNbToE7ktumL6A', 2265), ('1MLLTRSVjLx7WyEwHpYbaCgJ5BKzHnCFho', 6328), ('32naN1xg32za9Fc2jc4dti9YydRYnbChHF', 1537), ('1Dt1zNt822xJvPV7AVXW5nj7duBVqPmGhZ', 17699), ('34h3sR7WicJDv6LwiBPXNs5shXLSx23bpn', 1790), ('3Chn1BtWyzDqYfY18CbddmxRECK8UNsD3k', 3208), ('1MLNxUnqSLiENrDrKFdFE3JPwJf2uTUTY', 3004), ('3GHo77DMvvbYkHrR834zBAee76pn85JdfF', 18000), ('39PuBj9x4EHBnjEDF2R7tiC77TDCgyaBHD', 2699), ('3DymsPBP99qtTt4K7ofDiLzzF4mdYZfoDV', 1014), ('3K4CB6tY4WW5tZ5rGWSf2tfanipgzBuR5A', 1010), ('3Gjs3q7LL2Yb3AZy9sekA7cPZ2iQE4Yvu4', 1215), ('3Ku242UvXbHTDJ9Kk8Z8uad6xJYkKWpdjh', 1074), ('3NmSbjgvZcYrK86Ar8bLaQLXuC8BUwT2R5', 1350), ('bc1qaxvtp3wqktc82x4rdu493esyzuh3grgq7w8529', 3576), ('3NRVgZqfTHFY16vt3pb3a3YZXx6sZghXBj', 1500), ('3MrZp68V2HxTp7iYk7ibU6AuC4Jq3ihEah', 10000), ('37wFrfutoWaS1PSKEmsotMs9JZbLgqAyna', 1260), ('32LbLuLfq5aFxqf7srJWSetVsc1GpW6eig', 1101), ('14kFeKJhpEWMTDh9VcESv4WFrCyJEypA47', 2082), ('17YRmq1PtVuWNdxrEosGA8kSWdK1329Fqb', 2000), ('1KjooRnD1jgKeuhghTHTTMzMBeGpr8ewzv', 1599), ('3H3PUnhPuN6VWrPjjd4c8eJvWkZ8FppR4F', 1030), ('1Fmd4WZtTivEwkH5fbgvLb3dHTs5ZEZoDB', 10000), ('34LqCbnfHvuvKgdMyNAPQbKMrXGqRGfdbv', 1500), ('1NMZ7M4BUmHLuJZQrKkng9iBTRzSzdjqLf', 2000), ('bc1qs5lu40nw5r3ezahpef0lmrgaancg2e3vhrejms', 2301), ('bc1qdlg929tqke9qd6kf8fxl3f53r0k3lfumgcrvcm', 3490), ('3Bj3Bb2G85z1hYJNYngUcYY1Tf3XWy7W2R', 1299), ('bc1qq2cnq95pgqgj3egnat3ap2usdrgdmqlzllgksu', 1000), ('bc1qm0xu39fp9wrfzfgwfe2janzs7wzvxrwaktgvkh', 2792), ('1FMoPNzzeHa6NkgNoeYQvTxpr1YHkEXCvS', 1000), ('bc1q7n7mm9chqxucr7zd8t08s3fcjxhntjj608dz0j', 3073), ('1Kpwo9bZJhJkzy9HCvtMMVM7FQGkVNaFSJ', 11165), ('1NsE76p1fGLoKj7pkYjnHVWWrariUq76PS', 1099), ('15TwDJoEPt5j8ygEU6bwkqj6M8xMu3S5ir', 1000), ('3DAHTWe7dRrcJZ2tRqns3RkH5969PDrpVC', 1200), ('1FsLNnsgiM4caXNpmnSznqoUPwvaHQphGv', 10000), ('12QTFcCmzRgWrZhvkrFUQqmi8NLrUm1Qqd', 10000), ('19r5uGEuCzwUFEiZCBFmjTkAmjUpGaQ4Bb', 1101), ('3FwD8as1dETcGA2TED9QJChvRdzFAHia35', 1000), ('1aTN6gFvWbjq52p9iv3Xqs91xMRLfoewh', 1000), ('3MwebsvycwjHYsBqTkj6F4wKN26BXRJxdv', 8500), ('bc1qr46yx5j6029f7nujvtkll420qyc75kw2ktvnfa', 1000), ('3NLU6KypnBeTmoWz6xB2YKbCRJHGcqVLBN', 1001), ('1BnFpyDyiAYvWRqP9mYgbeZeDXxRmM8Qhw', 1000), ('3CY6hdQ4NaCfHDtwnefgqDchS9DFGY5gz4', 2500), ('3DGXxuqidhu6FkC9yqQaCKXYn3Goduf6mL', 1064), ('3FwiPqeMqdy1FoPKY7NVSmqpxHTJzoRVry', 1003), ('134WV69tN7gdTn2fV7k7vPtdhgLJgWqiov', 2665), ('3JKyNVTLajSjCeEmoATeBkGFQ9QUNo8bU1', 1002), ('3747kAqLgYQeHGcURNbAiz2an5fhJwgKNw', 1014), ('34dTvUChGm1xRBaWitaaDqAXxPADjPiB4H', 1009), ('152goccWpCASA6Hk5ecd2sjjesyJeEHzh3', 1399), ('14d7Rv8Ufuf5boYR81PwL8yjn58SHCGCPP', 1028), ('3Ld59R474KNsgAnmgENnq2Db3Qrd4RHU5h', 1773), ('3KCbR3W3qz7r7hkFG7vfBicC9hTgvj7eBc', 1000), ('1H9bjDbfL5VRAZgkJW8sdqHQ9CY34FkSt', 1263), ('bc1qtqz8llca324360zsge5kefx2tycuj92qfy6ug4', 1000), ('3EbcdEG3LopnMyc9EHLtJfkjLW6xAo929x', 2004), ('18LtQxu3RaDMX5Z6RUvnvyDcvPDu9HnKKz', 9082), ('36bPY2tTQms7CDh7AMLj6R7w9tCFfjMm4R', 1020), ('1JDLVkLTASGUva9PQqrzkJ1wn7qD44U7wB', 2457), ('39KZGAX4VnSYY4W1JpvyYFbJuLT1jjuejY', 1089), ('bc1quepf3f68gsmhew66hna68pls05azyj2js2xwqz', 1766), ('35eUNPaa26RyyXPx6SKVo8vPW1eNcFLpCU', 1000), ('3Nav1RpGXVEYBC867pRhDYUZHWVduisgCZ', 1658), ('3BeFpyy5BxUdu2QPv79PvvwgCeoR1Qo6Py', 1000), ('3NoYSFxZ2crBVsXfq2E4No3fZojCn62Tuu', 1000), ('3EBwziXRHgWXA5tWJHm3Z4vfGYa7bZUZjE', 1026), ('31m9cj9odssAF8hEEBvATJuWFDcGYXCyeP', 3770), ('3P4MwgiUxjyTKKQ4po8zL66cwxCuWWGDXS', 1001), ('35cGRRvLCh5oMvU9ygMYpQb8gT6rHJ8dfQ', 2000), ('348px5dSQYMkKoWfCy9f5vA9QuERDjDdfr', 1009), ('1FdduWLE53E9pwxq2TYbFpZv8rL4xp4Rqu', 5958), ('3H5Xdjd9uGi9vZwmKp2d5F9FTCGNjraAQQ', 1033), ('bc1qp499lf8pwmkr3dqma8pvkl0rdz3ul3y2sqpww2', 1671), ('1Ag7AG1e4QeereHD1AzPc9vpXZw8MLq3ss', 2881), ('bc1qpqm7y9ft5fpghxthlvr48k73067yqtenm8hz5d', 1000), ('3EEr7f3hB1ZbQsGtb7sBVCFv6Yvt7Mey6m', 3000), ('1GVifKNf1FQBJPid6C6G528ycjymzJ5N82', 5004), ('38ghyuQd1i1v7yAgi5soVwRgCsdqtBchCy', 2156), ('1Bnwh1W4QUBnsMz8qsWtaf2qZ9RosQJ5hn', 6241), ('1MpwCrJCAyDBXatdhoNJDmZ7yeRK8Gq6AW', 3630), ('37tVgUegZ67hvXG5orSaphi3vpfoFoRp1m', 6339), ('3PMoRVtPh3AiiGYaNKZEDCuE4iHT1TWAr5', 1430), ('3BSrF8rCrW77rjSH1x9kQmDxZknNzSn6Mu', 1000), ('1DmHg91nhjn6Ufaavb7zFhSHqX4hG5dVzG', 1000), ('3HTXnBXefqZKjYLHgd9dHYktD5tJWBuLU3', 1000), ('1b51kJSLmPQ8S2RkJEYkf1aJ6Dz1bqqmQ', 1019), ('1CRsNpCphxmrR1hn7WZtLSiaR6kUN1BJda', 1027), ('3QcCHv4Nq3tus5aje7yike1Yu9njCm2ckx', 1868), ('1L97grYpe2gYnkPaUir3hLBvF3YidGznLQ', 1002), ('1MKMzWJLN6mci3xZTbN17LGbkBVWmCYAcW', 1385), ('1GK3TH4NBo5bVdtGtwRr171yUaJ3UcEotH', 14719), ('1BUfKyuHutkmGW1XKmgFB2uHuiQsF9se8Z', 1000), ('125tXJaRaSHqGbfJig8KN8nz85rdaQwhUu', 2284), ('3BAiKM9zwRKCCQXE73iNbDv36AjdDZtSxx', 2129), ('367PxLa8QFGd2KoEVKCfpP1fJpe2fSSMdW', 1000), ('12X9bLXNP1dmAqFveeDAocvaUiGxpSAiVC', 1054), ('3936TC4hwEKcJ8wPZLY7ndznExVL6ikg4T', 1095), ('32EeUw77t47HtfGVwRuriftoUyYAkmqvXH', 1009), ('1G4znwGuV9xGwh9k8hqgk9Sn5o35UPmyP5', 1188), ('1BYC5kGH7rGZ4HPnGYWhvQmwaHpYw8fkwJ', 13334), ('3HjnUqkPF2BJFDfGowqfQzPw9o1FvVwGVY', 1002), ('1PQLWHfisFpbpeNoPM8jQzeU5GftexvFP', 1000), ('34dZnVEvz2WZwBgmoCnjVUkctAPRy1qYGT', 1000), ('17Wdwg1nDDrowrr1BLuQWXe78UDWvhMLCL', 3619), ('1NHTu6QQvR8A6sAq2e4HBFARPtAzyB24j9', 2000), ('3GPsqhTszgquXiNuB8TevU4uupJktzu8d1', 1000), ('32z55XzWMyTpTsAKCyasMRpTt1fvsgYqL9', 1027), ('37HD6aM31LLSg7aWMMg3CKZvKhd262GNFm', 1000), ('17ewPubuXfVnEYFb5NiS3vriUqQ94sDVMN', 1003), ('13P7YWj3Prnv15CLrkSR8p2UDUD9vELVUg', 1100), ('34m9JYicVVs2tiZbjL1WjPJxUNXSqjrYjB', 20352), ('3Asmr3AwZxABLAnCFgKMJuiik51ws9QGU1', 17086), ('1CwJ7YvuK87Vy6UXCVBdT2RQ8m17pcjjo2', 1045), ('3Dww81zXursi89RpERgdhVWNdjUVgfwP5o', 1012), ('14sZ7EgbiASYd1UE3nXajVDQ432Xdv2VqF', 2125), ('bc1q08mtudgkw4l8pry2ndphqq2s92m9nguycc6ugk', 2597), ('18EDGTednd3wHSR7nJ7B2ASYbpFs3a1bgM', 1000), ('1AwRGW7VVeBakjM4MjTMJypqJDUnYAF4kh', 2256), ('3HK3Gg3v1MAvVAkAkVtEyQznRBhCYoihTX', 1001), ('1LkBe9oUeHCDzZbR8j7MtPrYHMX4DaWCde', 1129), ('3CTTFa9PwnXJVffHzSGNwJkJdwxwBnRJHD', 1069), ('3C2AWtRwWeozmtemshaGhnMPFFombfWCB3', 1000), ('38Cc2Mrih7vXbuC8usssRGqxh8VDzL9GtA', 1016), ('1AokTZPxxXeJ6FjTJeSWMJ4XthjbkqdEW2', 2140), ('32U1mywDk7Y1GfV8h7f12cvb9VHztvxYXQ', 2000), ('1AFp2aGyGtnWA2XkD8bDcaq4yV73ZJWxAN', 1887), ('bc1qnrkwgrg2g905he3s234jk0suvk4plfn99y86n5', 4899), ('bc1qf7yvexd7gxk6j2l6tn9kyfv07kt226w99rl2e0', 1152), ('bc1qyhhh8dhwlvjp5qwq9yf7kdupjfp3tpjdgf4xya', 1000), ('1FfY1P1qHREmKo59Jrykh5bLmmtJhZ25yG', 2099), ('3GQ15C1KapWndtFWirk7EvL2d3yLEbNXEC', 1000), ('1yH6LXgw92ZhGnLxhkYpB3C4mtncDC1tS', 1004), ('35srNfRiSuRfEQPNfmvH4ce39h327tYL5h', 2650), ('3HTU8Xgc7RFpv7Jq7xzfQUE6BhPGSmUr16', 1057), ('17dVfCVznzuwhmrXMX4kahkfdPU3F41cW', 2439), ('3MwAhonKdKX62tUMwuXV3xA22JTuoWusWA', 1000), ('3JFZZ88gJPZJbuBfJgLSTZYSqzkk1mzQai', 1000), ('3PBiG4bd7hqd8bG1kFjmuCwUDAk15QVAXQ', 1033), ('34LozPpJ7PvjPviXTbCgiRxxWqmZ5V8JvM', 1032), ('1GDCj5fY8CG44JvASCgnfFkSAd8ChfF9ov', 1041), ('19UKwFhw6ATCSYBSMCGY6fMpqamNSCVLu9', 2000), ('3FdJ4Xc99JrPcSmgqPpoWs5Bv6qepDmWei', 1222), ('195Z3kBY6vtuKZNkUq77CvWTg2gTfqEVyt', 1045), ('3MrnikVeMuG31CogzB8p7YXNVYzFZDx7Ns', 2161), ('bc1qjnh45hrwh5aylnew6qlxykklj32e56kz07ykgp', 1000), ('3BpacpNmss8awuSn9fYmUoHcvm4jY1cJJS', 2506), ('1Kn94XwryqHJEV3vWmX1VNnc3z8jw2VNKY', 1381), ('3Ba9CNK88kW1GZnLNjSQW3ELfwGk44WDiW', 2167), ('1JyYtYXUVHALRRX3BoLhbx4bCGqKmbnc7i', 1000), ('32zKzEnCWrQHt91T7ZVHWWJCrcSmwS2ovK', 1000), ('3PApqNtLqWcN2Nhy7u3Yp1BrcVCvkr4piq', 1752), ('3NdGYGvw4v6edE2aU4Qw7EzNrrftB9war8', 13067), ('3Mi4KPmr2MQmh7v1yx8MoS9a8jDiUzNxDp', 1000), ('36UyMt6uCQejMa6jWoSPkJaEgZmLg6aCji', 2000), ('bc1qrx8w77ylxpc6l2zslv5gdvlsn4p5a5yw62f0e5', 1000), ('3LVv3rJi8maqC1ni6txKeWYrFDzusrgyEv', 1049), ('16y92BiJBAcg4caymxfPsgCfUaXXN8dg8h', 2500), ('39U5myEB3q4V8mbgJNCCeCpeRyeFxtFuiv', 4534), ('1MhumMYDxdRcUiWvumNGMWxwDFEqZk5YPy', 1113), ('1944h1iwh3n6uQ9w1jgHc6yYiVvyQipCfR', 4224), ('1E1HNJ63xtrZVF2ckn6WhRiXoo9kpL5gdK', 2000), ('1CtG4kfa8PQezFVybUz7Ns9dJrTzYRpTti', 1599), ('3D1AGLzVTdHToUh9A8CQWevD81W2JXt1WW', 6410), ('3A2zrgbHjQnaDo9j58ZxsP9bwhCHorjAzq', 1000), ('32b8L6qf7GaShc86XbGr6Vpt4V22QJQ8S9', 2042), ('1N8455iyX73o36w2XZZjVJJjsv2RP4s1Ss', 2165), ('1GpMsMoKELYV75ji5SBTBGAH7oVXegpxhU', 20673), ('35w5u4FJJfvZaciAtCgMkPhwwhggjbGj1X', 1027), ('38DQ8GUpR8QbK3tyYkj25wedEVrBLUbVTz', 1374), ('38fo7d8tByFy755rcJkQBk2VH2ddn6geSS', 6849), ('3QqmCVASgtczCrF5krU3H1kyXHVcTYDkPL', 2218), ('3KcQkbjkDciNJxPJqAkhWcEo292fV1QvPj', 16000), ('bc1qdy5mdm88g28c66c7fucksjkv8m2cju9luyqwhf', 1099), ('3GmqTm2AmMftqEo3TAJSYsNokwRGi1djYP', 1972), ('13kYijpRmAFh4gV45hCzUk6UYjmzyMzupW', 1000), ('3E2R1Ea9J7KJmEC7zyeZi2h2JPgc65ppao', 5000), ('34tRRkhothCgBgaNpTMNsfqGCug4JGDqFM', 2500), ('3JgN19JLoXbn4GdqLCEeLuLC6JaoDA6cwX', 1097), ('1McH2dLZikue7D9LmtkkZxA2nkzwQvMtSJ', 2669), ('3AXszefoKkrzwE7Wwo2bDYMfbMi4E1nB9v', 8051), ('3HcKhugH8drzxo9HVuZrVzPmftVPzoV7q4', 1200), ('bc1qeanx4v92xdygcmxww6kvkjkwzt262644z36mqu', 1008), ('3BEjSPdRCVcLGhPfKWP86GCCUFQPzhtr3s', 1077), ('3QonvPgvJsh4inc4ZQtYUt6H2RcX1Dz4ui', 1000), ('3JNo9hJ1axGX4A1EzYkCNHTPUqkZh8vPdn', 2546), ('bc1ql3ktc4c376f92thyj9zhuda463menz6a3zuuey', 1000), ('3Jr24nhMT82hg3u2tb3PDf2fDUanduGfwL', 2224), ('3CewvZrddUU4Jq8RizS4fJvTDPNcNQqurV', 1029), ('bc1qrdm83lukr28ew67d3y35ee8nnsll65wmzt5vs2', 1087), ('13ocsQMvdC5TEwDeSGTMm4MSxu62HBJvcR', 1034), ('bc1quz2e7qrft370rgssmvkjfjs03tjde7m8nqfwp8', 1584), ('14f2Kc7xkgKSuJAYCSWQ3XRSwoMDupDaDL', 1000), ('36M121gkLEe5mfxJsBrcCYHwsYtWy5Bz5R', 1000), ('1AVkEJpgRQ2DHQH1fvQd3Va4P6xTnBxUSD', 1000), ('1BJdB1brsB5x2fHuHu9kzZorvRfo9VWtc6', 1970), ('36EWYvdoDeBNkt88bxSPhrxtft1DD8AQ2P', 1055), ('3LtNtydioJE2ipskbvAakRy3WzvYH1Mrho', 1299), ('bc1qa3l4pd2rczfqkgkj5zxwhhcdr3e5xlzeuctqrt', 2000), ('31h7dKArRyKv8AmmcTBJoDBFnT3LcpYVQW', 1079), ('3PGK7wYX6x2Wxn8ZrR9bzXaT8dMSNqAUjr', 4948), ('3L8xb4JHQrdKxGchd2qRoud3L1F3qQ92ax', 1751), ('36LmkumAnayG8rCzFkXRCoSFss2GwDz2xk', 6999), ('3H27KLcrbX4U2YF6fr4vYWXahYPUrr8C9P', 2000), ('1MyDMiY2hbdSoN7ZkXqvSP8Bb2Y3ANEaRw', 1000), ('349AvAd6rDgwSksqtMXwfR3oUwtkhYfVEM', 1000), ('1BvmzHnW8ni2kgT69aGBbK2VpUdXJKUHGR', 5797), ('3GaMMAT4sgRitR4o5VZog4ts9RFMdJcXvt', 1000), ('3MvvHGhBRmbsJwV24QMRdj7NVUjG9ZTiwr', 1607), ('3LuYQBQHy7v5Uj5Fv92v6UuEwSHmPf9RFY', 1527), ('37m4jbuYCm62kLcRQPtCHCyCZzpMHzKvdd', 1438), ('1PoiYbuCoqLgzcHxGKpTNvN8BHrETPaq8o', 1000), ('1AtQc9jCicwiDN58o7KqZDeBJaLoXk4f1w', 1000), ('3FxEEWgfS4qAxaE4wh2efRxEE8m67jcoQK', 2199), ('39RGU4ufdDywNPTegczWRBUQ1ECnvBgQzN', 1056), ('3L1tQQRVnVZsHQBAnEyK6twh5943T8KDNw', 1028), ('38P6Bv2vjwLEgyzaP3hMTBonoh6iJ8N7nN', 7730), ('39ZKn48uotZBokUf2q73P5j5CxNSYczYdS', 1043), ('bc1qwg7hcz7yh664dmvu56h5yjnrvzyfyzqja97lu83uck9cdr9ar2tqcdz5hd', 1000), ('3AmsCpKi94kBoZbgAvvttsRC6C4VJA1dt3', 20064), ('3JTwThA2pQo9TMFoyb442i4a1Vz7WQD8mB', 5366), ('36NZhkY6x8sdnJhyQDmCUFiKyQuU7EifEK', 1191), ('1JsGjqrN6hLqDPmqLjGAb3HGrrHqvzvWT7', 14153), ('1CpMnciRuah1Ets6jcpxx9nvdTRMNN8X4n', 1000), ('1LSVFsLUt4A9tM11CqEJWHxcwFA1PWB9Nq', 1000), ('1Gqp1z5HDzyk1RRqN6F25K226BJUxnNFb9', 5538), ('36y1Dzqbf7hRNhTAVyMrL9jwd3294Bz7gv', 3000), ('32xMLKL27zDKjB44ZanjwconCP5xN1kruQ', 1144), ('3KEZNpgsvwDUxueGu5fCwE9uCoyDTf8R4F', 2218), ('16DGKXajqhMussXqbCjo5VRp2osSTQUasq', 1000), ('3CpfHvXe4RUNPVTNu5wtnmjoqCMWewzPrS', 5696), ('bc1qq742wqnzd4vakuhrkmsg0n9509e6v3aplhmc3j', 1061), ('3KjxsQuLAFEGxsFjw4PkRuMWoGnj9tQnpt', 1737), ('37cyL3thLpJaUCZQQSJXjBYuEhFNEZBTus', 1038), ('1JCkQRNoFdVYfsWUVcheLRSSPSn5C4qpxD', 2000), ('1BajNnw7hDtGRY4sE1qbo58nrrYMvcbQrM', 3293), ('32RmAgEc9UUnMDn3rB8NBRr1yNZqKakd15', 1525), ('13nYFcGtjsmGq3Ckp1K3bihZRYfcJCpATE', 1034), ('3G93SPnRdXUs9nGHwf9k7KVy9cesTfXWqQ', 1031), ('1M2kvAka3MaWsyTXVXR7kmyviA8qth1jb6', 1150), ('14vQj1wshxEoaNRcqcDJY2giiypcLupyQH', 1000), ('3NpVymnhsPXQp2ot9vFYSuGQ3oMjrsWxeU', 3000), ('14h9bLPxyJdKy1umSYkbqiqHYb4mXbHiHp', 1000), ('bc1qxxj6kjty55rs8rqm9ltx34fmw2p23hes75w6rv', 1041), ('1JQhPRZsu7RNkSu3pRJxNH75tdMcpB8sJD', 1000), ('bc1qrdeedcja3zxkv0js7xzfvgw7w52y7ap5s6dx4m', 1270), ('39LZ9c2JQyRo4YJBD9X3rhhEt3fohz1Mok', 3644), ('16C9kVQebL8DxSsigufNxEKZznH8hBFt1V', 1026), ('3DksSijE8e91o4YDwdFmMThtFQNsd2CBtX', 1000), ('1BZuWzJaXMXd5zHhFQGsawg3BTZQYDSUEV', 2330), ('1LzMiLzWQBKbjXdfPRhX7JZ5AcsLDRxC59', 11100), ('18QFhzLwsGGqx6ofTLXgVZyCs2bqgwKzgo', 3000), ('bc1q33kru8e2enhav92c8njss6prjdsffqdp60kjflcxt93xv37ehp6shkpn7w', 3000), ('bc1qx2j6yvdycvda4ukhnpv5scnayrpn53ex6y8suq', 1000), ('1H5qVtPqHkPCyXq38T89HVqfDV3QXxmYzT', 6982), ('bc1qdrs5ccag5x9cp6fegpv7m8yl2qnfjzq0xlu9x0', 30312), ('3BT2sQax2GYHAUh39jmqJksFD1x3SAgQYD', 2000), ('3LkYQv7y8mA1rMBcLxo2D4MH7rYZQxtdaN', 1785), ('34TcxPVX8Bu4U4nGsdUdMngihH9M4NcTit', 1000), ('bc1q972hr48arheqjsmsej2rwychf096da5fsqqg0z', 1130), ('377ysKHmhuLfRmrcm1jB8UruvemUYrzcpW', 2067), ('13itK3kd8BRPVcZhXmTLJu29BxbhXbpUBs', 1794), ('3Kh95HuiDpaU3nJ7GTXDjrdaMN1Wduik1v', 1000), ('18fnFp1U5W4nyP21VMkK9nEKpmdnPYA8ZP', 1180), ('33xyB814ZwXF9o4NxG9FFuKcprzwdgm3iC', 1032), ('38JuCNzoffx6XSYHsmrLCKyVZk8MfVbQdW', 2419), ('39ypVjw91Jr3C4zyaucPNCtp67AgXm627K', 2947), ('1BEPXqWHe1HDLzeFvfxVfURbGBFfi5HZG1', 1015), ('3Kufg7KaYmCYAWLidJMccC9rK3PXHzHiLg', 10299), ('18g2ctnseytQ1WGpgqzbCs2rAzYUbH49wd', 4351), ('1LfNa5BXV8owYjjkG9MDP1aPLqWfZ9Ryvf', 42683), ('3HcppYxEzX2NEBGYw31CpcD1GfUZ2u4ZVE', 1510), ('33Gq8NEm6bizQ9wLFbixEKpWieCNQDBkP6', 13407), ('1DTeGbjmjnvFmN1fLUE1mSdojV93QjPVYW', 6210), ('3GwnrPGcUtyuyE41ohSQjZHAS6cvC6w8Fu', 1000), ('3HppiEirhEZgmeXNFkqq8tXDv3V7SvjrNu', 3400), ('1D8Tcsm5aafiMGGKJP9gLQSNGvJHQVLF9Y', 1000), ('3KDeDGHo6ZzwTzuFvp2iNtrW6LPs8xQ6xG', 1274), ('1MDBfKBnVe4yAJM7r235mvtB855gA3YeBD', 1624), ('37vxzjsGW5DzgDWm3EBg6zFEbBqfWeCS2R', 1940), ('3M75GPz13YwgRZMSYaD37tpdQEXwhBTRMV', 1008), ('3LRE3S1hnLz5WC3QuLVYKvECsQFn14pMhy', 1450), ('19FbhQD1kptRAbsv2AU6RaX9FUJXjzaU1c', 1000), ('3PmsvtrGy1HKCtceQ7gn7k6UzqU3EktXk8', 1014), ('bc1qzgalwaexenvzmmnhyxsmndvrxunuzn7qzmkdp6', 1048), ('1NeCzxpkw3UxNyLGaTdUMRifR5uKCLAERp', 3199), ('1NsmZyFJX2Dyy3cwM96CKUiWiCYJSdVtpJ', 1000), ('3E9hcGgVBaJuSNB1wvDRyeuNrCxDYY4BpJ', 11239), ('1628jgfPbXuBzhThwEfHofmowNbzsYkbFH', 1000), ('1Dhb7aR9nz5i1bHz5Brqw41R8hn3kNwJbf', 10226), ('36besFtaF8KVWUBsnbqXRAprawSqZaoU34', 20919), ('35AdirproFiGca3yTbUtwEgSqdbtWpCBFs', 11007), ('379YkXAxuNBV3JPihehQ1L4G7UTWineCFr', 1268), ('1FmuLB82vmn43MpqpSjuwcPBBaePJg98Np', 6577), ('16SWhYS2i8mWtp5hKGCLUHPWUETsS4LUR', 6600), ('33i9ctougiDPJiTmhBnJVcM8nD2GKWBz5m', 1092), ('bc1q7akfusjv86v7w04qn682qfc7n56zw9adagrnr7', 1012), ('bc1qnresx70lplhe75kqjdpdx9pp5c9774hekehuqa', 1000), ('3HCYi2X8wWCjvfsRLg26gAwHjqfsVCb4Hq', 3848), ('1KskHSNc1Bs3FegsBUqCqAkVHbcjy4kFT6', 1291), ('1JraJE8VJx8Zi3dEW3bD1NvPsnkdxXzuLS', 1398), ('1GXKxsP96RFrcnW7v4KVFxz4793zeiSVn4', 3784), ('3KLQ9pxUJ9sxjtgdYumaWGxhF6gJooGd6x', 5000), ('13j8kL1SPYz6vywPS657nkcqnbbB5p7KbL', 2445), ('32fJ5id7jbfSTmQvPmsXfZpqgkGQK3diEW', 1182), ('3KFZ4JWoHVr9y4337M9jUUQPryFHrsy3cy', 2116), ('3Q4tAWvpYjVxNuUzjEZZNWZBi7rtDgnVgu', 1715), ('12Uw68nrWpQbeG2p6WgahnqMJ2e9ZUB9WD', 1297), ('32oVfVQikD6aQ5iBgDC3hRMk3WxdFjs3ak', 2127), ('3Px98F653LEps1aMKS1s2R4M7gmgi9Zn4J', 1015), ('1GBsPSLYnFD5m1X15bPMMnrTu11a4SvR2v', 1018), ('3JUFNQWYLTiqbGaTieipRqS3cMM32i3kiZ', 1079), ('3F3kFw7gqAoEqQiTbuNyvgqBHpwtr54Pzn', 2000), ('33vuWGLYinM6CnZNM82rFUbRjjh2TH5yoj', 1239), ('37bAGnq9ySZmzFpu9akjVARMf9hQy7P36i', 6056), ('1LjcYyLiR8i4BrfnRR7JmhZLGbttwT7S8G', 1028), ('385kVCFWkSFMtvu7MPFmCbHBWLiCN1RhRo', 15852), ('1GfKWfn1t3pm9vR3rfsezmaiXJPRaYCMMV', 1053), ('3Pjw6KU2Su8SVZ4ZRRsk8g6wh5CybCuuuZ', 1900), ('35QTmyeeHcE9ZGCX6gVcED21SQhnyMNwzi', 1016), ('3JH89ZzUmv9SE3o7cp3x7Do6THgMJ4f7Hy', 1000), ('3QTTojo5erD11NtSpBfB4r5BRqcdBRR2Lm', 7784), ('1HC92uofd2bXzjm24AvPTuJW5AwLCFV4rB', 1860), ('3BH8DPoT42j4ES4634ofBhKi58xqZBBo9d', 1040), ('3QiJM7mXYUQ3howLnNgVME9pRzgqGpk2sw', 1014), ('13PnHQ6C8t7XaJ6ijvsC46FUnov7EMUU4W', 1013), ('33cwqUyxVf5trvfqdvCESKUcCbvkkUQE9C', 1079), ('1F5UxjcJmUbsqScNXfYXRydATiZcBc4Pd1', 1001), ('3HijHxYjrSwbNzvCMhniEPqtBGG5FAcN7T', 10464), ('3CJWpYu73a1LGvhwcYwdhVeF1eW3QyAEcZ', 1894), ('146YBKKL5SmQx1G4orXAZB7zTApQDDFsuq', 9469), ('3L8ajadoK8hfPFZipjpC83H5xCyqc1yrXP', 1000), ('1xmWtkdKQQUwN3DppcRZAJ6Lz8Swr6YLP', 1000), ('1LHgTFytMMmxHn1HJaVUzeP5dCHc2e6FQw', 1000), ('3Lt5qmUetMduqHsNQBpb5sy8WR7k1eqxns', 1000), ('3EgWjXaypv4f4g63unxkxEMeqpYiESayPq', 1011), ('32K3YZrMXRG3xioMqQWHWueJC6pwUHMtDy', 1000), ('365b1uqzYWehBnJPMyixziZTsHpME8RLm1', 12301), ('345e2hTs8D2vACY7TCd6AFCNeR3GKQpDuF', 1875), ('1EcL5WeR5jX5UuEsBDMgEZTqK5fjMgNAnN', 1523), ('12fiARKDAosgHmAXgx1wHHo59d6f7WhkHP', 1000), ('34P15EgWQK8JN9QKgmvXHnu2oCHfypLNi8', 9000), ('1LpHSREgu3xzjKzoKmugc6EsrHasHuvP8q', 1000), ('1BxB7Sh6teMre51sA1WSW8SDgg22YWxfB', 1151), ('37TPHaH8AdjKKZrt2M3Z8mF1WPyBE3JJXH', 1001), ('3Bzqx9Cy6Gy4Ykgt4XS889GMQ1nJB8MFny', 1399), ('17MnFMGhepnat8StQx8n5uQpRhTDsMw1YM', 1014), ('36dnSVvA9zstDjFm3ARRRHTeXmPyYevyWz', 1000), ('14bsBQT2E4cxu955SQKvSk2S3F7VFTNimx', 1000), ('32jdGscDLJ96wHmHXRdu6vgNC5Xb1zjz8f', 1849), ('bc1qgxqfgugxmq64m990upkfwllcs5576c82gjr7vz', 2968), ('3DkJFH7GixhUycNNUXnzCvjb64fniwz2wk', 2199), ('3QMfXM1kQYyCHH4SzzrwYjxuELoUFiroqy', 1200), ('1HKREJkDtoZ8mL6UHeuAneLxu8nQT2Caoo', 1153), ('3KptA9SRgjPEZ54m4z58YVEFJ2VU9AX8Hp', 3199), ('38GADy39WvT39zfgtBs9cSNRydMg91xW9S', 1000), ('17tbudQ3a8sBgTyJgG7Jg6Pzr3993zRjNP', 2000), ('1Jt9HLyAb638oLNDj8aS4VMCfDhdypaJce', 1107), ('38DqPmwcVKwxRVRv8KWGw4ZK5MfqnrLHpY', 11129), ('18BkNSd1JpCT4BaPrGWKgw34nk9mfKRgtw', 1117), ('3L5o1WSWBV4w2b67WqYasLu8TC13roRUNL', 1008), ('35DGcNoov3v3Jkvacgxy5rvKEnygFDwDRD', 1004), ('324XrqeEU46Yxm8guGLkiVLN5NfyL3ckPL', 2000), ('3BqTWshB6H3AGJXhxKYKBFwUSWf4RfEfHy', 4793), ('3LQwCzXjkJ4sXBSkcnqzUwoESdtjyzxzGi', 13557), ('12Jbtt2zCNyGUebZwTkU1Pro7KDNRiuzNR', 1350), ('3J78gPzntcuE1WMsLwBmiZwGtSiFVFSwL7', 10000), ('bc1q7t7jr8283zueprfh8c6jx0eup6fvw6xjnqc0xpx49hmlhauhpgus8tkvlu', 1069), ('bc1qh23n6mlgy7sr29p4nc7qhdhyxjuwmtxepqmwj0', 1000), ('3KgTX28BDwv6Xn5Y2AFeLwh53dAjWDNY1c', 1000), ('3EzHtmgPE3bW9HEacU6ATAX46VJXX5ytDw', 2000), ('1AQhEr7HZkYScThDyT9K4YfkuzpZxoyivX', 1002), ('bc1qeqk3s9tegd0dzf5pj3kwjpepq4mgd0qh0lva2t', 2004), ('38TccWkS1VocZ6Kfzi5BbmyAoyormq5672', 1020), ('1AmuztvqxjBCac6rfWxQB4NzqAGX6e4Tbd', 5000), ('13jNxhL1u7PpW9QoKjGpqwrf9YfH6xFUHC', 1069), ('3258muVQG9SDj3vd44S5mYKDGs3Ws48WYj', 2176), ('3CdCmM77RWavV4wzJGfQv6BdGyrm7WRaxx', 1112), ('32FojXxjavy5A4bwbnJbKbJRYp4pb1Bf1N', 1749), ('15YvC6oKcK8Fdednsjfx7vpgWv2rEXB4tX', 6770), ('33KDXdRnqJhMcNxSLDC6kG85mLeBWvvZA6', 1000), ('3JRKF3RibjN5iWRgzwiEkAnHeWsmCFh6KH', 7499), ('3NXhCfE1bGQwgjvdvfSwhMgUkvS9RXeWAo', 1401), ('18tgwnEXqz3qvPng6YAW651vgzg1d3Hk8o', 1599), ('3CRRewZVMriXDxgwuvKuULSuQtLai1Edv8', 1382), ('33hnMkLt68D6QNnqebsjbZakWyzhtVV3sm', 4059), ('12XXWurkVT2jTH2auCvkgYwRWJmwqq84Ek', 1000), ('3Kwkgix5QK78427aEUu7MwbhvryXtwf1Li', 1421), ('164aoAL3nCUKkeuxMRYKaRn5fGcSbEYaXt', 1000), ('14mdEryRGwVbvfwPvgtKVVFtTwRQJbvuWr', 2311), ('bc1q35c40duunssms55fe56accq6r8xyv3v4q66kxm', 1000), ('3Bwt5dFJ4YSwaeMZMtt4cztGE1dBvHZYMw', 1404), ('bc1qlp0lgur8xwacvqxl6kjmm7yqjq24s0lyjn7f3z', 18155), ('bc1q62arvcla0wdvgpcvsmreyjgr08pydm6urd5uxk', 10000), ('32crqW9xqCEpeKBRryfcH9j3nuBuBzsYMP', 1060), ('1Qzjrhjwc3eLu3ucqBV2Wz3sBPt9TrcQf', 1099), ('18h8a9MD1jEgoUmaKjhUG3GqfdYsNCmumJ', 2322), ('39BMqCLYNmNNSm6kyBagKfo6AQDRXyyJMq', 1043), ('3CpxWSfEBU6Dv9yhh39o35Ey6NYYeRfmMJ', 1000), ('35WWrnCUoYTXVE24aV13yKKawfomwtpJyF', 1100), ('3PYWsLr62sThi7QxGtziYFJsZZvAXK9Ur4', 3228), ('36CbiYHjveeJ24VpwQ1TkTvWUDbuC3GkRR', 1053), ('141pKMrhVcmf1Lj8ob7Qbsz7NSx6ZKbfz4', 1000), ('1A8VAnV69ewoF8HeCAotP17fm2vrAkZ6zd', 4190), ('3Qj8pheKCE4fZo12hzb67CUFNfTA8dmKAJ', 2453), ('3JVpSKXZsoWnwfe6W9pUqHM2UqNgRHZmCg', 3115), ('1HBu5gugnixmtfd75yVFrHbFvJqAV4prLr', 1000), ('1Kzmmc6pgaSGBhGKUmgDAbJXV88pnVHguD', 1830), ('12P6NVPsvsgA14A6ZRYaQQJKhiYbVL3dVM', 1788), ('3BGZdbrL1y9mpuRL9d7CyzJjzj6ozd4jPN', 1083), ('13rKz6ckFDXhPBHLMCJG7zLgxuLpRnmb7T', 13789), ('3EH3H982wkR5zfm7dJZgVccVxXFs3b9CFd', 1034), ('366EzLdqcmH2PAv7Rywu4bCskWtyAm9XSz', 1230), ('123fyuw6sZ2Jsb7Eq4MXyTqdGnsNSGbeLs', 12564), ('3Ldm9eEoGdvUMYVBGxhfwnaqtRzYkzWR1C', 1660), ('1CZQDcVvsQafuwhmAJMu81ZnHjwUXPtJtQ', 17000), ('35t1ri6q7J8piNz4eR7HTdz5J2FWZPQjRi', 1299), ('1FjnprQXEfu2BtkY45EtdUNP6B5p4YWF3Z', 1000), ('3HRsF6CDm7BZvnV6NeqQmWsHT9A2a45imS', 1000), ('189CdxQ2Yk2ZsQmk4eKL1thehzqAiWBy9o', 2146), ('14MZibYpZ45TTPhwKePoeTH8sUVcrVPBiN', 2097), ('16sXwbfB8MVfyf9XrK7oCshE6Hs9yTfGDQ', 1000), ('1MW6UunEZgSipcLQzo6t2RCoZxp1v967UX', 1200), ('3875ASiVXot19bysBfFYrveJ44HPuUCVZA', 10006), ('17qn7xe1Ce9vMNaY19Cfpn4jgMygYZpGr1', 1000), ('3HsycGfWEBDejywkA88iXCg9GSDXb64SPc', 2799), ('1Ab1g2yZYGdTk4BFKnZ96SRqEoTiuoDKTC', 1000), ('3NZ1meCUV4A2ggC4kjJVxQVjnYXXEiv7Gs', 1063), ('1FXaHXpMe1wv32ZVjBETgB7YcF2fQExDgm', 1013), ('3BfnUzMQvPcxhNujGF14qY2pdwS72wRiSK', 1000), ('1CEKE2W4ZeVaXumsfpvc4v19RBdoAXNoQt', 1086), ('1MymxRPW9MvbdDxZ9EfrrEJHcEqdx68yMi', 1250), ('38Y3pPRMNioALHbVSbJk58fzm2kqY1FyPL', 1399), ('1H93CZ4SkFYF9oT2KmN1JzRtAYLkBtBdeH', 1000), ('1DdhLGhQB2tqjtrKS5WrE9KPjW61JAfmX8', 5190), ('3NsfD4xFTip1wH3YWpZKSg5aeT6zENogrx', 5081), ('3MZXwBb7wiWujpxE7atj1LEPXdLPbzStU2', 1000), ('3H5uQADsCwpmFzA6ATSvL58JPoMEq6b9Sf', 1720), ('3HVSaXMdtQURLg5jxaqeZuqDxjh7fn2fRL', 2214), ('3KjgZ8oPRzDpe2A4yro2ENVeZDXSfoC5du', 6231), ('37Xw58ty8YWReGmnMc88NMRCS1mjyi8HqK', 1000), ('16qgagwRJRivJJ8ttNtQGfY8xSJEBwLepS', 1200), ('16HJsETfMjnxheEWebc3msWDKZJWpeXP7S', 1101), ('3Ld7M5K5eUJ7bRHQL1LovUqoftVYaG3JJQ', 1000), ('1BY1A66Z9CGYuL2mEg5cTnhGwLiUmFBQ7d', 1435), ('1AcB3eRv5ho8vuWoiQZxoDEEeJhCnPrcsd', 1768), ('1B2T73uqNKVE469UbihtVvLD3zH9FNVr3M', 1000), ('1FG4RiGxJ5r7X3yaxv39ZkYb6aAJ4XnmFR', 2000), ('3ENYcqR7w1PdbSjgBvkJ9odhWCRbijB4ZH', 2004), ('3Fb8WKeoyHk4UozJvNcKYYw2782U4L7LLW', 1940), ('15g8XQZJVxbdySBK5sUNrTMWG4kFwtJN8b', 1008), ('1JDzpoAyLhCb3QUmC41etpBaJs2DpxKqb4', 1220), ('3CE5FAMCx254HpKsmGb4T6n8gmG5AoF1GX', 1858), ('33aX5wpvSHQAM11Gjz9KehMTFLu6oStA8n', 2460), ('1ML6fquV6WmeHnagTZwzqmgMwdZ1bDhNrX', 3208), ('3BX7WWp7cEMb6VsoC5zhhD8MJGNnLnyouK', 2178), ('3N3Z15VUr4hfi3FkHiw2sdx4jQiuDWS1xZ', 1000), ('32CzUdJfweWRy8b1HpD8MbmJv3GcFC4wJQ', 1200), ('3NuCP3nVvTc6jWkdz2SmdWxvvB7QKZWyjC', 1200), ('3P875dPXQHnKtRwj7DGywD4hD7JXZAXjF3', 29437), ('bc1ql9nl6w4y8pgvmq4ahgq0v38gj7wywhexpftw88', 3000), ('14T67C8gpAAXxMk7yTpMXovxSoKVngvdCo', 5005), ('1Jk1ScyX37SrjTyVg7ZBER857Z8TnYf5HR', 1000), ('3FQ8ChsE2qg2CNgnWqaAoFAMB8BMNk7dhe', 1167), ('1GRUMZKvgGLrTSrLbC24EG2VJmxRodwg7D', 6891), ('3Ak3S3uueThsCNqbzMFvj4rq1AK3yKXeKr', 1201), ('1GVZ2Y6n1CmTzA7Jh24iGewsFxgpjYUVVw', 1000), ('37xK9j1Nq4yLpbTGrRxTdfV1zkwPBmYNCo', 2979), ('17wYAUqU2bhKY1MND6LZ6Y9DPXaxBTatvf', 7090), ('1cUbio1VscoVpuCBQdvXRvMgf7mtKFB6r', 1032), ('32Rqzi6aurv3BjDAFteuWVcREQVHwZVyBh', 3000), ('3CMbHRSsiXeqkDkQWp9HHNV8zUNEa5D1Vu', 1000), ('329pqmPEdqMyyuwpj7a1nd9oQ4djCTQPiQ', 1000), ('1Kx6dM69Lvzi15TPEguRxBwKbHsGE7SRnr', 5391), ('bc1q2g0h0e0wvt7xvludau6cdtfqeuctula0amq592', 1000), ('1Db3bySbfd1myB9JAyJtuays8ByTuZQ6zM', 1165), ('3J7wP8CinZcqDgBCQfb11pqNGiGFfsNdbH', 1321), ('17xa4sQLTmFnxiejJ9Z6TxeZiBspjAPNk6', 1000), ('bc1qtnaqgqz44886fk7v6xr4yf7z2s2r6rzul09mxv', 1154), ('3GjBHYAQoyJLirpKQ4weBNkyrwyceK6iac', 4309), ('1DPiK1y5sB7PLW3xjLVprt8q9qarVBATYt', 31471), ('bc1qafqxy2en4pt8cradpqwcn27k5327rt5pcshl8k', 1000), ('3K23HvdSFadKd4SfqqApQFY5b9WhdiJjUc', 2000), ('38sb2HK8pfJL4JzsNyq15R9WkiLKqNBYvr', 39193), ('3ASnbRdakX1ztVeGrkc2pUGjxJCVXqymN7', 1500), ('31rU1T6BgjVqArLi129xCy6DSsPANtzRJ5', 1039), ('1DNKHEDRZXnU4L8nm1jHZ89wakAEZfHahU', 1586), ('3EzTwefGSj7JP2YcVUt2fHggJm1K8NYSPH', 1200), ('18rGXJadLqmWyvnGK7dXT8ewtgZx5AMraA', 1007), ('3EZFs7JRDs8WMxm8qddd3FdYhRQHMA8YAR', 1590), ('1Gbn2yQnDbi5accFBaNLQocBGEPE8D6wSp', 1000), ('1CkiSvNR9XoGHUKX8QqtxA3JECKayxs4C2', 22849), ('3DkuwzH6BczN1PUeZtB2TPusAseK63Ggz8', 1875), ('bc1qesnwl5uegwuwewwpw5ltq47n5fswm2n3rp7vfm', 1000), ('bc1qdme37cty3xcwhkqqwp5vjjppclwqn8ur3re24x', 1000), ('3QbNbKSD9HgZqdHwCzPw1nm6j2YntNDJym', 1000), ('bc1qwwzxrd9fttwuupzym642sad4840ex2grf7qv2l', 6114), ('35pp6QvsLNzjcTxrg9vKAyf3KFf8xzWcfk', 10420), ('3NF9Qwe8TVJYV2p8Cj3HKgDp5AnWC56wDu', 1000), ('1ToCkdLrKPCaq1UaYcXBYEqJ1Pga8KrK1', 1020), ('18c5NCMDxH5Z1S5b5AzaBbVTkB9mMMPAnG', 5000), ('3Dty9caF3ucUcLEmB2fENSz1HTYAhMya9F', 2432), ('1MqDkNcq2FQb5kNqTJ3w9rhWbNtXWT3Kgs', 1000), ('3BkMPXjgmT7aTVF5AmPNWcPGWFHxUnKzcX', 3661), ('345EKqsw7Yqzhg75UgTT9s3TqPDcqE1FSC', 1000), ('36XKmthH5rAxj5gennreaTrHgPgPwVJxUi', 1326), ('3K1nb8Q4kCeDXp7HitUGMcStCecKbE1SWn', 1281), ('3EGdAs9R6TM6bCQRQ4i2dcpekbfCuoASRV', 1000), ('3Lvbu87GsyVqhrntceufygt8xd2g6RT5kF', 2886), ('3GL91pi3bTEAMKBAwGNnmLB1ecdAuAez6c', 1009), ('3HcRmFpZH1EJ2qRtD6e9rbFZymhgHwnnnm', 1031), ('3FCdAd3zwymUQUShz6YrFYMfAmeYHMU2nc', 2182), ('32wbGrNJcugMv9nXm57BKct2t8Ari6CZZi', 1040), ('13DiPNi42EEn3nQotv4dHg3cKanctS3mjy', 2169), ('39meX5eLgkTDRJJfsWuW9eSUptkQNPjAJg', 6687), ('35ubSpCJt6cRDZYQERhFZEfkECwCkayGjV', 1000), ('12MH7Fjpv33y2KX1pbTLqaNGRxBfuevHEd', 15401), ('3LdETuHLL6DVsx6dwfKWPCacwcyqySFZSF', 1102), ('16ti3V6CQ3JayBmT9vcd4euiEfnfyRd3XJ', 1366), ('3ELQ7zYxVtqMQLtBCFSjbWbtJHpJkv5wCG', 18100), ('3AK1Bw52VT8NVjWhCBuaNcFe4dq9r2MBV3', 1317), ('1ERHWfSEmqk1CLYJEpBN9dFXDS1ajso3Js', 1161), ('1KZ88cCrYG75zTMY8cqRMKxpWaCFLomtmr', 6480), ('325qNdKLisYWkc2wg8YGXr2qQEALcozACs', 1014), ('3JZkaP6q1tNEBrYG7aXqoPgAji1CueKrWz', 2409), ('bc1q004ljvy52l457mrt2kmtfv59j2rhsqd6ujj7ap', 1448), ('3EQ2vCXjovutSqD6mW8J1moVeaE8HfUmH6', 1000), ('bc1ql24uvh93tf3lltwe7su6xs05cfz4knwpy87h4x', 1048), ('1GWbUih9sQ7yHdVSs9YCeAqFAvRNQC8uhZ', 1599), ('39LJxiLYrvr2wCVVL81ds1cFjNB3icG4tm', 1422), ('3L3uiNpQJ8Mqky566X2j4Xvwz1LaTHYaCK', 8250), ('1AbNTSUrc4Un66yirbFKDc2Z2PMYhmNTdL', 1000), ('1M8HvMB7C8v4Rm6zEVfgY3b2MXvkjiF3Km', 24640), ('bc1qegmf7qlrdc23tacavluthcxzhqepunnqr4ykyp', 1250), ('3JeRJQ6Xn5EWKSwQZi3798X8475p97JjkN', 1009), ('35UCiGuj7UVo6aGrLBuwb3u4fZWHf8V2mk', 1046), ('3M8wXxgZtkWVF5f9c4xibKTxSc6vKKfXy7', 1000), ('13LLVWdyuWFtZvvaLqENUJXRLXrE4qooS1', 3136), ('bc1qc7fgyqsudtncmcdz005p837a9lvzdv5wh3chwm', 30340), ('37CR91YvRWUiQpB3uTVfVUHba9n6ECLWad', 1040), ('3KBF1JmmRAP1rWVM6Cv2jFwoUPviX4t2wb', 4516), ('1Fm47k3QuWw3D7HmGK8mLxDhh7NVaX8Pbs', 1001), ('3P2Qs686fd3FjYpMh2yVZytqVP4HSM6DEX', 5000), ('39XmkBdqwf5g1De867BWpFCPd2inw4NJBV', 4101), ('32w8oQQsDnUQmDhBd52BHmziF1VpyUU6v7', 1000), ('1CgwXjfAPZtLKdv128GW4Y4uxCK7qAsPYY', 2322), ('31x7AWM6JVpMD9Bq7tZ23J82XST6pTPBoq', 2900), ('3Ld6Tpbwht1T8oyvZFdadEm3L8aDCRMvoz', 1000), ('3JvJaGbxvvCpLM6P2gapXigWCJmUJGCNfV', 1028), ('bc1qal9ldcw9fxr67lguk9kg97j5wuy6t8lwek7ll7', 1099), ('3FfbkdZHNtxubMMpdN77ai6c6wS1PmQJyF', 1029), ('19YgcbdVaPR9W2dN2sHpKv1d3SZgbZ7csH', 1000), ('13WEjrrbKAaVQxW8Dd7MVA1Np5PAwYUSFg', 1299), ('3HTRdtRuYDUonDMkFShzTxVpTxFfbE7r2W', 1230), ('1Kg9ZnJJnbaMjCqutgotJhU5vduVrmS2Zc', 1009), ('3EkFrwtwzK9E4CF42ZdomqsWZ2Z5pLMuRP', 1431), ('35DJXT6Scye43oHfjLHRj6ZathhpjNawDg', 1024), ('bc1qpnk0v9a3q04uvs7cm6rdrwq3zwu20e4r0a7ndu', 1963), ('3Q9TRauLiN1JVCXFh2C2JeNXtfuq2sc5TK', 4924), ('35KQEzP6XH8yZogJAxyqmtgZ8aeSxkXDKi', 1000), ('1E7BtGjaq3FSZK7Hk1HJXoKDvqKXqrreBj', 2600), ('32vtvHy4zjuwJgJdoJH7YZcW9f564XQV3S', 1067), ('38wRYWnUpnrdqZ3Y4DoUdWahoH89e6xGyp', 2000), ('16wMwsXqiVb64axf7s4KmFeKw2EM6L6shN', 1049), ('36UaLTV5fxYa3tCf6LQ86VPjQXzhMBahKA', 1472), ('16i8ehiQBMLJsHs8veWfaJGdeJ6LrpiyB8', 34000), ('bc1qmp2qfv6ucgpug3amvm06f9v2jtktpwh432z8jp55kw93veyrkq3qv2azet', 1010), ('3Jfo52JxGT8S7Yc5Gn3Uk27zTP35mSkg1d', 10000), ('38qTm6CshgDt47UYq4X5FByM8f4ixPh9oa', 11945), ('3MLdse3oQQ6P7T41wJLwXZZGtBJiBwSRy5', 1000), ('1GHkguvSG8AvPq9JKyCCgCn9ZKDus1pwek', 36590), ('128eaeXtLD11PGjfp3KVKgY9qxgxzxAnjT', 1160), ('1AW1jL2oVEKg1fKKzpPqqfbvPBqHRwefCF', 1026), ('35NL8HFiGgAKTCZEAm1ACrBkcjC1jji5PQ', 1500), ('3HpNT6VWKWmzBa2eAnzhQjLNASWFjNK81h', 4012), ('14rAPuw1Qd5hUMum8zCeMcL7hqp2JvbPKE', 1220), ('34sdLPAS2eN4kCNk1WM6XpyNHZT3NYyu8i', 1499), ('184tAhuf7bnBmorFbGS4jtDB7UwWQDXadT', 1000), ('1831sH6qcDHUjvTELSwd5yvZU98MEfVkgu', 1057), ('3EVDRc98MQDuLkyMqSHwzUCSXt1c7q5Qww', 3872), ('17gx9Ady2g9RrY88YWMoVqVY6X9xxUYDQX', 5315), ('18XXQhwxZB6iHomo78ghnBGK2prPDYBUF4', 1000), ('1F2iN7BeaZFpTb5CXbGrYcDBi1ptV3VH2V', 1000), ('37o3VviifqceNG7wB3qgM2fQLmkwxaniJW', 1000), ('1byBuQgE8y8hGibf57iZvGHSb27FnLiVw', 6334), ('3Di7UKzaDVVWAhYeqQBGenXtEZxzKQWHBp', 1261), ('32uS4ckDtWMq4kaFmjSvWw3kar7Fz575Uh', 1048), ('18aiX7fdgEFxy7Lp8mhBmvHTifo9bui9Vf', 1005), ('bc1q7rcewya40yud89lzeamjusq4k5l9ju5xkqj2wx', 1242), ('372fjWwoeUc8FuQYmZNcxkohjp1BFAVYsL', 1244), ('1FsX5y3omisB3hfDCWApqdmvTC1TWZNVt3', 1654), ('1EPVvwu2nLRXjjdYk5mg6uphVgvBTLjysA', 1000), ('34WgtXhPtVQMavxyENB6uqRPGaCbRy49JV', 1620), ('3JGL49n7NdPymKihMLCawtJEy7vgVVLzjH', 2960), ('bc1qy74e92f774xncaxjzrq92q53xj4vcf29l8ch9f', 1000), ('18jKRgVrBvcABkdYSPdxru1ZoGuKQuAaRP', 16054), ('32ZX1Antx9D2w9VbofFpCqfaBgPwmWCCL8', 1025), ('19MbkntkGNGLBBgG8oKuT5aK7PETVe7JpL', 3379), ('37SuweW1iMViWnKdazp2BY4kfe11gU3hoE', 1000), ('36oSfwPsUfAianrBgDh6sbJ2XXreczLYLf', 2006), ('15CxW9pwADov1Up95GLpbgNDeg2hnr18wx', 1000), ('3J9ZB3tgDiHkNgZFKX8ZdX5DsARMuRBz51', 3470), ('36ZdnVZ3gSe39z1j3pJP5epAd7Hebj16oq', 1000), ('36kkif15EHdWqmbHcGL632L4xhHm6NXHMu', 4405), ('3Fbdp75DRTFZ1ewbjZX3MgXmqBZXCEGpXz', 1677), ('34M77tH4fU7dCLWPBT3dhHZ823o7JhmW9m', 1864), ('3FAu2GErXv9ZpHCCJ52RUoswEYaTC6YEij', 1752), ('1MV85LH5m2uamgta5aKN361dKumh45csxB', 1745), ('1JrZBTfFUeZzyvw6TacjyDF6FuL45wPKQj', 1000), ('3JkiKoF7Tpkmoy65RsK2ac1d789zXnWKMy', 1000), ('3K6F1RtzRC6VhYqzrHqpqqwekYT3EqUHHm', 1069), ('1NYkFd7j8ZP6aEt1zQ7F66cWUvdKnARLfQ', 12006), ('3Cw6jjY3uFxbwxTM7Njnh8Xi9nqXXoqGnX', 2699), ('3ArQRVC59ULnuXrEj5aDzKjhpqK8KSRv7k', 4000), ('3CFWQCHCcimHrjvDFfbtsB9QnKvN9SdYj7', 19410), ('3CTpziE69G1dmSHSDk539PEexUb6qayJ7u', 3047), ('3QZLxdpdJXrqAH433sgYsT1H9GmZg4dKWv', 1000), ('3Ahm2k8W8S6UhoqWUgvAYpYvhBhuWxkgEe', 2271), ('3GGpHaoQskc86tNhs7ZhAPfee9FhyGSk5A', 3666), ('3C9c9pscMgdq5wKvJw5UDpdLLu3Veq6eES', 2366), ('32Y3NiGSjKFQGiq7fgb5HCLHuGb5fDSS5S', 1026), ('19C93VwyVLvtsBTDtqt2r9SECwrJ84B98v', 1000), ('1EUUnEbD1YUrybZ1VRFzbPpikuJRDp4yGF', 1008), ('3PkUUzao6QZkgaTtaBrwFMt12NQEoCcm44', 1013), ('3CVpqeeYd4pRC1fwtacp3hEZRG1i1Uix9U', 7533), ('36bwTCkGmJHQkbuPudEWTjnb1Bu9M5oeHU', 1000), ('38xSgvaA6Hz8VmvcJypyZ99HTVfentXqjJ', 1000), ('3B6QmYVa46o9tXTdgTzjABHr4ofowZY2Go', 3262), ('3FCJ7xbKK7iHj31saQXkmcJN4b9oG6Pt85', 1533), ('1AzMDWv1W6BqPuUM174333YDu4nt3HLxhL', 2986), ('bc1qquxswan3m69k6lejz8qqweyacnwngsvkm66vsl', 1000), ('1FhPKgPtXKsZTLhQv1BYYgzM89Yzo9yjFE', 2589), ('12YVxvHfJ613bQsvSQ5qm67f5s7FM97RoS', 30814), ('17RewRjLdVwkiXvosUdYZbsUL2gVrQFPok', 1114), ('39MSf9VCk9NzosyGfddKYpthEvJtRZFvk2', 1000), ('1MA23b6ZMY17H3AeJ2cCiypcK31oGBr8TW', 13090)]"
1,51d804a4cedc9fe382e2c84d26edf8efb122e73ae899ad5f097c21aa51938a77,2021-01-24 19:10:16,"[('bc1qntp7n5nym8t897wd5sj4ery37t9jlpup7tml75', 8115897)]","[('1N4HRXa29uQgS2Aa3yKeU454vbRH5LqoJr', 1051), ('1LhGZeEes4LQ6PxchAyxT7zqQcCJQ7vp8G', 1448), ('3ESKU4mbDXyDyBHn4UwvyRatnCHwviHwyU', 1028), ('38jvg8fxTgLS4mqYkDhCVSEoEKedEptzL9', 1016), ('3HgHx9y8BZYFR1KjeoDcFX1z94H7cSgwjx', 1029), ('3GPboToSUTnKLgT3zSdGC9QLBPGtqSuzRC', 1000), ('bc1q5pwst6gj0emhzeh6wn3rv05mms4vs952pc3zkc', 1099), ('3LoJrmAR8weY3GnQH3Wh4cEdxiNcBCMWKL', 1000), ('bc1qheedaapmgje85sgxfyapkqxrqjrzqphjy8jy3m', 1056), ('3PdRhDXkAiDJpSebVu8i1pKVz1h3G2jEPz', 8893), ('1Mg5ETVLUrmZ7YSnSDERSUKoAKjGf7XMKW', 32905), ('371DGuL1MTNCsW3bitQVaMCa1dUq8VdHE1', 7815), ('3KFHNNLqi5bheh1Soa8Gy7A3a5pnirXEwW', 1014), ('bc1qxftprf3u7zff3vmghp4j4yfv68uqpcm4vpmdkp', 1000), ('14cnHNEGJufYfWMSsmJ5NS7XJMH4oAYgpR', 16569), ('3HrCSCbNG5rKTMqMqLgsS43XMTJr4XyPRT', 5034), ('3KwxxvGvevxRftDjKXLpELBQWd7yAxMGws', 1000), ('14uvaAxqv4CNjCtt7yCt6EXKKkYPLK1Gsw', 1003), ('bc1qf3lx6fn8mjrrsfsmg63uvadk4jpnur3s770pk6cyxyvpu8jyn8sslanjj9', 1097), ('13Qf6ULyEWggQKW6qWDTeubJX6GDGe2r32', 1119), ('1ETLEJccA6tT7AYw7P23AQsjzZepL9VAEd', 1026), ('3HpgJyRExt3D93WpXcngCjH9LLBv39jM11', 7000), ('39G1Y7vGYBMehvqYQsF6k4K9Ft4NoA2yWJ', 1000), ('3CgvzRnhfT7gvvETgyXypKRkTyBaZGdnVh', 25000), ('33kRsEPUsvX7hffXAWo2mNzaFL1DzAbwiQ', 1000), ('bc1q95gfh80aqtfyzt6679pqwp8qpa5emvcfw2vxrp', 10359), ('3BkHQvyi7kLrDnKqoVgDf8HMdFmNhwxW8q', 1749), ('3GQ1at26tw9pfM66n4Za6M1qcaKEBRzajL', 6095), ('13WjFmC6qHKNMX1mW4R7g6H5mLPMNk2GY8', 1012), ('3FMKfrE8VNCKqUWdSRKxnFQ3aRVczyLw1n', 1500), ('1BikR4HhmTovWLB2AjweXZUtEN8NYJQ1iU', 1000), ('1NvvC7dXjCUHxgnvfnVvvGbzLKkwzb9Bb7', 1000), ('3P59YWP4PA9tvq2tYS8QrriKBn3xuaKWVD', 1000), ('1NTn6FrPYohzsqCUfJ2EYrQreKKGmACeeF', 1099), ('1KiNCtCyZWxQQ5nSUauu7GGgKHHBxSQCPC', 1039), ('3FuFvH7gF4WpNNA369Hgb1Fbfyr1fesN9N', 2960), ('3L1LvBboM3bG7awVEBk7i4bhjyEhz76MYj', 5061), ('3L2v7v4BJyqTmTQzzfkwFrTuUZ6d3q6FQR', 2267), ('397JjNmomNsjvdTTEBsKdwJy8BpYJuf6Za', 1000), ('3J7Wdrrm1uGaavLj7hbW1TbU2fAcGbLTwc', 1000), ('1DnD6VHPvDwibuzZYubEkuUV1WXPbAbsca', 8066), ('bc1qjq8nzvw3huqj6ugesmkpvjzzr2jadkz86e8mge', 1000), ('3PfmsWoz6thZTpt7ptx4SS1NkU2eapcYKs', 1028), ('bc1qv044h9h2tl3qcvxa4v0uxxvgulhr9qj9vj5pus', 1000), ('3Qaa6NJfLJZFMQXW3iar7Py2ZUD87QEwM9', 1000), ('15FbrHEmYnWk6eJudEBNWAcRUEcrDnHB69', 1113), ('34RSM4qKfi5XUKfqX8HZgreULKA5mteA84', 1301), ('32EwtSRFkc7g4yirCzNuziVr32XxQxVF3F', 2934), ('bc1q4y06a0677qq332kqmfau49t5ddt9z7eg3cmvz0', 3579), ('35cqGih9pVRpuDydChXS9GPHBYirW8z87p', 1027), ('bc1quxtryjztyqwcz362hlceh3u0g35zl4nan98sm4', 1000), ('3B5xc53kHTumMMg2moS6ZmQiauHR6VwpEd', 1008), ('35WWrnCUoYTXVE24aV13yKKawfomwtpJyF', 1015), ('3B4JWYdmkHMFyTEUw8Um66Gieoqq5XuBkQ', 1000), ('1HSttBYURaimUx3J5SmCD4E6EBzJZMEwPY', 1000), ('3PCB7utTGffzatjvmRtmLZjfHdSVU6Ynjf', 7153), ('1HszZ8UDJDfbSR8pEUkq9DgwWxKYyKAfcr', 1099), ('3282GBQExLznqAEmboJN8i9dPJTkBbrEVf', 1000), ('3Ec6Fk1pWw4JD6DLUUxkiX2orLapHCz7Hg', 1250), ('1BRb8CHuDVBRF4DscH6wwYAEn2qNV4J3Cq', 1024), ('1QBXj5zHC4w3FSnQE6B5QLQ1vRhySBNQ3n', 1000), ('3EMAAzqMpeXrog1MubJ2zT6viPCSEHc1cs', 2000), ('145LBwkUaCXanL6cf4inuH2RnfRDAeFhx9', 3693), ('3EuJAWsDPtMxLSQUtpFrbHNvB9cyNjge79', 1000), ('35UqzR1HSo2o5rtDphCZDWchMjMjn13uLt', 2385), ('3AiG4BvsbJirqB1Fm1quWP45mFSkQCGKbD', 1006), ('1Ntv9dFPCVDPuc6QibSwuj4GFxW41xfscN', 1103), ('16yrh28iJgVxzPs5h8nB6W7MfdKkx6p7ea', 2052), ('3H4tbYZKPCnr2YzqCR6gbvTVxYWAbKEPK8', 5924), ('3B1mQ1gs7hVvLN2Lbyohq9XpDgUSyuAWEV', 23067), ('1GeX2Y4AJVdaEb6rkFMg5zmXj4R49H7r28', 1824), ('36MNXaraLL7Frw4SSge8iWnJBmxPA3CAsf', 1099), ('1GSBZkdbPLYQkrtiimyJQLymD9iUZCRtj2', 1260), ('33FdBKScEy8PBVe1GakMZByQAZ5EwHAdEW', 7834), ('3HNegCJoGjrrHf87yW819DWfwxfxNjaRfM', 4052), ('16PTbASMvqRkcKQR5qJ4EJxNSQDDvecDGT', 1000), ('39zEBgw3cpCAMv1RNQFDe5KpQ7Ci54rNbu', 9560), ('1PJuRZ9qcK5A5etSsoFBBgZA8bbESXf3bp', 1894), ('3PKPPiqHDL3UbsTV5inefXKi7BPJqBBjWs', 1016), ('1FgKdCLUqmCvpMXBcUgJc8Svh81LrX3zyf', 1016), ('15iw1QExyMssiddPPdz1ZEsb9yneixk7ig', 3236), ('1KBNvWpvQt8CCo9mVvs4hMST76UZH57pah', 30105), ('32KzaNfFwwVmGBC2SA3efoieNCbZEDeNNB', 1000), ('3M4AXr4wa2e9An5AjM637JXgYapwicQqP6', 41923), ('36j9cSUBtxp4LmJX4GA4bH1xGkXqLcEpqm', 2000), ('1JXJTGVZf2GkGGYS35FBWSMqbQwmxCAdt1', 1000), ('3911t6UYa6hzv677HSUbDs32vcBvS4oHeY', 1739), ('33f4ZBDwG6GfGnWho9cXeeFp2ugbcpHzCf', 1008), ('bc1qxnlc3z3s4gq883t2wxqn9gjc9ucnzwnex2ysra', 1001), ('12BYW82syj6B6ngGs4kKG8Mzmvv7GysZDk', 1009), ('3CDqa9bhUL8fiCWd3B6q83H1Tz8yrRBiUF', 1045), ('3JNghdGjinuZHGenmWrv2EDszzveHhfY7s', 1015), ('17NuLZZQpRqfy5SdR6GZPTNeYcKn7PtH5C', 1066), ('3G8XqbkNWDKiAeUerq8oHrmKbip9FPbSup', 1209), ('19jV1b3veuLKUj4BuPjHBB7eDB2Tgw73kR', 1087), ('bc1qy66v354lf0jemt5hfqgp3qquelvkahe4evaqek', 1045), ('13dB7oxeHHgTe7Y9bdhvec4GpRDoRTBkTf', 6174), ('39MDnL3WAyLP75LYXy8UhFjemW1f4C3425', 1699), ('11RWS1cc9gHTX6eTRURdU55GgjStHxDgn', 1000), ('bc1qf0pe5cw5yg84urwklsra8jm7ups4egeyz69mzn', 1027), ('38X1qexpuQM34faRbghmZvQD6pmmuRa8Zo', 1000), ('36pw7DvLqzdMYxHGUktQJQGG3BdokSFWAX', 1425), ('3Q9efA1oJ1pgZRnVxUS3xwqCcdij4mgB2p', 3000), ('3FzbVQ6FS6vvYCra1e8Xgu4HHFHLc4otYW', 1000), ('3C2viUxQugvvbgH4ntQHQJRRi2gMzFthUG', 1000), ('3KzoLHiqP3q9NHqwRqAKr6PebfWX5dL8XG', 1001), ('35DGcNoov3v3Jkvacgxy5rvKEnygFDwDRD', 1026), ('bc1qae35nzcv8wd6sn2fs386ytfmsdeevp4kwqycv7', 1000), ('19QyjNHvaHLuUom22PDzF1z18BuLGwUH5e', 1002), ('3JZW1WAs4z1TKPfBsgb1TMcWD2Y2VZXA7a', 1000), ('373MW7VTSe1auZasQ36zedSRjZdcuvcHer', 44362), ('1CURP5Ccb3fW216NXVqSraJS6gDDy9UDQk', 1292), ('1GcFQSAJdLzYpebMER5LK2jNfxaZxy86ND', 1087), ('bc1qh9v24rt85lzcshc6h9eqnay2szshum2skyc8sz', 4204), ('1m8HoAuXr85Q4QYdwz7y15QzYufRhu4DB', 1002), ('bc1qf3k8zzugyl70v7vemda2n0quemg8kzkewdlveu', 1173), ('3BgGjqnpxpHbZKsjsu7JHPqWn9Fq9VLZpf', 1009), ('32R9m4xk62X1MEyxrXmPVriCGeip5iWSyc', 1000), ('3AKVz9pENXGfSXC1ES2FdCrq639y7B4W1i', 1012), ('1QDAFtbeLtH7jWCBc2pkGoBXavYUTw5P6A', 1000), ('3DBjKgNuy7MNy8sjYAkjNUvxQ3twR8NUj5', 1010), ('15mMsAsU7LExGV46yisV183oFM8o4gdnLi', 1000), ('1PPTQPKhWitpsoYxi3BcxNzdCCP4u1Dgn6', 1000), ('3MZUKLuKiz914JqH8iUaKePXLWeJoN1hkw', 1001), ('1AVSHPuBZFWuHMo12nF8FYv8oiTcRaPuuq', 6952), ('17C6SZuHe7nYDeq67ZjsnJTvy1SNBnnmj9', 1108), ('31yngK1MwdWaT5nbLeJecHnpuc9AzitPYD', 1000), ('16g4VCwtr9eLkjfoj8Pcb2WKTRDYfod83P', 1200), ('3PmCdeqxbkgHpwEzqDMQLp6jjDHKZKib83', 2672), ('3L15DgAgir6fRuLtETJknaNTWmagN4vypV', 1033), ('1NCn7fm2gKPPTgoEEjUw9S4Kaw6rTbSUGP', 6072), ('3D5Qj6jQaQKDjSF3uDpn2Rc3mfp7apxyRt', 1599), ('bc1quyudty9zdptpsyljjsg3sv8lmpt3v368cuu2hw9zphscpdek75cstzl8rg', 1000), ('3FkaC8B78FBAwYP17RgQxaAittcQB6zDXF', 1707), ('3E46JUEg7pdWSCRyTSKb5GJon6SkbwvwXb', 1000), ('38Cvpv1iRxENxxscBqEhctZgn7M3VJAJDX', 1006), ('1CMxcaCQWDCmBzYGNRHXPC57gszEDae3n', 1473), ('1Fq8dtSaKokxanQ9bGUn8ZYVJNjSSrvVAR', 1004), ('3BQQt5zSwSa8dhRMTkrp8P47jwLz4NiLdz', 1000), ('1E8EjcD7S5xjvxLbpcQmQrUPCsNT1FofUW', 1364), ('1DkyBEKt5S2GDtv7aQw6rQepAvnsRyHoYM', 1187), ('3FKkM6KjNyMsJ3USjCfndZSbndfatawdsc', 1000), ('16m1UYGN4rXWgeyKUPJiknEoR7F3Sa3nw6', 1055), ('13h18btWzeSLhnyugT1D1KGrCiF96QGrD4', 1180), ('32y4x1vtgi41hW8MQMVDP4c64JdwcAhHcv', 1000), ('1BmqaCcJfNHk6sf1CT8ydQ5Kvb7CceadQz', 10702), ('1PDkFFyCukWjMJVBxoyiFeHR3rQ6aMXqZM', 5640), ('bc1qddcz6t03ltsrev7s8cugeyv9x26374tt94jjxt', 1000), ('37TX5QVXGS2mpFbU9sDTCcksV396U6awBw', 1005), ('3CKatbLajzVrVXnUfvytr1W9EFJauG6bL3', 3457), ('3LFn26C7Xp19L2xx7yB43XDjH97ndjsxJg', 1079), ('3NphuoTYyZJmxfZVrFxqxBqfoJuEcT7Xeg', 1000), ('3QH21C6oRKnxYWfAoTd8T9AfeqZf7XphET', 1000), ('1Nift5ZhVP9PTcnw4mne3hHqxqMxiVN4MD', 1000), ('38mrTYHdUJ2UsdQyb5HAWYuNjXk79gkoMi', 1000), ('1APKET6fzBKrDXzCLhMiyv3Y6ytr3a4V4P', 1000), ('1KKxYiRjEBQwWPA1Jw7WJxiEe7JGrzTLa6', 1000), ('37hfantfZc94QWktiZZxU3nxjjzjbdSQUg', 1207), ('bc1qezn0wn66gvfet0xwetuf8lt40579wuqhdnjpn96rly393uxd7fds84r0z2', 1029), ('15W2vkQLTrBp97sRofMPgrykJKzYWzoGr9', 1012), ('3DivAsa2kGLjpj8tXEUok56HcYHALDmbqU', 3000), ('3GA9JivccjpUigXXyRpUUjy2yNr9KkBqST', 1230), ('13CFpmwQ4u2ScMWYn62tGV44VXAgJMpUBz', 9000), ('3G9DAUXsBQvnC7f8AdMA7cgr35edyQNEkY', 1000), ('1EnJxtDJ9Kx6fu6WQVvNzia854gSfujkX1', 2884), ('37QHYgDdwde9hVQnxsQY6qXZsbmf9fkSt6', 2580), ('3JpD7uMhgJzaVCtSaRANxTzs9sHhoiw9CP', 1609), ('bc1q0jcg0gah8cawedu3u04mr3zhl45e4vk296y6fj', 1299), ('3FX5uxZUePuyRzeYGT3XAcNxYZk6vEEX9N', 1090), ('38GRhvDeEiobBjWgW9dAMYzquXb8VUETE5', 3106), ('3DDTt73dP1EQvN5QaTsN5K66oJ5E1NCh4N', 1000), ('3755W7chqPEbhnRfqZRexLWEKAwEMzUSr9', 1000), ('3Gdr3vNmuG81wZh8rnGw2ZW1P4G29LNMQE', 1187), ('38xbT9TnYR2SSXiUFxxKba5FjCfXTNCAL4', 2205), ('1Lii1coQmbYvpSv5diu6AhWEkMmA1cFQcM', 1008), ('37zcRRnUDp93psYNiMeMoqjAYspVpa8rdy', 10456), ('3CwTjqjdxpyuvD4yYttUxELKirVDKkrfe4', 2795), ('1PugCgAqeK3WLNCMsoFtyRMoBwPYiX7FW3', 2088), ('3Fxn1SpxpYpxGGQ2RDGhHaiZyj37tZ53CS', 1559), ('3CW4pkWnoB2zyZb8VQHLwhKoFiX6a5VXw6', 5226), ('bc1qfwct8s782wy5lrgy522deex5xn88ucpgce6eml', 1000), ('39igN1rCWht38LCCiF8JyCJmSRXXtrHs3N', 2000), ('39pLzgjcdQfV7uexz9E8MCFdcWVfGKxtkt', 1009), ('3CSdizVTFvtWhgB4ZkQXZqLpasN3vRRoct', 1000), ('3DP9h1oGVNjCvGqi51LdP2YsHHXtfzeyP2', 1000), ('1JFTc76KV12UxFv8BbYSW71ti4BXNgX8cp', 4531), ('19m7VWuCgyZuoofBiE2vvZoZJzCtbNGo6z', 1239), ('3FRyxNS4rRpnQ7Pdz1HMsq5UpUinegAHx7', 2513), ('1BGDVdBJXZr6tMZKKKLJzD87dzMWmVwYhw', 1000), ('1EQqAMtGi3QftKGadajS9QdbteunPKuCMf', 1000), ('19niQq2Qk5JNYsD944mkps4UZ3akX9WUTS', 1440), ('1EUaqnvHstKtHZpZjS5XxM9uky8GBCjPc3', 2419), ('16zedoAh77LgJ1nYgZT3swNeZxqkcmu2e1', 1000), ('bc1ql38fyvrzpnmfvz6fuscxr9klzczdlpxnrzcxh3', 1079), ('19jEn8U9Kny5Q5ZF4osdYardDPvMd8g8ik', 1250), ('15u92jcwXZrSNekL4CcAUY1BjuFFmEh3Vv', 2133), ('3LZrFM95cTMFHD9kikXJYaPEmMfbmVEfiT', 3000), ('1FGk9uUxdLQvar9XgbCSUC2mS5FpJgC572', 1009), ('3HEiCSzpWkpUxugbQSgLuTGyQrwHEtoVgZ', 1000), ('17dbX3Uh8tPPmLHjkAAvncgGu74LofSKY9', 1000), ('38HmoC3YDjFA7fQtKYEcEEdo54EFTeMCqt', 1008), ('16d6J2kdW1VtxY45p7awLpfi96DbyfybPf', 1000), ('bc1qmdthq6lwks5e39pue7hk3k7vhrgvqfr9vmt566', 1013), ('1HfNnsz9NLMy7gEVM9LnG3EoJgpFCMLGEF', 5149), ('1K9dkoRA1ACm5Dpfzr22QojUAsvY5P5hKb', 2069), ('3EJTeauVyZBQxz27uQ3DH3R3ZobXULvqoV', 1116), ('1LuXTc2sNQvDt4pux5oruYycVU5TQVN9UL', 1204), ('1CkDfzb5UuEiNRCWv8AgG5SWVbxHUALW5G', 1049), ('3AEwESworEhKzaodYwEuWaNRbVywUxQPvq', 1000), ('bc1quf0jl0fgsypfe9rn8xgslyytvnqx6crwky4qxn', 1028), ('1L2C42sVoWcJNK9khXq18fv87DVesYRs5g', 1001), ('32qUGKYUiDjw43jmpJhm7edEMZV7nKMhbU', 7223), ('3B8rNkitUKpGJi3SPabE2DrzWYTRUgwev4', 1090), ('38g6iJq7KQuj1cswNvujvH3tKsmW7LQdrc', 3313), ('35jFAv1bXsE9piVgikmeCmbRXNSKNK9qZm', 3199), ('1LM65oRLrcAaVEcZLzxWnhAvBnojx5KcD7', 1039), ('1EXZaWrL3VcmPRH4s5KRPLWXViaX8HryaJ', 1010), ('19GEKjcqgZAu1jYjw37ckUqvHciWq6S5r6', 1189), ('1PM2mxqXWwsnKyir3LKNuy67BTp5D4tDt4', 1699), ('1JyRRz3BpLZM7baneKHpQHssxx2a22UGw7', 1000), ('18icrhjK1HgDFfKs34zmznjmvuJThm8Eyu', 1000), ('1392fwQwJCtDrdMhmHcM5S5gEZUGX5Mzip', 1011), ('bc1qjvvlvvt9ckcgu4gnh0tsw5h9s47zlww0weuprg', 2016), ('3KAbD46L4mEWKkiMdVeMTiAFMMJ6DWpKKc', 1000), ('385MBSXgAZQHB7jEbR4xigVt9UQmknAv8x', 3621), ('3JQetdpL9kkFmG9WcRQcjBNM1iDmTD2F7q', 10333), ('33Qk9Ndd5sgZudC969xtFvND9AM6UidHmH', 1200), ('bc1qzedeh92vmx4nwcuy9spjvqlqdutagxnca0t7vt', 1000), ('3DRW6fJSDSmed6PULAM2aBKZTfGYaViypw', 1000), ('36r6ooCViNusGyHyR732KVF1jkzVSKczU1', 1026), ('35iBqULDkb4boTTUwmqG7j5jBM2cMfQZbU', 1209), ('1HEdRugEVzw6PkGW6Zohp6Pd8ygPcs5XhP', 1000), ('3EdjdPCKXewkmsnJjMoV28Ap6jL75DXx8C', 1626), ('3N3xS2LAutPU57L2YaKjvmfLVSH1xFf8Gy', 1000), ('3ABWYSya7z2kqQnaLqxgRd77qvEfGVc93e', 1000), ('36sWJj3sZmMd2gz1yAr2ZyJgEnNCsoEE3d', 1069), ('327fnoEEcrqTVSKwQi7AUh2Qv9ck74he6U', 1000), ('3CJtmAWWVUvGdfMDoZQQUzVwSLYHiGrEC4', 3000), ('3A5do2ab55buPqTqU9k9ZN7LMRCv5YaEgr', 1000), ('3JKnphwExnFWjdMMF4cQ8j2ag9reHDk8kb', 4035), ('1GwKFWR6trZpP5dcrJe43n2BsfwAXLfcYK', 1010), ('bc1qx6m0gdkcqxyujl9u09ynhqan4gx97st95k00t7', 1352), ('12WJgEcgo5HM39g6LRoNqytzjcCD5yrBoV', 1000), ('bc1qfcqvx4s5c9tw9ealjgtj688whfh906g8lalnsr', 2396), ('1JPYHoEYY8xZnNt8jAGjRTWSPrEgg6JGcH', 2000), ('39hzF7uDmjQd2xjL37nDFpFLLvhv85d5Vj', 1000), ('1EpucocMNu6CsJtZyCZc2tyKB9FBcxFRZo', 10058), ('bc1qvsxg865sf9r55pp9r590l0kk2e7twe3fkfp97v', 1021), ('39Dn3itP1MheuCjPz8463CDmgsffZ6vnuX', 1399), ('bc1q2rv63qmwjgm9r7g3ch6xuncggtdjq6m7jad432', 1571), ('3AEj2xoM8Xc4NM7o1UEsJLgaQmUe9Ro63i', 1138), ('3FgjTdho6b79HDPMSD4u2Cjux12bp5Uz7K', 1000), ('19WpemVXtoWifuW8VqPEehemmAbYP9FkuF', 1013), ('3EVXwd15Gv1bn8F8Whr2qH34MyknVULx4S', 1000), ('19wxJ1M1bn6CUtXSJFoY9T5qnxgJWcMnrQ', 1041), ('36kRmyuYZe2WWZhAZvnDFYP154enmZgFSd', 20000), ('bc1qa99p7n4sfn37geaadnxu7n8snfm9g6h38xcvz7', 1000), ('3QQZiNegoYQNZ9nzpQW1mUSZfCZXaPdS7G', 1038), ('3A3NYZjmE2uXqHcX6Emx84mPt42F2Znn3i', 1009), ('bc1q8uzhv9drsda8893s8tfhmz2jpqzmc4rvh2gtzs', 1000), ('349Hk2g7NacBWYs99JMRyUnkVcGn74a7QH', 4000), ('3FmfS7RnR7QiYXEvuKY3aBLtp3GgsFqRkK', 1201), ('1C6QJN8t7VKkVRfyJRQHkqGV5aGMtP65ux', 1000), ('3KTUCkkTLYpZZANW9wwrKsKFbYxnCbiTEZ', 1002), ('33ErzRohQZgCqsuYXoDTzFKDL6AUp1Htoa', 1068), ('3FrEVpsCEvvh4uR13qniRb3NJJogiCQ2pL', 1000), ('34oWVrATgS51Hbnu3RBfPLTSg2AHoqDosX', 1677), ('19S7qdrYMuSjWETvLAFZXKb98dBxuYhA3V', 1000), ('33jcHnKxfEHX1Wa9ULwYhh7ZiNXGGwC9ZM', 1000), ('3HWdxSKKLnzWdfCywghAvJ4wpBJKnShAfe', 3000), ('3D7kq7ercAEZQUtRrtiYQN57UaqnNdMoa3', 1063), ('3QBkKu2YbXkgPJELwk2WaBGTjEQ4QdKREa', 4268), ('3Nm1gXZGQFvXu2ggjBmnkrLqwrYKC7igmU', 1309), ('12PiUkSNcHFxHbeFJLNA6kEiqy19JKTJ67', 1000), ('33d4e2nLA7FjKFSaDTsnGqTiYNCQwuVy1J', 19825), ('bc1qwf70uxnsft0nn4kta43nnpp6g0rgkru5jxyurw', 1011), ('33BTYfA1YfUTxQXTibDweNz6Woit2TKLXk', 1000), ('1p5ZN2xCVQa7TkuPE3EyWXvnpJsP6PApH', 15598), ('3Pjw6KU2Su8SVZ4ZRRsk8g6wh5CybCuuuZ', 2400), ('39Tht5AaeG76FbLw91S7mqFzBW94p846Xz', 1122), ('17EAuZ9gh9sdN5n5CWYkKJDHWKvWdd8oLP', 1000), ('18LFApcxvwBvBMfyqJKWqZJ6dPwDobUJGh', 20719), ('1FfuAfjMSyR1Sx7jiozQUAnV3eHg1G3Tir', 1009), ('1Lin9YM3yRry2h4zz5w2qdTr2ZDLR9SEq7', 1000), ('3Kizj9BrGURnTFk8PksmSmgznTRNPNViMb', 2000), ('14ucUTgn2v5JWYxc51wNzKq4psJHbmu97t', 1426), ('3Q15ZRDjH14BaykQxG2esFzuihgxugehZy', 1000), ('1LsYeYTnhRPNB21cvaC2EmiW6XNU871deJ', 1559), ('19GFbt9E4TivAuVotNWm62EFBdvuk7ARa9', 1043), ('3G4Jnyac8246MFNnBwmHk56v7W2g22Gp9k', 1080), ('1PudvGrdfT8oSbkywF6GN81ipABUmog5hB', 1000), ('1Kh4J5Zckm2rty8ePFPenZikLoefMSio48', 1143), ('3GENUy9XBbjWRURHHYHbsxY1okUMhchTXF', 1008), ('3K72gz5mJcEeot57YahUHjXfYa5oNGNLz5', 1068), ('3C7mhRu2mkSBvCpYhHacmoUbPLGnCT6gob', 1000), ('bc1qx52ajxp95755agcmgqvp4c7vylgwdps5gj2fc8', 1329), ('3Nd8sht592csePF3FUciXSXzKYiZ1Af9n6', 1118), ('1Ch7fMzrguK7rm9K7upjEGgSr1c1rBYXBt', 1000), ('bc1qk6s0wn734lcf6xfx47a64ffazaslzs9y4stmwm', 1000), ('39am7QYi71ki47wiTZPeCxWQvALJSh6JK1', 1323), ('37qZkRhtCSE5Khv6PjbSQe8HZjtc12JmbL', 1000), ('17UfwtcELa6jsC272UcDex5MfQQkgW9BiF', 1000), ('bc1qy7m50te60ev2gtvqult4glpp4wdauqw9lq99sj', 2345), ('1B3VGSko3tsQc2JzmQLi95Lqvb9FW2h1dk', 8000), ('1FDsqTJ5SfGGuQL62f71NU9BJNo6dWC9Cq', 1081), ('3AeeGVij7mS9FPPpYGoHzG9H1L7x8uMZwZ', 1121), ('3DPUGQAby33KfgsSAykxEgfuSttJ76gWZv', 1016), ('3BHvfznPR3D1QML5NG9sqZvDNezn5mr867', 1249), ('3NRAw4XFhMXGgpQEbmufpbmBViuJGQPxjL', 2000), ('3HdrmEViDZuLZhmAYAZCsANjN2C4rUB2Ht', 2699), ('1Den4vdvLVoGCgvEXsWaoUA7MeZSWNwxV8', 1000), ('3J9xTVk6kChDASjWp4uxRfkegM2ukVLdUA', 1030), ('15ooU2wDhK1ojWnwbZXLNeguYykHxEYqu9', 2551), ('37yCvwrJQvC7NGbkLCW9RHoWbrjkAn6XGo', 6391), ('3AuijhSP2H9NQzgo36nZoCYRG5Z4ZdKYLG', 3342), ('1LWfyTPEYmotewoQvL3168xMQYTX2j644p', 1000), ('18eMF45WSfTCtvnKoTRjfgkgA16bNoisqy', 1009), ('35vwnSkuibzSfeomorWRMmiDDuBa8CnLpL', 1110), ('bc1qcyy7yv030004zdqye0agua6z29r8kh8q7xvsu7', 1000), ('19azWjpC13Re1RG1PF44UnbmiMJzW1DBQR', 2300), ('1N8455iyX73o36w2XZZjVJJjsv2RP4s1Ss', 2092), ('bc1q23guv4rrxjrkyeuw8phmxekw6jjfzfzt3jjju8', 1002), ('1QL21ekEbchkYzT596TiJPHfrbMdE1SCoG', 1690), ('1GNgtR25yq6NaYZaEwnzYgGiNp1KMPSPFw', 1001), ('bc1qtxyatgpyl20aj6y048ht3heg9pwqan4tpn339a', 1010), ('3G4Y8tsuUir8SV6rJKhcTYDNExWYx2RrcM', 1034), ('1CDZnXn6GvTcX17CAg9KC5xsa5sjZCHQpf', 1000), ('3BHPd7DeDa7sjuTqifSTx4GKkP1n6FrMLt', 1167), ('18aFkpNxrBjWTjWsgjnKE97gk95fjvC695', 6726), ('1HnRSVatnKrziiUJgaDJDo3Zn1RdC3nsfj', 16201), ('3ES3RWvhZATdgRNRxVEyjcWmg7shrNFmHb', 1022), ('bc1qmmxfr4g5fajew7lsanwu4xllky33jcw0un2a32y9cenpqtkryzjqj3nn8t', 1045), ('36LrSB9LMxNVfcKSVfULXPon6HAsvTpMek', 10833), ('1NuKnHJyah1Z19iYfyYvaKkNYc2s6GaNup', 7899), ('3QAsR3LTS519uFUSiVkADLgEHZrzkQ98vs', 5000), ('3E5kBurJwbkM32oMFG5GvkDPZss71rnkX3', 2000), ('31tSi1bZ7ucUpEiiCnkQHEHSjQzEgupYmE', 1027), ('3GEr6PgzHK3mYH9oMFYJFubqcyaS8Dbuyp', 5488), ('133SyjS6fXQqVpSXdH9LGRZyzwVN9z7HCy', 1000), ('3KyZTjfKKSAC2Bwbnwt5mgmVmvTNjHgmPa', 1000), ('12Mep6CG2B8VBKuW2bvccyVakqgbzTMKEQ', 2000), ('15HxQUwkUf8Yq6VSYJDRQHT5VNa5yFL4rK', 3032), ('34HA9262zEdok9kHKgrFMFkGKcQ7DojoCo', 1000), ('bc1qedjh9g34wllgxsj0fezh8r93nt2jntyap6e397', 1000), ('3EtMnMN7NoJka2twEUYC35bJo7UvSA1ct4', 1000), ('3QMasqppzgZS2njV7NSk4TrxEFngyFMDFM', 9000), ('3JPdPwu5W4FpTJc5qFwmyXYF6PQL5ug1uL', 3650), ('132PF1yYX8KK1ockMcK9GmDsxmtwaBpToa', 1000), ('3JYjeSufXgNBpVEwH7C1eGcaav8em3U9xw', 1000), ('bc1qkwfrkh30vnnzyyyau5vensxyyx5mhr5mt58myq', 1000), ('3MsG8x6gH9aUA7jqvSiJZecuUu2HEiSPKD', 1340), ('38Ls55DLjgo1gAJrjDTSw3bR9YNob8yGvX', 1139), ('1HAHGtSsRAxzXFpYDbsQpFdoi5jcz4ccNr', 1003), ('38KaQGqXZbJpLTktwwfERFx6BzL2GziMVs', 1132), ('3DzvfS9sAb7zwLp394uLgMXb8z3kDH8ZvA', 1745), ('357kCoA7hJkgS5Mgr4Cad2Fww1B3QM8MwJ', 1000), ('19CZjYkUx3fy7UWYZPXssFNC2qY6gWqRYw', 5000), ('3F3WDpgkZTBe59kDS5HEsH2PF1Nts9AVsC', 1009), ('1EQVE2MyZLkR9YiKtjZo11sJCv82Eu5kS5', 1099), ('15ZZjGd9DmkdHd1yhNCEKYKwWv5kjfUoRt', 4000), ('3LpJV4LG6RjKmpANR7WcoHTZyfqpu7bSwj', 1028), ('3AEgLRfymyhjeiXGBJ7vbSnXVsYhLaitjQ', 1000), ('1DmtfkzktFuPfYffmbWKrsgApFX3mKGQY6', 1524), ('39G1h3MjumonW7uUkWZSz1bT3PqmibxNuc', 1195), ('1KT14sJs38W4UXk2gAAnvXseGQMoYhrKZQ', 1099), ('32SQNEQNzVvHf5EwB3stUD7gKQGr6QeYeP', 1206), ('1Kp2ateUp9U5fR7n6hN7ARpYHm4duaT5Bs', 2000), ('3D8AxXTp1fzJqqN5vbcYSYZQbRhx6xt4th', 1000), ('36WyBBdkykNKUVcseNnGi1bMRGw8qpBnSv', 1051), ('1MmrHA3aVMQSUsHneJHkfQ4rocxNAkUmFM', 1039), ('18PcNuoYmZ9wDZDwgp6CiJosU6Dy2FhvKm', 1000), ('37kFimdPQAdSGimtbTfrLwtkEq9yf2ASUK', 3589), ('3KmsYJGVqnWrAUKfqMGkJbjVSdfV7rQv8d', 1000), ('3DXoysjQjLjmryBSDCwPMuqJYRQuQLuoUd', 4588), ('169ivWUbaYRAurkgxEJasYmeB6oA9BqcaH', 35502), ('32FfV6QUoArTEdBzNwSBzFRwb3QitKRVPP', 2000), ('36vV6rgirXAykgwWhYUumD65PoEPqWm9Z8', 1060), ('3FP1n9kcXhuSEeTVrBVkKADdVcfDrmEy7i', 1000), ('35HnV59kaQSkz1zqzNTsZW7nwDJTJcz65u', 3474), ('1ACLyEasCFAkzEZpPx6RNmcdii7Quje9GJ', 1195), ('1BPwgE53whRR6BAgsJ5v26GxUQxWW6CQfh', 1072), ('bc1qf7vkmytcmhn8djthxt0c897enp0qykxkq0krxt', 1116), ('bc1qw4kaggp8y2jgz4v6y6fufk7pnlmdpagyw6eraj', 4882), ('bc1q54f6humuefmj8mu87tuapl64fs8rhqx284l2wx', 32999), ('385QfVMgkW4xsUE6oNqjQiSF6aMPhWWdVk', 1022), ('19iyM9doHP4QNWwrUUftfd89gXbtgv5P2B', 2199), ('3PGW8yyJKiEefGbT8BVCFW1A256yZZuTSd', 1119), ('18sd93BUtjjrdiokAosmv4vAmkNQyJLrWH', 1451), ('1NpNWVShjyexLYe7AngQZW4PqTHKzNkDXD', 1000), ('3Jee4WhfYvxA2dJEogBxDrZTJ6Zxn7j1Q8', 1000), ('3GJ2n7fnTKvdptQPi2cF2ZRDcBpMmYo4P3', 1000), ('35m4v968jxtZk8xkzK2q6evuX7Z39EYeeX', 2000), ('bc1qgfs4hjsppj6y2e0xlku729uaheclcdeyk92vcg', 1000), ('38yq1unJjz4aw5hRfJFhzrsmPR19NptVvr', 1072), ('39QkKqPveUfc9WA8EXDjMxPpjNioS5EkNr', 2500), ('3AvAWYNgWtCF9UPazbyS3WzY3yCcAg8i2i', 1347), ('bc1qyns8wd8jsy6nwgxjazsrk58lahxggu42006c3j', 1000), ('3MF9zznYVmqAdzRxLoA8aRwVicFLJ72CTc', 1029), ('1Ln9iW1T7sETYTBPqZCzXDBF7B9HneFLXh', 1000), ('bc1qc0eax320pxmk2vau67lpty565mnht7hxg4efct', 1152), ('3Lwjkhez4zFkKQKa4kt4XsCWRc1CW8tw4d', 1012), ('bc1qg73up6838nvtmvws75yn6c5grme0zc7p5njn58', 1000), ('3AmSWvmDf1SPTRTJ8EGnrv84WhyFjYUUdS', 1099), ('bc1qqd3px8kjxq3p6282n7depupv0hgj4w028asayp', 1000), ('3BtD4PLgzn2pRFkL9uRG9Hpcuz3AUEjmdk', 1299), ('bc1qr2ktz2l9y7jc825autn7d3p62pj2nyrug3x0jf', 1000), ('1DYkQhZVQfibRbA9gSmCwPZiNSgpih2CjT', 10191), ('3PcpS6y3YLzUQHDGnGzRT84DSMfsPmanLE', 11686), ('3Ac5LP2AZFBzwVS1Y2Csv5C32HCXJR1Zx1', 1718), ('bc1qn3mqlpfx3wufccysa8yu7gpj0lw4xcyuays0lc', 7436), ('1MkMDnRk7wLMkAbgvLdbZTFcJh6TpREriK', 1000), ('3Po2iftgSNJNYNehNFxeqQxWX2koWGETHQ', 1000), ('1E26LjS5VpaboHBsDAv3ghoJtFBcTJ1v5z', 1000), ('3PZH6zFKmbRsoK4XdpFaW6znNqkJRXJfHR', 1000), ('3N6r46XcKARkPhNPF6nRUbFJHrCNFkyEPf', 1849), ('39K5taNc6AyGE8uBmQtMQnBxcw3Y5Xg1zt', 1145), ('bc1q6wumx7prm4agdjfh53sw57hk04d3vawghqr6e6', 1109), ('1CPxDdeVqErzMG2qCtcx6bZJu9w4cXnqJP', 1163), ('3PpfweoWuubmRWYuMXvDLCiM4xc3Wkp5UH', 1064), ('1BVJuSbc9p5YwL3jmZMkwkz8NHQhdbvY4c', 1000), ('3JKzb7gc741wpc3WzpjiPhSndJRTTMnwT2', 1369), ('3DZiwnykWFytediNgpL45yWHjpUBk5V1wi', 26804), ('12kKYVSFJ55Ycv8G3a4EhbGHch65rCYGJB', 1009), ('132SaF5Jn3TYuCdXCQqvRnfzJRvHnhw5m7', 3651), ('36jsZGngdqzUxf3SKmdC6J1dbCgpC4b7EA', 1000), ('3GPgjBmifC8diKyXV378Qdo6s2opVNjEh3', 1500), ('33kVR3gG96hnMt8C1d3qaBJZndikgtbsHU', 1000), ('32QiXApm41YJVHFBZKFvmjdKnVaKv4AoFm', 1000), ('1Bmyj4eLfHQeWbFcppi9t15Jg9ZQ5aHF97', 1009), ('bc1q6vcex8ck8u0m0vcv3ldfl9h6jlke32tq269n69', 1000), ('14Zfa6qPfZS6u4D9F2psZjhBce3NAdWeeH', 1000), ('3JApvdcnE5awpG3QWUSnksA4xUj4NjAVcY', 3229), ('1J3upAU4nHpfsdjS31jwdFcaky2MuhPPWF', 4649), ('3B7zPG25n96CS25CxWDVYLVjsw14xWFehF', 1699), ('bc1q9p3vnvcja8qm7xp42huw780adg8mxj0aul8kau', 1309), ('34F1RTPWNysup2CLEYmn9pMB9XgK37agCL', 1157), ('13wkoa6y8pvv8uhP5QhjiGo7PTjX8gittp', 1220), ('1BcQvmyGyFvB3HWxXNfKRX4gC4V57CaTAA', 1000), ('3HUs3Ur8ZC8pG19MdMYvo3xhskeBc9hzCv', 1000), ('341Jujp3P3B7CbMhVzj3PWFZL2qGLGqqER', 16081), ('17Rgbsbv8nqBoqejsqUrJ7WZhsggow5Xcf', 1038), ('bc1qr5vd5gkzepxx7cwky4m63yu32dtsa3r5nvd7l8', 1001), ('1MMYhbQKqWKeAk9vZASXmoe3Qq3HDn9sZw', 1000), ('3DYf5ztPc4Yq9GJSy19ZgqrLZ29E1CN78F', 1058), ('1HCFMMTCpSrxq1WRUu9PYzmW7AW4kTHSfi', 1879), ('3P2jCjJVFGstw9PdTad2Z2qqhwmAcxfnNr', 1008), ('16t2x1wuz3oYGw1UjEF6Ndf5c7UA3nUKQD', 1504), ('3KYNrjSLH4fKVXDDWMTGfF7jPURSCnYm1Q', 1000), ('3MvMUiH1BGxHANJJ8do4FEsgYaRFPFFxZx', 1000), ('bc1q3lgv7338qvf5vsp4r4h3qxhe8vdytjn3a3kwq9', 1445), ('3Ao1yxCt1fTwo68Qgh8uycGSMFZtHTiNA8', 1031), ('bc1qyutqn5hyl8l32yljtj9gvn7n0szdwfcpyej03s', 1000), ('1KqU4nxN23bUHarMtv7M5WzeppvrsPXeT8', 5110), ('17MnFMGhepnat8StQx8n5uQpRhTDsMw1YM', 2058), ('3K6ztDoepixBuxpccr3xUwEVFWBZ8o2qQP', 10131), ('13qVwxq6xLvFAMY2191EZ2iyBDK1RKk8m2', 1001), ('1LEa6wnjbQrhSGAE3td4Ra8a9WMgC2TVfv', 1000), ('3M7BuVAbXNCYwbrDwPrKgT2zpYgZs27Qqh', 1599), ('12ZnddLhgoprzERzrFtnP2WjQSrCTMrWzA', 2701), ('31hCZbYVc7UBV4cwCGHzcfYuG2X5LvUqHn', 1000), ('12mhgnFboJM8WaLVgZh1ZRr5iuNKYNW853', 2053), ('1M3kQBAtxKaw7XECnw52TCuuoYVJLSW4Qw', 35166), ('1MbFAZGtoe223m7QCmTUfBjCJvY8MyAno5', 1000), ('39WBo5y3LCk99Xh4Dx9y5Vu7BtSqci9teD', 20000), ('1HsyBbW1YQLg75AUccmhGQVWmvAoU4UWDV', 1473), ('39m1Qc5HkNddnjZJRCe5uVWiN2uEjxFgrP', 1011), ('1JvG1Dx8BYoZknAY1pq8s79nohxsso7QgH', 1000), ('1B94Rk8Lf9hGZfVGKpXiiRSU7551re4ptz', 1599), ('3FqzuspHptAMGFX9nSyzo3XRLpdC4qzyVw', 1000), ('1GG2MGkiYBZemWQUeTDCcW2KxdSoEtxhSr', 2409), ('1BipmZxvR5sETEGAWR5sfnUWnikCDzNbsu', 1679), ('34vEgXqL4naRiLfCFNf5m2UbYvsfwcDHmp', 1000), ('33nugBAEv7FyP9Qt6tequnsuy9s7NQCVFy', 23068), ('3AvqZGGx2NmJDaYwE5LXG2ctXtdN7jz35E', 1535), ('3AF3qsr8UkV5qttkuG6BKC4H9LARg57pNC', 1013), ('3Mj8mRuLAUZhuAqhGFsBJrfyVZggKa1eWg', 1003), ('1Jfodfutspujf1HysmAm2SYbnKfNUXQ8uV', 3045), ('1HzP4qPWSj9mv3cFEcXDbT8KcX83rUByqK', 1004), ('1NCptW5TsCJ4jdLGYrVHzrrUMfRpKEEnie', 4000), ('386zHYk7PR6bj8uoDyLrZqZd4EazLW3zd8', 1000), ('3GV7GHf34AgX5hxnARP8559T2tgKr32Mc8', 1139), ('3KmAtYWZ5URyvV5Fmdf5JCCa9mbDLX84HC', 1000), ('3GhbPQ5TFinGUYx1yaKqok5kpxXie5kCFH', 1000), ('3FNmtqifqubktcUUWcfoyWTdRbuVx7gbMQ', 1000), ('34wfJYJG25nxPQ9QbdwmqDeaZrcyW4ZSLZ', 14799), ('3GmBjavwfnKkLLmHk7Tpdsd4R7Qp6rxyV6', 1044), ('31mHsuzT6L7NR9zdqmLAEND5uMV9Q4FPNf', 1028), ('39crwDgQ7nuyPowPtojgkoSrCiZCyHku5s', 1056), ('3Qz39A3qrBYuxfMfs7QFLfGmgkhQC7GF5P', 1299), ('3Be384A7M76UU7BhppAUGHmhckssRbRfgX', 1045), ('3KxvqwjdfjRN5QMAEx6YvJR8KZSsq6of86', 1241), ('bc1qazcp63779m2lp8h8f6shl3gc95483cay2kswew', 1138), ('bc1qfa75lwgutez6eaqup0lzdsdmpkuf8l55xvq0xy', 1148), ('3PGKWjK4ryXvEWPzHeXXQj6JzTsKCKrqLN', 1000), ('3DFYLVK9tg9xyycaqRNJm1Z7VLecoJtVx8', 1000), ('3Q1NYpKh3veH3q1m3kZNPj1PjDb6ggebmX', 1000), ('1ADFhYmJwE3EB7uXxMHXk4mhHP6RFyG1kL', 5603), ('12mAC8vG1DsFRdp83kvSsS4PujkZQQat4x', 1000), ('bc1q79rcz7g3lvmwyujf2h2t6fu878njualv53jft5', 1032), ('39Y94rZMYTzVWhCLyvZAxCJEooasx3CEvS', 1474), ('1AF49xxAW6fz5XsNozkiQEJj2UHHf2kE55', 10537), ('3Gs56eMTcWzdZ4iVmimdWA299VtJZLaW4k', 3000), ('bc1qv2hft499t4ay7xhgteklpjk6z9la9cdskqa23a', 1245), ('3CjcvREVdLxdh2vkhLWuLeuB6eFPLLAw96', 1480), ('36SPpVmPKcf4G3evvtRqjLt1xEBWoGUo6h', 24865), ('3NCiSZFag5obDZbMwbLBGzn8zihR1iELE9', 1000), ('3GSZ1ypKSCWxkX3CuYocGmaLUDWMvNpSSv', 1064), ('34aEnWLt4t6MDH9CVX2e5QcT4fjjbLeKsE', 1073), ('1BroXu716rouUNbNkHeLpi9PiiTS8RTkzJ', 1018), ('3KbykAHPBWWaBccoPB4PivZENVyKm6S7bF', 1868), ('3KgDArjgfiNeRHhys3VtqFesBesnFDT7iS', 13023), ('3BtVJJ65zRFVWKJreTLYTBrfQFrCC1fGTS', 1000), ('1Pw5dwpRjSe7oQxPCizzZ7BDP34D9JhbQc', 1045), ('3Hfp6eWj7k8gZ8WmyTdZ93v4jE93Av2Mxd', 1500), ('3JVKa599td2hNJSYgzh42hL7CLD9UdbCmf', 3000), ('3MXXMfTEv7Jqs7SV6TFSfSPmzQxoJKGUQ6', 2733), ('3J1tq1hUokfeRfnK1vGrcUnaFnTqx3kuVM', 10608), ('13qqzEhkMxoqNVhpKt2R6wWStMccP6KXYh', 37251), ('3EUibu3x3goH6NGhVZi4bkaDzot3oKyhwX', 1000), ('3DtVwRkhkNLMdZWA1JZGCDbhzL7JB3SNsx', 1005), ('32Bro8pxKgPyoCqqigZqXRNbJo6hruWwzu', 1576), ('1NoaWcN9zoyay2osc32LNKA2btzaVHkHJZ', 3381), ('325gXTrN8J6TA82ixj6JWEBQ5LteA1Ff2S', 2546), ('18mttRNSo5Pf6J6R8Q8U5ft2iexsNNewbh', 1000), ('1Ab7XMBy4WeehLUUMKb3UhxdsiAZ8FZZko', 43167), ('3HV8EizStpDqSe9au7iZzeQ77jGUoAecYG', 8760), ('3Au2VKpnk5SLzJ8oHJJskiviWsaJYHuiMo', 1000), ('35czpZzUSzD65hoFDYL3nDbRGG9PKh3Lt5', 1010), ('1DwE6WCkM3ZR5nU9RS5DBbJZNndw5QRo4q', 1001), ('1NmHzrgxyhDMveFB3oXuXUSjujsFQCwWo9', 10199), ('3MSNoj5szkvpQDGSygbKa8EhFynb5hft5x', 3040), ('bc1q7xlne8jepjjhyu5j6uua4fn7t2awzc42za2cj2', 2053), ('33Zx11cpwV2XxgAqrymA9Ab8vnTgThBoTw', 1009), ('1NHBdmja8r2eJoSsCekajFVtNSeraBN7tc', 1000), ('3EYuzDLUrWv11GXw9XfkaCQRUJ4fGE8fWv', 1349), ('1HGo63FCeEc7aJbKFNgEb8QYP6WbSY8BpG', 1000), ('3J7LiSbrNTrEDweySQBj25D9823Es1uKkc', 4664), ('3DPEBbNcQg8SnzzNJUpXw2D7QjvyNpabVd', 12312), ('3DGoTtJu1cVFZo6emeif1fUDpCJSQfCcgg', 1788), ('3BwJgxtSqSmtEBZhikCipdN1qQYeD3uWQS', 1000), ('38LA8QVe4CxM7ZkmMpY8o3T5JhUJQ5Mfp7', 1692), ('36ErwZqYBMdfmPo98QReDmZ97jLixkAM56', 1131), ('3CA9WTpp9yWA3ae1iBz54baJA7CxSMQTcc', 1047), ('35F96cqAYSTRZRAWX69yunxYTgky9S4d3w', 1246), ('3364abzHiq2kCBy2mgmB1phW7tFSdy4KLo', 1000), ('38egrfbouJ5NGESSLQkmC3eJcicBtv6LpJ', 1000), ('18RVmUR5kZeLPY5EJ5uRUNF82tFqrXxB5L', 1148), ('12wvqFcU37UDHWQ86nByPrq7XpCSGTKYVq', 1000), ('3HW4GjX4iJ7XiZWCXotRqS1DbsKrbwqsKV', 2330), ('3EtQaXung1MW4sqxBuyy8TLuJa3KDgKWyG', 3000), ('3Bisw1dAq27W85sNhjCDVA5FsArUXycGnE', 1469), ('1PaEfqXnLjr6vSRqq6aNNwFxtND649Ncss', 1000), ('16W6FJemA1bJx7L7FpnstyQFdfNYodteM1', 2583), ('3J2KtWKPRNynHJhQcVs8yn9AJiPyLsxBax', 1000), ('32JwRQcsanEwsgWR4rcwrscAFQzUq6FFeX', 1010), ('1LrfLHV7QdwAkcNv61Lrh2TDJCFSaQMVDw', 11880), ('3BebaaVM2SPuDoNUJVkXGbesCwfaEGcHGF', 25628), ('3MH1aEQ57vqoaVb3HCTggwUDRYqcEav98p', 1001), ('1DmnbCkXxWy3SHepLRwEJ75p15sDoEdMbN', 1069), ('3PLsUg2J2m6KxPCrAHQJY2c7PdxBEFsGVB', 1000), ('3EaePqQqVqWvgHqkzX3zi6qiqY7EtFZt6U', 1000), ('1BAeNokhzkQyFYhTDWLJBYDcUHFk7Y6kze', 13058), ('19kRoESYi9Ndw6HLSTYdnLFJ7gYvZ9kvv', 1000), ('3JU8wAaxcLuWGnen1kGmajjJA7ZLUjGDyw', 1000), ('31ofGjQcy8RLkjmT7w5x8nX8wgcQGqCt4V', 1147), ('1KK3Tu7G71tQfzrvka8jzC4nyKhi4VYFcs', 1013), ('1EHsnYq254FUr7tztW5YT3GRdb8qxeiYZp', 1000), ('1BGAC6hGVXmNMi6972C6k4Kc9nGcQ6nrjC', 5589), ('1H87TYtkmEbYp4ocKX89rqLB3AkQvbcAnb', 1000), ('37GFTDnNWAq8Gnrm7hoMcLaxX4wUXhhwaF', 5000), ('1MjT7viD1pmWrtNJ3Tx2ThFXAAWfQE1Q4n', 1040), ('32aCPDXjainynJ3AUWd4NKqA5GAz7mfHwg', 2000), ('19cND54Z1KuraZt9nPsTCkMacPN3Ryx12d', 1000), ('3Kszf6PYcuU1bynLWUQjkaYQJG8YvdGwMa', 1003), ('3GxzcQ1gyvSacsEaQVfryurpyuNwL5NH27', 1809), ('3M5Q15igqvkYHLFXWaChdRKnX38CnqXBvV', 1218), ('1EonADfdSe8FsTr9KWefXRKNkUN9wdWajX', 1138), ('19zkJbBh9S4i7aLUC8JuusRv5ra5cSBEXw', 2053), ('37ENM1S5wtCiLdG6W2KCRwAaZD4bE7KTob', 1041), ('391pvbtPTBzAi9aAzvvGdc16v67wi3Yr6v', 2199), ('3N3wrAq5o1EJmk98iByNuYk4ee92mCptFc', 14821), ('bc1q2nkweg7xmh5mcnv57stdcpucgmt9hzvv8s03zl', 1000), ('1RsfzMqgbKs4jNbFMhUeoUNEArs4vUoaP', 1000), ('bc1qxx25wms7cq8s65m360ljf7lpq6xc4sx2kldg7a', 4097), ('bc1qu7g3esq748jm3kllpt4rl5ltkaf2tr6rr33vwz', 1000), ('1LoWiCnbpKG4WAwikppU26k31PXqjSG6Xn', 1000), ('15eAsp9VucVLdg4NwQR3hDbcyt8kQycqMX', 1004), ('12h7NkGRyaKX9L6BKfRaZ4mG6a7kkD6dEx', 1000), ('3HUHDPR6ouPDiHKqXqm7BVYGPDNHr7WuzK', 1000), ('1BsR2Hr68mWLcVe69i43cdDMZXPdMQsjPR', 1000), ('3HEZmzeWweNimCdUAui25oTw2e6F5SZEm5', 1069), ('3373f9B4wcF5YARm6QBxoVorZzpmiKJnBv', 1015), ('1ckmfpgPvQ7NR5BnzrhahdgkZppxAwzXB', 2150), ('3M8xTTdhcGDzBXVoe33miEp1GEeP3oCQTX', 5735), ('3CqMqSsf4PWkCr2fUzHMQLmJLqdqhhBQQo', 1021), ('3GRE4GGHfyXB2zwCQbM7caT1k4uEskn3VW', 1000), ('bc1qldlnlglvkx0gncmes0prz0qu9slql0uleud9c3', 1002), ('3M3GRc3ajo22YMEvDs8SYGG8JEGrh9eEMT', 2231), ('bc1qvpc6hl3shcwty2ej0dj6uj86qlpl2vs44x0v24', 1000), ('1XTpvt2KAcAVvSg4DBp2uuB9cf3UpBMxp', 1007), ('31mCZSvmtiHHJwSRAhn4FbNMQ8VWxCvypR', 1000), ('35YZmfF6gj2hKbrc6KFQQHCZVumcjuPztM', 1000), ('3ERgPWpBBrBKqawMphqAMkCWhQm399iSPZ', 10000), ('bc1qpaqj4qr2ak4w34m8splh83pggs5jwhnjrd0dxv', 1083), ('1PEYXVcAjen4xkFs9QowGvUCp1naBGz6cB', 1099), ('3GuSmcToroihkZUDR3iLuxbRNgCCtCpW1Z', 1000), ('3E2mxWm9crZKu4YsVgQuJJq7mVN3WwN1Yu', 1000), ('3PrDUCFEcy5ubhWkdP3naCP9oA8nAiGRrQ', 1099), ('bc1q0vrr54r43e5wds3czcrrxxfhv30m6u0le90mnf', 1064), ('bc1qsvvr2m5mvjw2d6ev339g7h5u6us8v9t3wluaud', 1015), ('3JreFWz8FwVxr6SKBN1vxKeb88ZUQeBWvx', 3661), ('3DVaHz6JPqFc56npGfRpDNj8cGPWqkxPqm', 1472), ('1617HAdaVMbSwEYZcHjuUxZoHTE5fc5bCz', 1210), ('17fnCcG58cUxhW3ty1iq4gmQTxo4gRmoTF', 2513), ('3MCdEE9qLengAp9sKCwBe5z1YGFcYXvHYs', 1291), ('3MbE6qHv915VjTAKttq3YoScRw21rS4FAZ', 10000), ('bc1q53nsqxn5rzmpzu4yhkmpvj56n7vtyxmmzl86w7', 1065), ('bc1qpaxlq5spgq66mvzj94an8s52ukj8p58hygzu9u', 1000), ('32dLCQY1uZDULRfuAj3FcwAv3tkE1XanAq', 2000), ('3PUPQGK5Kniqfhfi1jt5A9o8gvCvBzZvxh', 1000), ('3EUTVX24jHBi1Ek7SQe1517jvAEPdt21UM', 4721), ('34jCFk7mohY3FsoGDGtUS4VrkRF3g8FFcg', 1117), ('bc1qxyv225ggrjplpxvgur2rj4sjc36gf9532233q3', 2059), ('15QVD1VRVLE5SGRf8G8xAcZMVtpnQN9KDq', 5188), ('3Lya18DKsmLDTj5G947cbcraZdjtZK162Z', 8000), ('1JShUqx1iNWoupWYV9usMdx8WURSaxoAWR', 1000), ('1LHYiZzMZ69kSacC5ToUHgX7QexJzD6UzE', 1008), ('3MoiNZQ6SZvn2guAPQeveAYUp2da2r2Q6x', 5789), ('3Ng6tNQNjUrWd4sLkz7t166C9vZCdoyGjM', 1000), ('38wUrnB2EZ3oed7dtfNPNXjqDwLMbrtgaZ', 1200), ('1H8GGPpQQgTUBSzS9jJgtyhLhgTYSMLjhz', 20178), ('18niVFwmTpoP769gu1bF6UbDurVn5DzUnn', 1000), ('1HoNYAH7uoWQdQkAodUWfsY8Y7WA9zGFtc', 1366), ('1GYcC6sL9PzoFQZVJiujAgyjDRNvfXPaFb', 8506), ('1983Kour88KPAhyPURCUSneyrAuUb39B5w', 41980), ('3CfL7af7GfenDbHXxaTrqa4tzJ7uxuB2AS', 7930), ('32AnTfKt2g4acW1kR1FvcBDARVLYusmgn4', 1079), ('17QgGibCPBpa2TKQBvomyJQ98YUiJa7A9N', 1021), ('3BLceTaDZB4nwSyCNKR1ckhCxCDcmJ8XnJ', 22137), ('3NEUjiM5xk7wkPcUMJPEGgwaLj8sZwYp1j', 1000), ('1ERD3YTeeazpRVRgsf5k6UpCpuayTJ3icd', 1108), ('3CStLPnD25qtcrEaLdb8atnYC3TkR5qMT7', 1877), ('bc1qa7t3v30jmvnzq42ux9wvwg7mt33lgpqwrszruy', 1000), ('1F2VV1NfLWqBmPd7pjoEieCLJFQCPZMyYm', 1071), ('37daH2VZsV91HphoBXrAVQkjd38DwN2EmX', 6522), ('38WiHNHgqgWB4Pb33oDgF1iPtQJUJGYf4C', 12036), ('1EK3epgP3Gzzak3t9KfmpjAwzQ6YCzeHMc', 1000), ('1DcEumuVYbo3a12saJbEVfu8e2zA96KD6C', 1000), ('35LrhDtTq3wC6Xkb5Wz6XQykTbEp4kvWrW', 3293), ('15Ji98NzKuNqkvo7pKfa88zy81cLrxwncF', 3000), ('3PTZyoKb3iUXfHzEHchuWy9H4QUBJT84gP', 1119), ('1Lw4DZSTTcHLbRYt75foqZ6EkgBfJAjQMk', 4531), ('bc1qy66xr87ufvx90728a85mquz0zajw830vczc244', 1760), ('3JoanneDRZiZakZw1apHpjNWR7Eqr7UJf9', 1000), ('3NJJrUboLt7Cxiny85QPxnA4qBF975NCjf', 1000), ('1MQdrmf8DzHYULrtQ7xxHcck5K9FcaAEE5', 1042), ('19ZPFvTNo2up8Rqgyhj8x6seSyLQDizBqY', 1064), ('18gSHPrvf42Vi6HVipFD7Z8Te13LxDsxd', 1012), ('3HW47f4G2gQhUxhB4Yo8N4qrLzL4UHKyaX', 1333), ('3CsKPZuY9VihntMvKqWr8zuDgURqCRG6fG', 4832), ('3ERJdomo6Soihp4VJMMNfXg4LdiKPuZWkd', 1000), ('bc1q3yknc2x5ffwx858jrrtnchtluja2u0fz4jhhmw', 1843), ('3JeWD3QCrKyhNYoR3qJTZysYorNjWnToGC', 1005), ('13GNdusdHiTBu2nuavREhEDJTETnQXx3mV', 1000), ('3JiwrRXQwfsuqkah5smLHFmaarho2wmvWm', 13819), ('bc1qrwu8nvqlx2qu5q9yfeeskna8xlf90yexq4pxgx', 1140), ('3FLWmxiqUNWZEyYru14Yu5HiPLJZJ44yqA', 1012), ('3Lu2aQCgFZDwo2ocEHuUb4WbpNY43kAqZA', 1000), ('1LgMB2PPrNsBDMMJQP6hcKtGK8f3fT4D2g', 21084), ('1QFSHycxckCDhLStVRHh6SNT4PV4iuFhXM', 1015), ('3HoimKHjZ71pHaNYTG622eDJiTQKcywjFo', 1062), ('1DhAd8Fr3F2SrQu3uWcyuZ3wCgRBAyX5kj', 2000), ('14dnoM9xnXhJ4TGA1woqvUeRJe8GFQrJyW', 1000), ('1KXLryZeHeVH4ghUcNXvtKrgWUbULQw1sG', 5270), ('38qGT4VJz24AQgvqjpC7bmppm9he73HYzD', 1000), ('3JMawxJfHHuaur8ause3i14jRPZswHD3tB', 1030), ('1Bnwh1W4QUBnsMz8qsWtaf2qZ9RosQJ5hn', 1828), ('1HL4dFrajmHMQStQgBNhe8WhS9wTVgtGZj', 3754), ('3CujvZ5ccPEpfT5Wg39XmEox2L23ABSuMg', 1002), ('3Ar8YSHWzm2ytsX8QVmf3JnD4M7H8Fp9vM', 13778), ('142vNjsjrqhMrqveqRVtzipKNRkuARLKZ6', 1000), ('32ibcAsYZV1pXjZFBj7SYfc3RTyG7XwEcr', 3000), ('3LStdDESipE5GRWKLnRvMKEYCyjh46K756', 1000), ('bc1qhttte7sw2rskxqhzq535pftlnkyvgrccnhwwrr', 1104), ('bc1qmf94kwswa0lrks596hxggejs8m2qvz4g8djxkr', 1000), ('1JHWyBTMTJtComNnhs49qkfJUiveNqgn6T', 10129), ('1PqJzQos41RfBL2Yx2BZwf1cb6h7U5mhr8', 3100), ('1AbLdzCBrc6H7sQT3wH4cFB7XAZbE1akzQ', 1000), ('bc1q5wcwyrwdfzgx32uj5lrr9ky8m75rf0mt3gsvcu', 1008), ('1BxzKBVcZRuJor66SuuseH1usb14FdXvVv', 1000), ('34sgrg1m22ipLynFYfXdWewoMDi3jGzJhi', 1000), ('1APV1bb9r3BHsEfoCk6XGX7VnRhzfzc9JM', 1000), ('3929VQ5JPiWvdxT1pq8zb9qFYk2diHRqFZ', 1042), ('1H6jaWjumeLLMNr5f4PqgCQdmJ2ruxY8qB', 2483), ('1HhrZYteLuSoRMaG7omiQ5qoJeYBMy9KL6', 2642), ('325JLfwTigfo6JfNYRfRZbKV3mhWQfzsKa', 1006), ('1G8vpxL6LHsNftNNJRmAuPuihjhg3F76aU', 1150), ('1AVFhjY2AFYSvqRP46VuGbBt78SzpAeMTC', 1045), ('bc1qsq0k3jmrntcy7zxkzdupuy508zjdxp3lwagzkcusvdsqad2vc28scx0r9p', 1015), ('1HhXrfcmXRZUHZyqvNsU9rB99pofiSLjeU', 1000), ('3BbpG9gR9eR5tJHMjapEM5s6oTXjpTJ3cx', 1502), ('1JinTrsmhZpuz5Li7TMXUSuergeSgtxkqt', 1000), ('3EQ2XM8qaWKySVaL7j8RcT3s7pi5cMSwcg', 1000), ('1F3kujsg7WzRKTsF6CsFEeXAsxemAtwASi', 1000), ('bc1qa2z9mwc55ydhep9uh8yvkgq0ddc6ncjfxwp4ua', 1000), ('1BiSN3SEYotxqTB7Cm6nxJisfFecZnsd2B', 1000), ('1KaoX7s9awafGMBCxyd12gZAKBDmWXcsFW', 1256), ('32EGrpLfrCP3WVdigbvZudRWgmoZhihGbi', 1809), ('bc1qa7hqnpcz8926a8rg3cy8473y5p406ksmsy0sag', 1618), ('1AG6DvaSR2NcA7QEYE5dDau8pLV7QhK8VE', 10000), ('3EWbH81kbMqLAhbmE9w8wkH6z2kHkWpEDv', 1573), ('17n9u1iTLb79Ta4T83zexBmr7BgaTTsR6f', 3898), ('351Xie6JzYRAW7C5NngEesYM78uwicYaKT', 1200), ('3LgtJK89H4rYSRDSc3D9xDYrGZRH5JpAyo', 1000), ('38p615x66hoZDANAXEa2PPNKpD5TpbwXqM', 2900), ('1Ei71tE7WUERr3dySVqxV1MSvn8hmuvnty', 23180), ('bc1qwxxfurmh8w9lvgwj4tc8wljj06utlc2g5ul863', 1000), ('34LDpGyYHiMh2F4iXow9auevgZtXfwLJS6', 1000), ('bc1qam5j86723kt9a2hfux6yu6hj9k3373aynx2czu', 1073), ('1Fg2QA9jVcrAXE8ufA79hPWMuCwqx4HmQN', 2029), ('3PirW1d3CSAk3S9wH1Fby158be71UYVXh4', 1099), ('1Hiz8Emqk3mcQEZzvYQnk2piaHxKmVAPqN', 1507), ('188ZdUMEoFd2LcorVZFVGjLeZ9CKNJw3Mu', 1000), ('3L87km3RBtGDevaunFuXTGwNkHMBFnEVPJ', 2400), ('bc1q5mtttrekmt2lc92q7059kgy9krah7xa7dfrdvj', 1000), ('3FUw21Tru84Hd7esAG7kxU8hqoCeXVC1nc', 1000), ('16kAKhH5bMDFKcSnSQzZsPqhZkuF3t5tP8', 1034), ('336SjqtoWqfTsivTTwtKevgFbdqHpFf7jM', 1000), ('3GXXsWhJNK9Jkex9T7g9cBE5U4zWzhBWjB', 4321), ('bc1qky5u7nz4mpjf40dr2gkxmnysamld8getttmfpl', 1250), ('3A8xXshMroXzCUm8nRyFkNNqGfnRehoZu2', 4528), ('3HKkEr3m4Ws5TApzoJpuSvXmi7kbqw7rdH', 3471), ('bc1q7qcddny7yrpc0g78dz0ewey9uxnrn9epla3307', 1084), ('3LFdKvF9tfbKK1p9gkSJyxcmAgyhtX4HA7', 1000), ('35PxxeHygmbYowC8iYE7pS3CgfwFt4x8xE', 6774), ('15ts4dy1NvKJEq34P6C2s8f4V33H5URw3N', 42390), ('3NUoa2wrEE8tUBmaDxZv9NffuJkKAmycFT', 8780), ('12p1QfkAfB38UDpXmACkNfT39uT1hLtQGm', 1106), ('3LKHegwqRpuaEgKi6CpJzoeh5x8uq2tokh', 1000), ('1Mw5GB44ZRJeMXy8x6J5fyPbmjebFyAtX2', 2979), ('1JaYsZR9Y12a2ocMsS81JukxmwuAYGrWan', 1001), ('1PoNr1zHap6mQpa7K43yfeRcfwdLpKKN3R', 4792), ('3PPGYEVUFPnv4CWPjq34ikhRTdtyVjAcTJ', 7389), ('3AFXE2TzfaHPNumA6mka14VNGz1qfraJt9', 1215), ('3HgXSFodDzmAqw9zqqUqD7XDSY9nGgLi3M', 1069), ('3QpL1Bw8Eo7tNDNVsFRFqYfYA2ye8pmyGx', 16295), ('3Ai7q85FdvUgDCMsT2NbeAgx8YNQKXVNsG', 1126), ('3HG6LTc8H4zupCh4nbNb3e8i7mAGgS5KqT', 1024), ('1DAqe2VQNfHLMdhMcRMPV4vAJMYQaHu8wF', 1000), ('3973FpBZmhCVgdY1x55MvJqEpqrt3Pg3uc', 4056), ('1JbtvgtyiVbYLWFTSaRj6u4NvLfCDEgzJX', 1000), ('3MjgW3nC7aNkEGWFQpP4uQXcbWyRE9suc2', 1045), ('3QNfP7aYqCGmyMXmParDxbh5mBXC3v5omk', 1500), ('bc1qdxq5g3ql4hhwsfnvj8esarc3pw29pwjq3hezdg', 18098), ('1BPUhCe1R1AGSS3Ebbxgp3JMrV2j4jkwe7', 1000), ('1C4MnoBpp5eoj2GKuEixaTFGe8Q2PYmCDe', 1000), ('13VTxaBy6K88MR4L4fbixdWzWeLW1pXpPx', 3821), ('3ATSPA5g5UQEWasDE1Fs4MYe6RWFMktTnU', 1001), ('3Qoz6hTUNeKsWMP8gFqTTTCn6YY4LaTSe7', 1694), ('3Pn4ZUsgwkDbitnwAgoqQNxikDGuWicDLi', 1000), ('bc1q8rp7xhwwdndyg6v5m9fued40zf8t2jx5hcsjp2', 1000), ('39rJ79VMGrLiB5iV5r3CQTgL5iHwTaKR4G', 1014), ('32zqhum6NPGJQskdQBVXngbo91GcdeVrYN', 1010), ('3LhSsiEX8mpMAdXBQyNoLvYN5AdcdRevhZ', 2000), ('136zzWTetwv8nzEoYdC1PY8rjA5qCpGwZP', 1622), ('33fS9TqkLotbhAA2ggqHwsg955zXpGbZtK', 1100), ('bc1qguavpl06rdljlq3wky9mhgpt6trfksfsucle5r', 1000), ('185niUvYKoJ6bQidWPZLHdxAUM2FbEVsk5', 1000), ('bc1qhahlekhs9s7v98pa8xw6d98k3eexd2an3s2a5h', 1000), ('1HUuwh1ogJrHzf2q8nfs5JFApH28ewiyws', 6200), ('3JHY635Q4uhFV85TA6ons9jKN4gAg25iRp', 1000), ('3CCUb1qnKRS4rUPe5pHw3MU5Gn7cq7YHbX', 1001), ('1A88T9WX7DiKPo9QyKE8C6NnQ5raNchiPD', 1006), ('34gsheQqP83S1xeV3o6TDWBUUVv7nFbHCj', 2440), ('34pDy77e8hj8XS6smJFgXZ3tr5z79RKytb', 5000), ('1LFz1B4fQQF6wtadEaFE7VXqJvvvWz8haa', 1061), ('16VnQXUS3V6QEkKXs3tcoGKMV9PMGW5aFV', 1025), ('34iNPpFuq1ebB1EuK3zmQen8F8jv5VVpFE', 1011), ('1PPpi68VKHY8B7N6eLcRkxu3YQt4sfnC3U', 2557), ('3Girbw3r4VgrrsjYmEo8qAcwdNRP2LxBzh', 2110), ('1EijPFCGTEa5hfnhaEsciUhKjfQLbPHMuc', 1000), ('3DWzmWe3N9JhaWrphddo6qCiMXSvcUnJM8', 1902), ('3ABy8e38GqKZLTRsYdwNp443ZWcKEXxK1d', 22829), ('3EYNxxbgfCiiAwEfLGXbEsxmL97d1sWino', 30917), ('36pM7exE3K3mD76tpSP1AHB5UCSwqHQ9k1', 1299), ('bc1q5wr7aun0x9hjyhc38tdhc607p4ery202dq6m4r', 1000), ('39PyEahUhNa5mpvfsNs7xHozMPTYdoWsCJ', 1045), ('34g2f9dd8pDoVDhLsmjXovnU3NCXLTE2a1', 4185), ('bc1qdykhjmg7lsf0c9edzyjaudqhvr8rtwsg0ts7mg', 1000), ('3CGKFoo95wzmfRu1EocqvxHLnMGaAgp9ZP', 3000), ('12vATZ3GcKaW1Zqk5EkqU7jsr5BWfjSfAX', 3002), ('bc1qg23yv9pez8ad76z8jfjp4j99lt8h7dugssum9u', 1000), ('3JxQ1h4bYRKW5uBo7Wnx7qEKu1kEvneNtC', 1000), ('1K5yXaRR1SLswyhh4QnDqQya6JS7KuBWoE', 1117), ('3L5uNRbskpSmCK5ZDWGUtYyh7jzJpHRfa1', 1148), ('33HxBPCh88er1wwDbh6AWJq635h5rXjr8j', 1000), ('156QVkLeFTRfcLR2dJGer5pdooH9V79oHn', 14400), ('3P1F4zSkoySuX735MvamfKcZF8ajJFd3tP', 16035), ('33CvZ439JPhvubeGC34tc6EN4Q8NMYiy8x', 1519), ('3Bwt5dFJ4YSwaeMZMtt4cztGE1dBvHZYMw', 1043), ('3R2JvfFZjeYBvq6hetSPnBjtXd6DyCkKzg', 4703), ('3EbwvsAtRCD7nHU82eD72pGSNB3MSHqLdj', 1005), ('bc1qhhrak0yw2kxc0htgv0tt3tw9954qx2rgf59903', 1004), ('33nea8oo5bz5bDJz4zUvxBaChoNEmPQ7YQ', 1167), ('bc1qukhlrq9pwdxmamy40dd4fkjdgp6me00z4c7a3u', 1094), ('38pX3reKXk4vdoM7Us9ihFqobHrQZhWsTz', 1246), ('3HWsGqRaXRVKeseKXcLz1DyZ6qPKCJiPAr', 1023), ('1cpzeSmYPDmHAuTDv6APyyCfpw6QBqyY5', 1399), ('17BTqFkELrBPexGfH2N19EXL6U3eAft72n', 1005), ('3FmyhnhcX1tMdw93eaxD1JhCeGAZVP87Rx', 12024), ('1AspPoNteMX3EcXwDm7coUCNhxT3UpoMJY', 1000), ('37afp6nmjsLEr8tXocuQ23tQMvPcg9fkQE', 1029), ('39qotGkoKnMnww2aoWeXGUJAi7GNrCpqRq', 1363), ('3CvzRnKqh2vLp8EN2Sqgo3wb5N7nMkAgPi', 1049), ('14et9fXUssWHVgQKtR4fRRScPmZCHhuExX', 1299), ('19QYqEwEawSfMAJBAfwkdfLmRRLTwDrKqp', 1009), ('3GvXxg9ffVeiqcoTPPkq5dhXixm7EGDQGX', 1049), ('1KtM1o5rbBMa51rp6RghBB13rNHsyayFzk', 1000), ('16dFkbLK77VLXzoKHhUuKvQDVATaCC7rRs', 25000), ('3EZjeyCDeyXCrsQy8a2nrdgwWmgvfXBn75', 1340), ('1ChGmJw52seYLrv8x7SnYscdT2RufcEdpt', 1000), ('3A4gTq3BAUoUjAHdp1TRwi8zAKYbpTSA5F', 1000), ('3N3hwRijmVMf4vmhi2cdfQPFLTnrcsXznb', 1026), ('bc1q7gu2fv8geq2p5n9t2622yqnwf5f4cyj2n5w0w6', 1009), ('3ARzNqQKwNx5FihaWJRnoEDZ16uGKe8kb9', 10144), ('3EGYWyG15WBHnrRTBtCDKwwyJq8u6pEkjx', 1000), ('3ENgroS1k9Ysbch1aTi2FrVrkTtVwLLybt', 1215), ('14kFeKJhpEWMTDh9VcESv4WFrCyJEypA47', 1299), ('38Kq5ZvimyhnH4XhVJRseb9SUtfQQmEpmV', 1219), ('3HDB3k83FNWbgUPires8pihkKkqKcz8mWT', 1500), ('3BEUxQb9e54QcYwq65xtoLeVBckRYSa3io', 1079), ('1F4q6V8PqbZwkdVXeTP54XoWhTJparwFUB', 1015), ('3Ms9xH7UJcjyaPvqqBjfSs4riXm3STTZXP', 1000), ('bc1qsn4f0lcq88kkzvlrhlg20a2ywhu0mdprcry8pk', 18045), ('39mNNte7ZSfpX54TrmqH1Ayz5FFFm22mc9', 1281), ('32gPBXh1Zk4kH64LtLF2QcxNFuLhp5K6Ga', 1008), ('3PKB6sCY7FbnyGhAKWQZyvviZNnJ9bHFeA', 1000), ('39B2GqQX32NtrTFFJChVb332B9w5LhGfZX', 1000), ('bc1qewph332nm3je7djmm5sxmywc2v5ncnjvvwp03h', 1045), ('3KMEaTpcf4yGNjnKyNbmNwZxBFSgG5SkS7', 1000), ('3LxcA6Vhcv1ypThaqpNQsCCjwq642Nh64y', 1044), ('1ARf2n1y2xXGrZdy3cAFPbuS7sEu2R1NfK', 10466), ('33xVpA6DBYJ8LWPGgXzqfygN315r2JmEab', 1000), ('35Xz9jT1tNxtuz2j8CRc8iPsWi49rUSiGU', 1132), ('397dzsvQWdDBiif9q1EujBBbwYf5bNcf5k', 14659), ('14MadcjRSwB7vZT8Xcs7Ndren8kbjdWvCz', 1000), ('1KSe3mvy7qE7on7PHH3xaCFdjGN8mEwL1X', 1000), ('12v97MqUoDskq4kSfczWzXxNKkc9CYxJxp', 1007), ('1LaB896cCLiRP6ZZEgZSi3CGcpHBj8zugf', 1593), ('bc1qxwwyfyw5x4v4xr5hmvr6hetq6ntnqjz9py5yf57hpxsjwns2x37sys8xzd', 10087), ('33tttgMzw6uPQHCuPrtE6N8SYMVmJ8kJ1h', 1000), ('16BME99hg81N7R4m65xNzxr88YuieR4zNn', 3783), ('1LHFFHgkdupD3WiyvyDoUTka97wet99pxz', 1000), ('1C9TgF5E8H8DqNXwNp7m36NZpZgsNgMfbB', 21994), ('3HfkituzcN673r8iY6vtFvXVvAACD6Sbb2', 1000), ('bc1qgy7jkfzp4apvkryxjh6f2xpgrpv3nlfyhtflva', 1009), ('1Fx2Negm62TGPQTgKtxXuEKQYcTHnDWdmo', 1019), ('1HQALt5soG1ascZwL4isH8vT7p44NX38kP', 1025), ('bc1qcl948hps6mwrp7x7v35elshu69ty53kkgh7f2j', 5078), ('14PtLGRaZ1VEbRM9PCana8r85DNTjVjrwc', 1000), ('3M13zdE3mvHcRW1gZJXxsYcw5kW8wHdA47', 1007), ('31qvqEgby3PkieY2737TEJbjMaFk5dTNFg', 2360), ('3JB9BSCism61sUk9Kbh3DPQHZzJfWk2YeC', 6237), ('3JfsSekdhLKzGUVPKQLTGpkLmsJfRzCFee', 2585), ('18X3j2mQgC4E1Fdri981szUBgqnSfTdF5n', 1000), ('1HY3iKP5Q1eLZU1rTCsfLRDSWpZ7kye1DK', 1008), ('bc1quy6qv8prqaaews7uqz3tmx5t8l4dzj23v34pv6', 5000), ('18PFFETsWgR2fJMFcrPwK3LEVKCyBz4DPr', 1000), ('38BRwHQgnHNUoied1Qg5RcdjyJBEUZgjxo', 1066), ('3DmSdG63PG8BYN4jmTbzN98kgx4yU2SRAb', 3038), ('1NhRtZ8UpnrF23ZGKdSwVKVCxJQ1buaAqd', 1001), ('33VAEsPES3aT39PnmKUaLTcNuvrA3VQe4N', 1754), ('1GfLvW2N41vPRQS9rc2yV7tzBcq5t5iH4', 4000), ('bc1qu0sdt4z320hchy2j7efluw56mqys7t7h05vt2p', 1136), ('1Nn4NHysspeZeRHhiBJKBZTiFdF7xX8E8R', 1749), ('3QfHT6xybF31p7UMJrVjfHDVVEgbNvQjhi', 1005), ('3A2nCZY55WtF95VnEttRcwzua2ncqZecyQ', 17901), ('39V6N3NqpjSrG7c5DBRyqrDewgqddfgNDP', 1011), ('3FKQfe4p8qWJbN4VGEc8yWLsyzBQWA5Top', 1000), ('bc1qce59gwdpdqcthh08695eeazauxq79md3s7hqxv', 1021), ('3PyCRP6VTRsVYLizJtUG5svupswk9Vh1PV', 2000), ('bc1q2sje0vqec69902535w35wv23pehv5js8examcd', 1000), ('18AAYyVLjhxMnBC2WUvRnryPCuf5Y8Ghee', 1000), ('1HmE6DFc1CstwyERNQxRMHeZXn3oKYR9vA', 2756), ('1GHVjVVPgxxENJoeZkDrzjX185aoyDpZQ9', 1989), ('bc1qafdy8ajwtas7n5hjt5u62g3p9cnemr2rnfcqsh', 1000), ('16p5x8JGyrxn8tbxKH8kkjKBXaWxq3Eb8R', 44715), ('bc1qlr7wk6yfm8vzdvkpw737ha2czj69uwr5n90huj', 1000), ('38y7yAJHvMaK65BX7kGGMfLT6xMqnhsp3F', 1751), ('35MG4MQu6A1a3g8dUWkNh9eG24t13SQJ7R', 3413), ('1Li5m3EmTWzB8BWy77hWNUbba1QjyXpseQ', 2002), ('1DNxaJ3NDUUZ6QQDLJppBqvFAKDAvq8ZCb', 1523), ('3CG4PCGeZCBSeQVycSxTWW8crEERZ2W7em', 1008), ('3EbXtqFfpX8xNoNLuoy3b8n7fqRj7qMmSJ', 1005), ('184v2RiVcjKSKpwLdboZgruPEzsgrJpzAb', 2079), ('3Qriw4WqDpuAtQAJQBPcKN2LrD5cBwvmVV', 1000), ('bc1q5zpf0hm77r0ggq9vq24plsgk2erh6l2jrzrqfv', 40027), ('17Lum1Y19LK3L45T15QJD7ZTcu31P7ReLK', 1013), ('14yjzuwZay9tWMS3nqHKmvLUX9XUqhY1RX', 1467), ('3Ju4CKfcaKeeCj4RTvdMBLAEydziA9vrLn', 10000), ('3Mf2XqNGbDQKM7KoWCsBLGZFoTFvdtJ1ou', 4100), ('32tYgQ23opCUvMjyBVypofpGEQk4MQF9b8', 1061), ('1P6JgSAxqvW8u7VCUsgkJvwypmwuGzhGux', 1002), ('38QXfBDTnLhqJZFbwYdTe7uJR5x4pek8ee', 1000), ('3BmyefMtrjY51z1SVHwkkaNfqaeBdmVNZL', 1168), ('17vuDY2Q9WRuPm5KepiAvCpL6TkwbXHiYd', 2008), ('3Q49ucy5ZEiSAxKGhN8n386mfPd7TmtzWv', 1364), ('3C2isYZooWudhLLQVF8B6q7H7CJev5DdDu', 1085), ('3KNNDCZZC6ZAVv8jgMtKMvuz83CZLLhPq8', 1000), ('3JYeeG98fTVJge1hgJ9AUuzR7KyRj8EGHH', 1000), ('3ArhhXunSg2LZT2fDWsaVGKeq3WqbTmXQj', 4288), ('39WtMqUYfDNr7SAkRRNxueYFg6E4GVSPWP', 1016), ('3M4HWADsptpmGfMKAAEAw3MGEDeajbFQTW', 1439), ('3BXcZboFZpxC2MzFSBgKU4D5HRohoEpyyn', 3927), ('38Mjii8ttPBGgj6g37aqccTthAFS9jG224', 1104), ('3JKr2XCWbFTdjuFm573xpwrn5KMkrxNqZr', 1000), ('1AWAifv4VXDqumiXpKAppW65nHi3UxQx17', 2000), ('19eDiL6H3QkG8TxMqJ9AdSm1nr5SpPzTdX', 1012), ('bc1qjung0px66jrngrdrfya2954tr6f7dqynw08ty9', 1000), ('bc1qrhv9avnsarfe0crkwga4e0gkf8jdgrd9un3tt6', 1573), ('1NJngAeTHoqN2cy4PVntPi6HDjyxMB1cnK', 1049), ('1K9hgHKs8w37HJE8Dcnpx8GAY1h7fcX6f1', 1013), ('33PNJcbR7wj1VN2KLV1aqR8NCRYbcXDgbk', 1012), ('3Ne1Hs5MZRQs5bY7D1KQnYWq3NpDHBfNPR', 1460), ('bc1qzpfhfv820k7dtj9ynf8k9e057qwtphqxa25829rn0l4wkk2h2d0qycvzsf', 1433), ('bc1qu2qwwnmq4p7l2sheawcxl6lrjg6tnqx6lrk8tm', 2451), ('3F4AT8TGaz3Z1GwoHAWu2totDS4cNvLvJL', 1000), ('38xdXZEFN82yQqYoCs9SqvSX7qvqVSs7Dz', 2303), ('14guEviiR39Mr6gweGwgQkAEGKiy1YQNR1', 1003), ('36cKz6y4WtNtnkoqAhAizHahQcxwL1uLFF', 1000), ('1EqWaGbZHKULUyW7U2SLL8ThpjBxSoLA6m', 12000), ('3CWDkh5jvHocejeoU5mR8XTo3fxcCGDcuH', 1043), ('1DogobdGsnZDzerR1ymdKPZnKYs4f6v5wh', 12000), ('3MS2A9VPTDuFJhcvuXufDoY7PFaZuU3m5Z', 1000), ('1PbMGvXcXANr13aVGEioecKQgDgCge2Y9B', 1000), ('3DsNneaYemU4WuYSWc8jjUKA7r5GjyZKM9', 18898), ('1PDEmbLL2inCaqJAe2Xqoef8zR1AaTBeKQ', 1203), ('1MXpms6E5qaPL6TtTUyDiREFWv3ugTYH31', 1000), ('bc1qceq9mlgmj2th36ehl476j3k5djxqdpg0mjyvq6gqdt03g9qh0ujsughkq3', 1002), ('3EPfotqUPSojjZtErBEJjD5SBn9KTNhtRy', 1000), ('bc1qp37haryqkpjjedhhkggrxfvvydehyfazwzulxp', 1087), ('1KKxLUbWiMn2PG7x8t3C4AtQaFFWSmCEsr', 9000), ('3Mb2JpT4JBHkn4xxqsvd3n57gqkCuPQ2EX', 4199), ('34T2mTTmUwoNLhd9vji6SR59coo3zp7qYJ', 1170), ('3CeKoJGyXbn2PA49FLpXfQ9cDBK8TAzqoS', 1629), ('1478TThwHdg2Wyn4Eqmij5QVJ5yar4RYcb', 1019), ('1L2AU5HSdRcGSX2wtyFxYJuzFRYT1UPuG7', 2413), ('3NYcPguzv5R9smNvHy29UGpGXeSZLvTwZH', 1000), ('bc1qx3lcjptrqd43mqt0zsvtqwrx6eavcv6g4esccn', 1023), ('3BpMAfvZuLgRSz1t5S94r1ciuj36Sn1TYY', 1057), ('3Bne8hS8B1VXiSQ5bmxiu3F4fjkMu7JeWK', 24691), ('bc1qvcrs5c8wdgq88ju0t9k5s8vnpvtq2c9gvgeh2y', 2998), ('3QnNacSgCa7pkdBjhsDm2rf9JmvC9jvRQe', 1016), ('bc1qfh7cvm6zve8yrda9vrsyuspqty64u6hu06jmcn', 1138), ('1NgysgVXUjtusoqhkqQ8esQ4T2Q7iKP4B7', 1805), ('33ztxu2Xn4JbWVkAoJshb5bovEDF9dS9sJ', 6999), ('3FJN5bYqanjTsdfhXL5xBfxDWzGTmGhgYU', 3520), ('3Ct467PpWj5JEfjR1QQXkBxkywdQiK2jLS', 5453), ('34nVPWUUWGY7Nrx8t1Lx61h2ozsuWVSHjV', 17150), ('167jHpbCgGCmYmzW2eszYbcCozx2mA5nCV', 1006), ('bc1qxccp6za3pr9xr4ty2fx49cj4jymdr7v0vp5ftj', 1000), ('1LXtm1ufxhPUNFW37q5Cf658yyqbx5jDRV', 35116), ('1PQ1jk4vEF2E5Pj4jQPjwj3u2iNjBZqG83', 10225), ('38H9fJ4EK6e8gB4nxCZA1Sf9fMVeJXVf81', 21432), ('3Doa5XySFfaBfpAuSDgZdUq6bxbGsn3RbP', 1049), ('1Da9a7dY1RhrF86qHve6mHLNo5rTEjQegv', 1870), ('3H6kJgtVsUnQmkdayakvJSVui3MiL5KrEf', 1044), ('3HWVLxoN1ZPKtfB2pPvmsnttFdS4GArHeu', 14628), ('33ZDim87BR4HGJCV3Vksa4Gm66mVR1pHGL', 1200), ('14Zf7Vi6U14B1AWZ1wjvJEtbqqijQizEoX', 4552), ('3M5sUXCcRjT4BJbW2griKTjMhuFhQA3DAz', 1011), ('3C6YYeCgCVtHvMKRH3XQGEZej56N2SAZoF', 1000), ('bc1qe8700n0344mat5uru024yvsuwxjjksmvsrhk20', 1000), ('3Q8uHj421TGwYby6uMMvptbidJSHnJzTDP', 14626), ('3NPoSZ8c6ErZ5ot8ZfBmz6rsb5UKR8ei2f', 1000), ('bc1qe0wau8vduhl7p9gh4u5lkscq06x6nwvrd8hy5l', 7080), ('3Ceds3RLZ3AzYU2Z3gNkQqbKGzmQWpsmT6', 8229), ('3CXnv94hsq5BkcpbTB3SyGvLLaW2mYjsmx', 1000), ('3GKUurFVik46V5d4zLfE9BRoi7vPxjfy6p', 4300), ('bc1qypquf2nxgwa7mvlyn37znz6meu36g9dant7mc8', 1049), ('3KCu88KA6n82SPbQFQ6kPDLRTfifLZncMN', 6323), ('1E5kSQdoEwyT7ELAkBz2rna6FwobeELymw', 30245), ('3HTT61goEkAHDvVmPXZdodJ3X8s13bjteA', 3711), ('bc1qr46yx5j6029f7nujvtkll420qyc75kw2ktvnfa', 1099), ('3CDRKNdsKpmvwr8onUKj5Cih6yCL9VwKA2', 1200), ('33xidY7RNg7DMCRDFwC46g8mSwEpT3jPqA', 2000), ('3GRo1oTrAeftBfCconJT1tNWC9JwBqCFMw', 1043), ('1Hy5wm3vEpZs4Q2fAFdDxUJYfWZFrup8PL', 1000), ('bc1q5y25kcangcu7k4zdk8wgggujpa5py0p5c5lglf', 19384), ('3JDxVNjzuXGGa5CYAEeEeneP9VUB94o9hD', 1003), ('189Y7Ma3NH1KP4fKhVYGbJDAmxEfmeLpxP', 1000), ('39ggJQv5rLaUYnwwRZeVQGtvw5pAvJ5v9V', 1000), ('3FxJinGCYDuW9TcP7shrVPh5QnGfzfc1MC', 1390), ('33e98FkZs3U3ShK8HL21WVfoofFPLrPrd9', 1018), ('322wDuFstSNBFyBjHT8fejra1UtJSpFGgZ', 1200), ('3KVvXYFPPQ3YntMmL8dbp6AHdTeND21JEN', 1000), ('3KLwisa6FurMt8NXDUAWR98MGuJJhkpxGV', 1000), ('1HFhFq11dN471q529pcJzjUN1tj1V32kVC', 1319), ('36Mj5PBACTr2P1b337YbmASdUgsXFTMu8b', 7001), ('1DKL4ToctzBaNeekQFpvzAGAmaJuZTyjdg', 1000), ('1JGZuNL6B94f2Dee1HGoS8WhJ5sjB8hX4P', 1049), ('3FNDFwmeBrU7s6AbRougwbMTi2wxbcozrF', 1900), ('3PkxpTY3wQWzGwTNbWeep7GsFeZBkzccKK', 1066), ('1K49hQju9wW6i3RRMAWSGYbEMXZnx426Kh', 1043), ('36jS4RcThrCuv1DuZsnF1CBiEVfZ7x9qwP', 1000), ('3LYx2ncHjgPNMH5BXMNVxDxU8ac1NJV9jQ', 1238), ('1FfM3oQyRTKcWExj2Ndq3xrvpj9RUrP3qQ', 1087), ('18X8tjHbfNKdFuU1Zgyh6RtThnTvBmuNaL', 1259), ('38537aj7Y65MLAtjBeE6KuHLtb8SFrixVy', 23788), ('bc1q5sjwrf4lktprp8tetrulpjjxxq0ga223dgmnqaes4gjrsc869qlqud8e5k', 1009), ('bc1q38gt485s27ulw4tvux6rhhek22487uzpl5rsct', 1000), ('32KGy8dmzQAnaGA9HfkBwPtu6Guvy2hmMg', 1010), ('1EVtkr4f3zRZLLncj3G8wJRQzvWb8WeBRn', 1220), ('1BzhGE5FY1Ke8NvUykWx74deCvzUq5tkWA', 1507), ('3C7EVFg5Rdt5CcRSye69ewrDdWG1FR93fA', 1029), ('19JpEkC7HFEHtpTxsdzMC3shmqyQhqNQus', 1102), ('15ESbQFq7RP1ySs7Ka3ZWzGjWMDy4YitmJ', 1030), ('3AVcbHs4HZAjXLMaMKL28Rjn5NW3Gr9kYY', 10882), ('bc1qv0vl05t7dht9z80ased5x9mh4v872vu39eqrfq', 1470), ('13XtbtGDGvavwsMxvZAMAYqkX7jnGKejXa', 1202), ('33WcQxT6ndDVFvikkuJuJh9vRteXDe1nu8', 1030), ('338dhifMzenudLKx2swPkBdbNQHSjKgYX8', 1000), ('3Cm3jdiarFGqBZjr8NVRq1iUvSG7hjLfvt', 1000), ('3Dun4ZvRcAZwZmwBd9zjyzR478RScTe7po', 3267), ('1EjAFqUAqR9isw1ohRs8iJsWVvghyNr9oQ', 2000), ('3BsSZsy8QdkHWUjZGM4ZPYgXBhCPCjx9gT', 3000), ('1ByQUx1pQsQwpBRkuv5j3sP6eMZjJTT5LU', 5646), ('3LcwsPCjHzSd9yHmBVtb28MUe54YbZjPLF', 1000), ('1HoTbx2ZdaiUMjB2v8VKEHTPLPvGfJadHf', 1086), ('33VbQyGC2dd3ZpEV4Vbso3imVCAKNJWoU1', 1000), ('3LpVg4cGZ3FxQ5nSbEYELyiopuf1RFie6z', 1207), ('3B5xHx6kmvNCZ8HtmoAxg2RKRx8ZRMm4iK', 1249), ('13CwP8je6o9nZn57QZrzf7iYytTKBPf31Q', 22404), ('1LpEHmb1RVS5jY3bWtUawPnBJd1nos3h5b', 1148), ('1Kq7UVmWQfhgpYMEQvH9Lbw5PSyv5evNCQ', 1000), ('3Ea2Jwp76qJanKXnKJ1UVQgVhtjETQSH9t', 1239), ('14PfwE8mCVG52RFrX9QBXDNA3Nk1PeHaQu', 1000), ('3A1iGVsqipbdhJF2KusBbR9c8WG4pVJtsp', 1063), ('3C9hVrv28Eg7aSKZamYMkPEc1V5PMFuFcz', 1000), ('3BLUGddAFEpKkJ87dRdSQFkdeDwtX5zUa3', 1046), ('333TfELgnW6LKQzbWaTYbhEn1niadsuPMh', 1000), ('bc1qc822z2mykkzf042pzmcl9zentsfa5u9yau4rgv', 1083), ('18LbDFdZaTVBX8Qs6T1mhNiY7ua7FiRZkG', 1299), ('3Ce5LpPVpBsM9CoRtHBpLL7npNTEg6f4LP', 1001), ('34xbZXzvki9gUJM91Wbg1u9THuas14UsjW', 1026), ('1CY5mMhsv2xKQLHfoPyLPjfSKcSUtC7W41', 1121), ('3LRfxn6LxCsJA2aqh7tr2KoRXFxXTxmuF9', 1000), ('3KAWZ1uCgvjnoHgdxrRc21HTuuhETFT4QZ', 8017), ('33r6HFcGwfsxoXYhpKhggu2QjFhGShuY3Z', 3000), ('3GgebprsrLBWtEjgKD234gcTiceDQYKeKy', 1134), ('3AkocwW1yjY8L9SvSaUidJHzHNdkjWDUu3', 3419), ('3LaaQqpzFWAT2hQK6oQjpSm7VjEwgcmbxp', 1000), ('bc1q2eped842ym469lwxg2cqlhhyg8dsm0vt2yekly', 1008), ('1MWodYK5iZiwhwqpiCn9WeDAbEpdsBxoRt', 1020), ('3DXFzJnq4pRx53qmuCPiZ3Gi7u2CgKsrXj', 8000), ('386HFVjCp1na4zuMdMH4xpedpv93jRwkPz', 1010), ('1KSA8z9JB1bxZANe4pzYA4B4MsiBQFqWHM', 32000), ('39jZYPCz32uMMS2Pu4B5jTSXMFPzToUZDC', 14091), ('3EgV5dhxzZze81BgQVYvzhJbDr1DfUK7nf', 1079), ('3QWguYn7mCuPW3S1S6KJLzpGZPnoWHa33d', 2962), ('1NcpoiCeK6rbLDZzjqxmEqKK1dWvrUqnYn', 1000), ('195Z3kBY6vtuKZNkUq77CvWTg2gTfqEVyt', 3626), ('36dMzV8vq3oCLa6HjLZAo7VPo3f8T9dHUj', 2161), ('3LWhXUerS1zno9JUncxwbgdvZowhHsVLdL', 33345), ('38uWLVNK5Ubw6NuGCYiiXYNyjy2UJt7LaH', 1000), ('19TA1kXCdT6k4Pxbw3T3aswBP2kGwNP5nU', 17424), ('bc1qreqrhusjtcp52r86vw7m05wqvkklsgrl4q7pap', 1200), ('34ZfUYPJZUNoQruufBmtMwuQtB7BSS8Agz', 12032), ('35SJpKbjuGiMDxx9ywATYSVPGhSfbBoQPx', 1000), ('125wdVC8cLgzawVKX9TS2uq1PnGWK9Ur5R', 1411), ('1AFQFuvYUEBrBjrzmyHUxwy3HjYmWj4TjW', 4725), ('33gigpaZPg2q1Bee9Xd6sZJEDbYpaXrVJg', 1520), ('3R2E1PDUtKjDbfrKEQPsBKoQbK8jZ3b4UD', 1000), ('1HfmPvQCLLzeCFvqqv9PUScvnUJvs2vhCY', 1000), ('3BrxzMJMnxJTqw8gwxz7Bt11QPpdbKAyQ1', 3729), ('3GEYfFe4A5odQnWcF1rMbg5nCnXP7dkPaA', 20900), ('3BHRjwEsYuVKcmjkXGEm9ee9CYgXZMsUy5', 4000), ('32HdEu3RDsmtpiccRfwmbHCMaw72kX1xer', 1049), ('13v8uHeynXzqWRA3J453Q59xPTRj7GW1uL', 1084), ('1NcdbMu2CJQW9MqCskCppYjUagsC6u3Ydn', 1068), ('37t7qXbwy7xnE84Ai5oH3P2uU9uFuw4vYX', 1000), ('1LwVnwFno8mFg5onGDDmDVhW6ofn3A1JbU', 10000), ('147YJu65ntZreBNQKh4fqRZ3nw4xYZqQy4', 1162), ('3D6nYye1WNERgFuGW3pYKjnaYmv7HXyMZY', 3199), ('3MKQgsN4bi881vnD2QPcbT7PzGVfdxH1Bs', 1008), ('16kgXpE7hqSELv9RGoYQsfVSPvX7jKrgc3', 1000), ('34LdpB57V837aHbWUpwfdhmTrd3qGdc5E8', 1055), ('1H8dMprvd25939SGEaLCgebJ34J4zKZ3Pr', 1000), ('3Fcem6jxYb1vRKvUNUQj8hvQFcG1gJ5dhA', 1104), ('3AdtfgrnPC2869Uxb9e63LyF9ttC4gRrUD', 1007), ('3K1ULe9xLXom8mmPV1suLT3fWNFwtTWTh2', 1959), ('1GtasPQHxR6C5RwCQbTRxcVpQst2AMqSZg', 2243), ('14XHh4y3zZeZZe3bLEGbFwdtbxq8SqEnbe', 1029), ('3MpL5Tt1zytfrUf3hzZGD6TZXA3cuyARb1', 1012), ('3BKLtF5fpCTdzFfyyUacjJxZATSmh8vQQ5', 1000), ('355DHnXP8tJzV9xpTkTrJ2EwPNW2DG5o4N', 1500), ('1BfjC65tnDw23ZE8HTFSntPWfxAoe23WbU', 1000), ('3NaA39pPY111PLmaRLxR42qRphsct85X3Q', 1000), ('3AxsRh1j3HmyRfFqrz8goyvZpRuka9DPmW', 29827), ('1CgCBjWpn2HpoGoCQzbTCbQrykbQgBT4bz', 1084), ('3JSj8XDbYGf5FAJcA2ZjpWPFJqZc5A9Xwh', 1312), ('19SZJEFmmmyd9YCsmRJX94AVQ5D2h2Ucjv', 2388), ('1CukJ8ru9MEf79Ug1KHTGVUkzagEtWvMsQ', 1016), ('bc1q97k8y743t2mp4p4kyw22twuu2wzf3yvnwjw23n', 1002), ('3AM2vvdeMw9gEBYk1if1sb6Rq36vLyYEF9', 1099), ('14rch7oVgNkYxFbzWyyKmP3U69YX9cnNtL', 4590), ('3MuRMvog2R4DxiNDHGHec39XbHgwLmFsCd', 8244), ('3Q9TRauLiN1JVCXFh2C2JeNXtfuq2sc5TK', 3618), ('1P1feQXdxqkmDDiSvSLoYZZi81NmrnbH4G', 1000), ('1Mqnvf4Kq42uLiERGjmoiaAdnZdFqsJtuH', 1007), ('17DTV1m1bT24zA9qxULfQriNVkyANLC3sX', 1047), ('3G6AuCsg9Ykmi9SXjkSMaaf8BTaLAX1gmB', 1000), ('1BvwXMFhwfCSJ3sF3FzYBRVEcnv4xf5qFQ', 1001), ('3DHrWvSpUv1AnKfwxX7yJkNeza6abCnwAw', 1087), ('19NuTcVtinzeT54rVzG5Toe1zLHSp7Q8tc', 1003), ('bc1qewlyg54q3h2xetnftgf2h2pye8q53s7ph27asu', 1000), ('3PR9UB8eWURbbc1f3yThkQexJqeu97jW9E', 1099), ('3FJjts8DVvuN3aWNpS8W73DbFWFWsZ9ADC', 10018), ('31mjoFxg5Z1aUTnLMF5eyJxcdfDkaDbP2d', 1020), ('3KoDmiRQwMwFAsxiUj3exGUoonC56DRmst', 1012), ('3DucakEY8GQ4uGiLbbuimSaFaQQrorNQBf', 5556), ('3No18GUnTwH11Dw1Nd2C8st4w2RMDb3ncF', 2209), ('3HyPrne27csJ5BNuHsokF72n1uc9imtQFh', 3066), ('1NrXBFgX8EiqTsF8qvm6iJuW7MtvXDzZpr', 1002), ('1De6D5ZEnKhjFWVjWZpMZu4fRrqMsPkocB', 1020), ('16jNVULzN8rq4SLD97jA2dPEo6MbxHKaFM', 1346), ('35b9xvyQheExbv2YAvjNJY9PtnfCM9krS7', 1201), ('bc1qjrz5q4xf33gmr3k324eewartlnpwma9z0q9ldr', 1000), ('3Na6qcSajrAj4URw1WcVA8Q5Bnfnt553D4', 28773), ('bc1qev5cqm4pgfm5tfph9uxjnv543pg3v7pt6qac8k', 3727), ('34deTbGHc4kdNJYQkEYf2Y4ZtHAvbm7a9u', 1000), ('1Fs8am1cXe5aqawYmQ5nHL3THZCT8TtQf7', 6000), ('3QfuvQpNuvDvmWRjrX6t6wsKGQ6vtr8VNq', 3699), ('3Nd8J7nvnCUN7yuFczgawvqkKbgPwdbXWt', 1779), ('3JahpYB8m5ropPXuErEc8nDCsBgo9geJXS', 1210), ('36b6VJCKzkj13CwrjZt3dYUoc8k9pqQoq3', 1166), ('1DZHQkLyEp6DVgHw92fYrVBDuncQc6uoBW', 1000), ('16y66jaykj6PTRHCedBsyrFUQ6F7rdHkoZ', 1189), ('3CbHy3kG9dQqRSWLKvC2twnnUw6JbweKub', 14222), ('3QXnibptdixeVx7Egiz1AXnzjwkd3evPGT', 2000), ('bc1q2l6dgdg6n6qhmdkxmvt7stj7j9v7u4vftd644y', 1256), ('3KznZhKTFou6rNE9d8f6DDon5cjuqewKQL', 1019), ('1K2493rjdNtYKbiULvS6nbpKaYhvUWepKo', 1033), ('bc1qkcanl8facyk20l8fhu8cqxwe2797m9cm9dk2x6', 1000), ('1LohHyP2GBmRbMRKtJPR8GbHhwbSn6sfiv', 1000), ('1ALw9K6JeEJ9rinaUuKeYRKFw9dF4fKFxs', 1000), ('1Kp5fwr5qbM5cF6t2VtFG71KBzWWijsB1T', 11225), ('34F11UeeECjyjH1FRP6aZzLjkvgHRmC5CY', 2114), ('3FR7pGV5V6rpfE5ccnnhjoNfW5donaway8', 1500), ('31yH1Pf5zeSsFmC1JU2aciEiCTraHWJUCe', 1500), ('345HNr9jq9SwTSTVkHNS8zywa9BsGiC5AK', 1000), ('1LMsftFFVgSfmae52aexs8RHNPEFiquBsy', 1033), ('3QdrumYwzuuHkLd7rZJQeKfNB38F7irYcJ', 1024), ('1HyuHcM1Npu1u1r9VTNwqY3CFLbHMYwbbJ', 1175), ('1MQPEKWJeLaB9s7ENKhq5tVBkM6zzvY5yx', 4649), ('37YnFtJ4iSNkeh4VuPhAqpKCLjeqyvT11v', 4055), ('12J1PxnTKRmAdJW29eQLmj186ZbPDuEHce', 1000), ('38ZVLB54hLbKQkxeTVZoudcxcvPMaPA2iA', 1160), ('3JfK7B6ah4ukrEa2WFKwyiJn9GstYWqng5', 1000), ('35NM48rRKnUPopCU5xDSCFigEBGmm9xji5', 1000), ('1MFU4hNedWrkixSAe9apWhppr6nPnYwn3v', 2441), ('1Dy1kpDHQVi5ixVGBoD9Zw9a5p5sMTwxZx', 1000), ('3Q2aZuAPVG72B6zzx81ksHYDfyi52EUevx', 1000), ('13RXLmKxwaMvXEq6pdUFiuqe5L98F51Cve', 1000), ('33CaVAhiMuJ98kNatgSYW62ikmi2nt62Zy', 1000), ('1f7XX9VhbtFhzSaT7jPbuxdmXbToaVMKd', 1014), ('3EmdFJrAC5iAPWyKYofRpqwN22S4yS1sA6', 1029), ('3Bn8HpaKXU4exJQ6a3pnbxNeBDcYfwdPR9', 1292), ('1JKqQ95nV1tJ48qehJDAD7esVKfgjJCybS', 2099), ('38rhDCUiwRek1BBX1QbEFrUcCTNVaersEQ', 1000), ('3QfMpTRC2xM7g9SRAt6xS74TkExZ8fZ6HL', 2091), ('1F9oudzZAD7pqoExDJeQXMVpgfCESnbKpE', 7250), ('3HoEi95HSs2ANrejEEPqxMYyhB1XEuRuCj', 1900), ('31ozVdLnwksfcoCQcbTBqxMiC1vQXNc25B', 1000), ('31nJTMVs4XHzDnnWCpDrRCW1okspx7cx2P', 2000), ('1AsYLaUshRJjJzkiMU11reWRRc7Xw8TWRb', 1015), ('3B5XtRHG62ssQEz37gyrKxt6vRNN1PT8bW', 1040), ('bc1qpe7wtgtgzjszzyph0ft80jtx2vj04x7rk9w8s3', 1006), ('3CdLQTnwzxghShKYkHwQ7v4xS5ZdVQoK5n', 1399), ('3EfkKSosdKA8r7nNKiqDnuWHm6juhyCNSz', 1010), ('3J1TcACdR13UiqjSiEuDExiMusnngGnFWM', 1015), ('1AokTZPxxXeJ6FjTJeSWMJ4XthjbkqdEW2', 1626), ('1iJLr4UCrcizsbDkH9pJEnBJiinuV5t7J', 1020), ('3M8fuXtiSGxsevwgkWNCSTYMUTV9bLEHex', 1209), ('38Jh37jhsyagJ8qVuEH5XCVrhrScCqEKGS', 1244), ('1EUavhHoJ795gpwdfRYx13ibwJfdDvuJXe', 10000), ('1KNb5uqac5Vdu1KHeo4DVtnNwViMiYVEc1', 1351), ('bc1qwyk4ev3gy3027q2d49edz2tmnyrcpjap4qgy2a', 1000), ('3MvrKPbX245C9A2trLx5SeUyXvpC2AXTfi', 1033), ('3Bh1UZ8n4fDDe1jgbwcJoxxT29WPvXEZPu', 3165), ('1BnFpyDyiAYvWRqP9mYgbeZeDXxRmM8Qhw', 1000), ('3JHwJdYfMbDj1zUiJkDExzTFQrvbYKJ5hJ', 1000), ('3Ggo6i4i8TYPPv73FgQ9wghQkvXUroLWBB', 1479), ('185jDUJEg5T3yGUv2ANvepmXaszjABcbEp', 23148), ('3PVKp7CccKkR18AiQhENMU6PBcf4iMBjB5', 1000), ('3L14NG4sfUanoVRtVoMAAx3YHjDe5K4Jt7', 1033), ('37GicPVWQ8fv8wKotkpv3PNBiK33JEaDEc', 1000), ('12dt9gvdAKZtbtLisg1eUPQYWe22suT5ga', 10624), ('14bZ8yc9eqT12geEgVL2SxTKdJNvwQn9k6', 1271), ('36LX7ogKrYPFFQJdCjyC1eWf2M8Rr5L4mQ', 1000), ('3ERPh9oC1BY5hGjKgYHXEoJKc4u233eLA2', 11380), ('324LrgYawcBU8CDKyKDtvNEz4KGqaAMkyH', 3271), ('bc1ql4dw2etp4lwk7zlq2etmd80er2nm3s0rvalkxh', 1000), ('3G4GNfqAvjayKhz2NzDuiAgJcU3YeQqHgp', 1051), ('33WDLMxgciquEvQEprEQSnKjznhDMDTokU', 1020), ('3KFjio8iZXgCX3p2vhgpzCEp2XkahAcAmC', 1000), ('36rqmpgQnqxvm8o3PGmS48tdG9quoYdozN', 37504), ('1AaCNxjE8azosfg98P5izssErbzABrJZcP', 1097), ('14A4g8jBjFgx61sHXdd1nZK97k3Yq9cyCs', 1048), ('3BLqVT79etCb7ftdbAriBthkhcJ8LVsmUU', 1030), ('3CN84VTWqCZM54AZvE5FYuL5VFusfqxuGb', 1411), ('37QuVMefAvuk5E6Zs1VKeYnGoR9ZXitQgY', 1169), ('3P3pYUNc97VzkCCRmx3mqXBaWUckP4mEPN', 1020), ('3CDdTXG5aLgaQqVs2PnPL7Q9iPYeEADSEd', 3000), ('33Sc5kK8QtR8d7yKmfGmL88Zb1CqhvERBU', 3606), ('1FryKNQfRK7JE7uvnStuqPKyxxb4FZcorv', 2769), ('3F7xA99a3WzXMwFLtxukSngAb3bgetuDXA', 1003), ('32K3udZfKB2JyjPsHWuwf1nEPZf1phRz52', 1000), ('3E9AU5pdj4MV9EnF3TZnfnBP19bMJ2cV95', 1000), ('3CgwWHJF6y5mopWMjAnTuQxsUb6U71qRdY', 3559), ('1K3B7JVoJUfMXxsPGNYeB81yxm4cxo8jBt', 11150), ('3Jy74jULPCziU9aQVgzGkDyE1dTtWw3zdv', 2000), ('1NyPNsK9yRw7z6WGCiuGBzZeo1u8vX2GDX', 1000), ('19r5uGEuCzwUFEiZCBFmjTkAmjUpGaQ4Bb', 1000), ('bc1qguuvlgswgjclc508yfrd5y9saueau8zrzycle8', 1000), ('39W2zpHiVHwxKExLwYnZacSVXh4VmAJgdk', 1040), ('39WnijSL1ZuAvGtb7X8TgAWsM9tkW28ZiH', 2332), ('1HPCreELyveYco4ptEjzangcrGEMwPn6dL', 1000), ('1LXTynkuhekbKdCXoc9LDcdxsaao3JRKkn', 1456), ('bc1qyexduvwhasp53uhduq3m7cdkdzcvfcjwrg3f73', 1000), ('12yaEQebs8HL3FpDQhPq1cDDkjNXMb4qsU', 1997), ('3JNQzNBbLZAxowN3XBF5ocCbrbsKDfuXWo', 1616), ('1KeySSFsHU9joZwx2Ap1UQ4Z1BHe3xFbDU', 1000), ('3LCvZGteFjii62qdHTcudcpP66znBWZJVH', 1062), ('3MRbWumoUstthLFXbCc81qcm3DNGXReXb3', 1000), ('36PhQ5MfSEngHf5wqJfvhrGJd37fk3F8KQ', 1000), ('3AT4aUR3cXHXskKd9roi1qFyX95cmHFVyE', 1000), ('1LZdbV5XDiKWHX2AtaWRPCgZgfXcrz83an', 1000), ('38Wvk2Wc6t6DayJXjjuUW11UKNZUYsbF53', 6247), ('3PTM3zixDrxfLs43tvQcagx6MpWNMVScwa', 2014), ('1HbtBFa4o7E29csEzteghm2Z5g8U2W9oWj', 1000), ('32ChaRkZ4y2vv7td8vReUwKY9rV4zrTugp', 2500), ('32JzeMdsxiKcbKZwTsk3cSF8naz9myg3kU', 1254), ('1127CQ9y11UyHb2vAHfQ2U51g7Q5E9Pove', 1045), ('385XhFSzKYKDr5AsLM8pTxKQubykUcufbL', 1006), ('388Tx78ZnGGuVyacExr9hcjwh9YMgxwsCg', 1511), ('138HAV8wv5Png2GQKwdHBAfs1AMham7KWo', 1000), ('bc1qft4par5pyw0lwy4g2pdq0cg36emfjem3mnchw8', 1033), ('14sPbNQaCTMNpKCJrhq233oXzufMjUFWWA', 1001), ('16RSYx9fwu1W2PukbbKp2mwvy397LiwZph', 18605), ('36fwBejnUcg3BGarE1h78j3TzddGTs6Ho5', 1200), ('3FSqGyq9ofvwPfHBfz5oCFgTureqCqUbL9', 1000), ('3Qg51WNRNRkmL1hfMzcHVmgWLaNcBGbJ4g', 1048), ('39QZPWqj7B8touapg84wGFjwDC8ZwnX2HS', 1309), ('3AaTeUNzZwDTvxgRqmYi35EJzEfFW1xep9', 11707), ('bc1qx37f0c2emqqdlrkm4kwvppauqxcuh42wxe36my', 8000), ('35vVJ4SgcA1WbAY7EEA9Qk5nMRSy46UKT6', 1552), ('3BCKhEYRqitbk1PC6n8EQsXzSv8EJJ1apm', 5527), ('17rY4A73wK33H1Y64sf2Lzdmc5jDM6gMq3', 11791), ('1NmAULWYu1jaXJ4txSx94gNBgb5Tx2sNxW', 1053), ('17Jp4ATs64NcgRD7CV4tWEfWEYDu6XfCez', 1000), ('31pcB3g4ZxEegXpFKKURDi5aVcQFAFpcmQ', 29040), ('3NhUW1TAKfd44VAPDULV6xjv1A4gPYC48T', 1119), ('3BwGLomxveY7GRyqrZQeARcD4XUwWW9p5n', 3399), ('3LAokQYVfLziX4zeWacdzMArfsEUX8uzmH', 1010), ('bc1qj4jydka0qc33upk2whqau9m29ntghpj0rqnw5l2afzje28p8s4yqnm2lpx', 2699), ('18bhTTSTsVEWFJvEbqzstXtG3zcuqSd25k', 1000), ('3NFxxVcjzvxNoLWhrawEzgKtajBLrxBD3M', 1000), ('3L1abirW3VTSdwzcib3AEQrpDYpaweuV3S', 1072), ('3FhCuS5EuixtjSzwiaQZaYMuskm8ASCJXA', 1000), ('3N28CCB8MynuTxbx3g5P5c5WJshuAYV6nY', 1081), ('354NdrGpxcXHWDYZmYT4h7zPfLyUtw6Dkz', 1034), ('398X1c3sKYeXDiz7cUCQnSGZ3eKXEfvTzc', 2428), ('1JVo5EQUUBESEDTRYyJAuLEzDuLYvYbTEY', 1241), ('1DS3rgKkpQ9TA1TnTiDpvwP1AeqXK3H9NG', 1790), ('13wuCBnrkEKEAFJjLvoJBFfCmRCEme5v2Z', 2108), ('3495bsxfYsAzUCTX9dGXEGjX5jMRnbtkEn', 1000), ('3K1pdmus6E2m64NuGUKF1VT3b3dsgCeHfX', 1000), ('3LR1n2v9JCZprU284n87XYJwjM8ZHU7Ryr', 1097), ('34mHr3DiMkiMUkygPMJi3JdknfyqwGBPij', 1115), ('17A1cVnpzEcUUwG73BedrMThGgQd26nuM7', 1000), ('1Br7w5ZaGwFakKXVKob5yPUpAoows54qCt', 1964), ('bc1qkm4j050m6t6rvjny9a0azwmm8qzqlhxwgftg0t', 1113), ('1Hk34F3htpS7LQL9eR62YesFVqGVJdMhbk', 2000), ('347iY3fgzEcp1W31EtQAAVSnt8oD49UD72', 6065), ('16FJH5NpjwnEJqxJipdiWtoMjmLnKJz4Nh', 1000), ('12NpWpqmEri4aTqfFAhvPuMvSvTTvNCH5c', 1087), ('3DbHCmX7S8JomCBgmNTWxJTAJ5U5byQpSZ', 10239), ('1Jvq9rm9xRnVmiCKHjWHHphgLjBsia2X3Q', 1021), ('37TPdu29e9wn1jXNAy4i6V1RZnD7wd4DYD', 2169), ('3GapXrfUCBdzczTodYHYiGiAXDH3p6Avdd', 1000), ('1PieBhwUHDr4XZWsRq6Z6ZCzP8JWchk9Jf', 1027), ('1NDquTtX2v4xeaXZbFyGA4dH83aJu858n3', 1015), ('17hdspjaYMC3atP8Dg6E6uiCMb5WUdh5jL', 1012), ('1Q7Yd4pdtu1HNRC1hTrx5H7eNwVM8PEodC', 4967), ('13Y86NnhCGTf1t5Dx9iL9ngHUjpjAMbiyQ', 1000), ('3CoMbmTAs6qhoTv3C5dLZga5353Bdy9UaR', 1000), ('3GeFwfj6Vq6hw8NCbE2petcDnazAeHu4qj', 1707), ('39jkBvLx1dTTUYAUS3Nb2dtjQ3heizyxJA', 1000), ('347ysn6N8VSWjiuSY5yzoajeeLHwJkJ11P', 2175), ('371z2g4pwMtVys5pqAv1rob83StMoWM6kw', 6999), ('33h4GowWHTnNsvv4Njmixm9F4h93LYmVxM', 1200), ('339KKLeTfXSXQFWzrP4nBdUd6BX3d8D1nb', 1169), ('18E8vM7HEhEpWMJ34MXWa5H316MHtjwaaF', 1000), ('38jNrJhgyY9sHoa1ttHK8YjzwKvjngmUHe', 1051), ('1EwF2LAwNfMUosGeyWsf8q9kXbUUoGSFK1', 1273), ('335faaVkR7559Mh7HT7Em5KiJjVZ4zJNZk', 1299), ('3CFLYUrUG8c2ut6gkM63sAYk8snRh74onf', 1009), ('3B5oZBmgfp5ULnjncY1cvQTeCssSGrjnQU', 5127), ('33qy9fkRvtei4ddCrXj5rEv8bRMREBbbvE', 1000), ('1ERHWfSEmqk1CLYJEpBN9dFXDS1ajso3Js', 1094), ('bc1q6p7seakpdyn4enuj0spmvqt8xy72t8ezrkvaqz', 1722594), ('3GqQt4VKZV3QgxfHqhqjCoWDzB8VrryBvC', 1000), ('333DWR9wQAXU6e8nVFAfFCTzajaXHZG5Wc', 1355), ('12gkHo548QzCfKsCwoNzuKn7vGGqAQv45R', 1781), ('bc1q7cfufhray9e6u6huethm9ward57zrn86jhgxv7', 1264), ('1QCYbmt5ksHGE5VGFN2tuPqLK9v4BZVBh', 1000), ('1GW27VTW1rZ61REnoXKEavGcrpUrwtBD9f', 1000), ('3AfHxf7LFahyfJTU6huooQUUP6wMMtonUa', 14516), ('3EyHz1iQ9pnd8CGcRPZSjKVfPRrWA7qFZs', 1000), ('38XTj7HD6MRmFkvaEsr678rPHi7kzKSYVQ', 1230), ('1GvbrgDm5FRa6jAAnbrTW8Z93GcXtyujj4', 1597), ('1GyU1SBo8mRbDHMzEwJyt4k56vi8MijHy4', 1000), ('bc1qw9nldk49z335red6uue8l4q8y7qmatkuqpa67p', 1000), ('1HgqVmzY3yTuW1YQpvhc2WUpSSLWRug8YR', 2095), ('3B3Eq19Q3pQr7VfwbHEC7PPe3KnBdULHGr', 3630), ('3M5cXG3h6K5fLQs8FcY7a1Djse61UsfW49', 1086), ('3KVSyxUtvaHDGCJ6CR1UpcNcteGewGsfzX', 1000), ('1NZ4497o8ja8A98CipdFNQ5YWVuzXBakQm', 1000), ('397rFbGXyX9o7ooSbHxUomY9qz9G27VPCC', 2947), ('bc1q764e8x9s0g8eex2dw4wzhcdyjncecqw3mc53tr', 1068), ('bc1qvzdphlu3635hav5amlax7jf79d5ellxtrmmvk5', 1099), ('1GqbheKqQB5V4zTysmD4ZbpWDG2xYDCZNk', 1000), ('3EmfAv4rHPmQRQGpRZ6wEcEH9TkTTRioft', 1546), ('3J5ZUaQFS2iH1kN2PB9A1n3QgQWe9F8NZW', 1246), ('1CmJZDqa7fKYq2U7AKpvWBDi75EMfdC7vH', 1099), ('3HGkoZpG5cfqo5LJvq1TmTFZTsrVoV9zv5', 1720), ('3CirVxxqNhFMFuQGs1ZXehKJdFkaofnXnC', 1749), ('36pDqNEXtyN9tvPfPdt1tVqRauaCHVGPPk', 1000), ('3JUaoNTQkzSN33mvPBiB3oMVutYRvJVUeQ', 1000), ('3CJAAu13SLdxSGsVokAYbehQxjuiVmbkR3', 1028), ('18wqQNkEjYhuy9zTKfn95dLzDrNvbWANaG', 1000), ('15Cz94RrnWCdoR5DJ5WFbhGQfCTvdoyXwF', 2500), ('3AFG6ax7H2CSHg3przUfaW1aTFFGJ4N6C3', 1631), ('38hRrAJ447DyfLkqmFWMju1RaSEpePVJTb', 6444), ('3CiBaVXjn2w6NjUauhtMUg3f9G1hmbQUqg', 4251), ('19i1ADp3CY2efY1AcQaD93isCGAVJyq6z9', 2760), ('3CMaZisvwqejqFLnMVWGF1Ra4w7zudegJ7', 34539), ('3GcNFEQxGGDBUgxjQVie2sfFcAx6vTQJHh', 1000), ('3GTyEcjo2WgYcEJuUkdHciCcrEtX9fMcC4', 1919), ('1QFxky1bfgYnrdJmCyGQjBUbEP1zYzLjR4', 1000), ('1JEEmH1U4cFypy1c8kGqtKYegMJbm1PM1Q', 1299), ('3H2CdU7feH6ZyesuQEJWwqhGKyCVBaH7XK', 2031), ('1E3NxUaEoxX12oAn1oriuaCCA2tjt5jsX4', 4000), ('34KHaiSt92HafdrPHqyDFSBHDZKy9YXxkF', 3000), ('1MaW1LgBpoQjZnvewQeRCtYY6bC6tUgz4k', 1000), ('3Aiv2f6kTChaFmDKLzGNbmHisspbeR8D1Z', 1764), ('13EkktxMD7HQ1rDaFinZw99Q6JZNVDvuuM', 1000), ('3LbPePBN8ikzNzQ14R9zQHqChjQfTY4xWS', 1000), ('341ihVJy5xDBbf7tutcwyA8TJGz4GrQrj6', 1001), ('1GQZkV4Ab47Kvriog8sGE42Qk3KD2p3cd5', 1000), ('18D6HnQHdAG4kUyF42pNRJUy6rD69Fak5i', 1093), ('bc1qzywe9mwd3kc3ys6egn3jehtek6j0ktu6u7mf5x', 40499), ('1Q1P7JSd9fsfdQzNyyAaZgKimYj5zAjzqU', 1500), ('3H5VL5tryYjpLQ5qVQjHXVhTHNc2KiMZGB', 1049), ('3BLhWWyFmuP7qD5ULJri6s3JH2tjcAvyno', 1000), ('38cSvp4vhQLovNnDsumrLasicBoinQbjJM', 1000), ('3LLArJ4PfESTrHUyRgM3LnoW2FVpdPu5jy', 1009), ('36tSug6zjFRDsRnE1AxJHgrtssTB2F9kXq', 3149), ('1DEcMSENE76gMVXLiQiHZvvMU9iiVaNr1X', 5102), ('39Hq4a2Po9FuYVpSjxfBQ17M6Cdd66ccrL', 1125), ('1MKSPAJbCKt8MA4qtmwcxXETs2YDxQ2RTy', 1005), ('1ANNBZpGLrc1ceiqXnJHEe5GsMrwVTetYg', 1064), ('1JHnhH3eYwTmgPn7uPnwJCpTJUq1dVT7XE', 1000), ('37Qx7m5tEpKD3APLZVXP9XGLRGhXr57XUe', 1009), ('3HcZBew86PrMsHu5yLbtrP7m5RWTuGwjgM', 2205), ('1EceVWkQHNr7xhuBjwZrpP6ZzLNtXTwTZw', 1000), ('35hVfZfdy1cczSsPSnFXQQDqHAdUhbtq4M', 1000), ('35dCJT2HTMC7ak3Kd6AzbHtibpxwiA6bqP', 1047), ('39S6XkM5iRLwepKa9ZC5u4CfaGLa8cK1Eq', 1720), ('36kh2iSjVq1Jb89U1xg8YmPTWvz4KKbeUD', 1000), ('3N2XX2A9Ce1QX5LhuwXU66LxjMJxkth4aj', 1041), ('3BwLtLKG7WL9ZkrEBxi2MwZHvHDSg1sdKu', 1887), ('1EdP6eqi8px73cyQp8E7c7Lxf36bnbZUpE', 5692), ('36MJztgqfNBLRrrekDTzUMwcsQfBE9jDKf', 1529), ('37u2Q3qmMCNUG4WLhDoUFpUVUa9zTZFVyH', 1200), ('1E7C4gnupchRn3QoM5RcHG56qT6tH4Ndzm', 1044), ('1FESd2FPWLdHt8RV2myPuFUt75g8QJdYoi', 1500), ('3ABxiDp7pPfhWkcYXZFP84PUFTdwq6hfGB', 1241), ('34wJ9yZhdLcrPvKckJDB6bsha6qqhmi3bj', 2199), ('1PcMcw55ig7kF4mGDyHUHaUffM8JHd7w6c', 1000), ('3GytovnuV51X68ymhAAuzfLc8GF8bbF2qT', 1115), ('1DYPB6pmkYNwGZPDkJzkZaHyzZU5Li7e34', 2165), ('3LQVGMfe1Xxu438U9yMKMEN1AZ7L37sime', 2705), ('bc1qdwgfvv822pt2ah274mnnr87j0895c574q9dwd0', 1013), ('364i7s3ivMNBcF2qtPXS1Sku9PWi3b4ae6', 1050), ('18jA1eueei9TfnmEZcH5BVjQQyxAcLdvyM', 1099), ('1KuR4QxXDBBJitbhfTHyD94yDBiR8RxcRn', 1000), ('35JjX1KrXusUQHnLVdpQTxSyAsMgtFJPJS', 1067), ('3LQXJkf8gPkHc1xX6EwTDkf567WRCAnf17', 1189), ('3LAC9HxYRmL7XRTzkLqrQBFWbjx6HNzcbg', 1000), ('bc1qre5jwwuwmrgx3fyn0k3mgj2m08nzev6a84e8fn', 1005), ('3HLvwRH4M7USdhLKMmE1LELF73MpXLz6QP', 1500), ('1C4nMMVncKnWSdYqXZ8awYD3Usmv7JTFix', 1524), ('3J6kJqJL48yUGz2UdmeVaQ7vpvZCAiqvck', 1000), ('39kVJUGGPVtQHfCh6QaeeXMXPob3FX9EzL', 13799), ('bc1qkgdsur09td0627cekw3nykcuzc9c06knf7rycc', 1000), ('16FpTZMz1R4fyEkxRv5eP9Uiga8DLdtvvx', 1066), ('31hriaEyHy1nkaYuhAe56z5fhJN6k6wYjL', 1228), ('38gGizuRvNw72pKFeaCVUsAihcRP6745Rs', 1023), ('1JtddJ5jN9hananea3e3kiP88D52FXvDpM', 3000), ('3H8MVDxL7WJnxbrft2joYFvGEEXAjhzxfJ', 2500), ('14mpvC1zpZ33hBvFG38vCuYWh8b1wVZ2r5', 1980), ('3D8qH9DfCqFBosz4vYsgacgZZssQSKMxGo', 1006), ('36ht5fHjdwiRdcCsPsB8EPWaQ8dicYuPp7', 1009), ('1FjfaRMJUzzzyQu6dwzKjsuRNRt8pKSE56', 10024), ('13YVV2TB64PwwVjo97Bmb6bCy3n5CbQkaR', 1099), ('3CUfuArW2C8cWfTDhVShYhx72Sq8eBnDGM', 1139), ('36TPaCh6zH3eZ9nQ4rFKxdca4MGiEmgLPP', 1009), ('3ATHAzSCCBWVsxXBP7YPCJUvKFGfC8YRud', 1000), ('35iGLzsY6usEALCuzsysTbuvrQQrFPsqY3', 1000), ('36m795K95BKQFGPzgF4mNqPWBEjXBjK1y8', 1082), ('386CCYfw2iJa6QNArnERD48FrGnnVXZts2', 1012), ('14nTkGuroGkVxgwtFyU5P9AhZCteLGYAPf', 4546), ('33TeBqAj8vxZsihb1PTS1aMANJiji2o4js', 1000), ('3BDGgJicAhbi81pMdc9U11K41rTq6eVAae', 1000), ('bc1qqrz2g0x2evypvwsf2jq4r6t6w30cnkys3cswn8', 1000), ('3DhZTGY4NvCuCBCd56Uy6yqFy31dNXsNMM', 1000), ('3BJ1quwsQQbeE8MZE3ZqrR9jgCCbMVrHxi', 3000), ('38FCpYsW2ecx2qYxLGPcEVMJDRwWFvpuSV', 7030), ('bc1qqxcfesd76rtfy35r8xngx2hn3phmdqjdglu0pp', 1000), ('19UKwFhw6ATCSYBSMCGY6fMpqamNSCVLu9', 1087), ('3NmgiYJHwuG4CCMjx8honBGFHG9BD7gewL', 3949), ('1EGv9Sa7joaxRGEr71BNdCQ6e5xaUQrzfg', 1014), ('34kY4kFLDW5W2P7LQtvFA5QibNr7g96trD', 1000), ('3DAhFmT6mAjJ11oRSq9szW1fjvTXgcBEnR', 1118), ('1Kp1tPQs5LBV1HwpbMmySoqbekp6G9KeCi', 7344), ('16BFKadUyh6Qtpa8M6EkWHBr1MhD8EcbGu', 1000), ('32HRPr9tU1ezyakZBb6orJBYGTZjosHezG', 4814), ('3MfeVgd5q7Rz4y6n4JKUAzHSNwn5QiMJ1K', 1026), ('1HtVc2wX47v5WuStidRKU3vsz8nN2TLmm7', 1000), ('1fq9QwQGxVWSwjz9xfYbbX9vg4ccnp5Qf', 5946), ('1Ec99ocuvWje5V3p6wCt6Vxq31V3rDbgdm', 8440), ('13Qwd31eBnHgJ1n8SZheWQtkT9oNRMuk1H', 1011), ('1Hhi5wDdGS6dxQb6jpBsV5m3bRwivaRSgc', 8982), ('1CQVD7ito86wk4fYFFP3KYegrAHD7ggZHK', 2599), ('34RhaLYvPxn7kE8xwQeh7JdaXFumDbSa24', 1132), ('bc1qn7thhtnz3du5zc3j9ddfk36n6g33t7km3xnavh', 1000), ('3DvmRmMHWGg49PPZzmhGjT2WAVtvu3cA5f', 2000), ('3EE38JdhcCPT4fRB1sQFnYfmhxqh4UBn2P', 1089), ('16oV7vQWrZRzUCUcBBUcx7h7hVWnGZg2Q3', 1061), ('1M44bY9tAFE8CPsHi9Y7brmEBTtN8qd1hc', 1503), ('17ERbBuVv69B8tC6MaNXNJ8Y3J5kzsMwZJ', 39800), ('3CCfHZNZ1Z2kS3cQwSuXSigsnryZwHZXXA', 1125), ('3KkM3qBbrC5yDY1XwHeD1s4qQLMbmZtUEc', 1090), ('13HM83Zc4cdMkob5z6sJhXLVezJjK5cPHD', 1000), ('3C3GKjE12e25vQzWu3o2mWqu9KifmytUvS', 1354), ('12waE2EnpLNRCgWWP4UzeHMqRzUfcdrC3P', 1000), ('3JgtKvABU7fGMowtPo9uhCVvPza3YxsFYS', 1000), ('39KNdT9dY8UH8h3jZVj7e6higULjZxZWq6', 1599), ('1C1qXSkHWQf7AagNdA6HwL5NuXDsLVqoje', 10790), ('38Fzq1mwhtVB2CA4JYc3JoTsWDdnu1ru9b', 1745), ('3KvAeMy89nZZs7zDfJF43aLVkkABE4x7CX', 1000), ('3MmbC7bi4YBqHvGyZf61LM1cQqZ2dpLTfJ', 1000), ('38Lx1rKQAQifHHbDgpCfpncWNAA6z9erob', 2347), ('3PFFvyWLsRWzUEssyTvxTry8MwFqqqHE3G', 1397), ('1Ls6RQ7CGUedbghoDqJ7LK6eC9w3TCpjWY', 1000), ('35UXqmJZBA9zxqaeP24hg8ikef3k4dV2jN', 1000), ('1FoTQCce4CGt6HgFgb887u2ZG8uHHLmmAZ', 1076), ('bc1qsdnjpwv2gt86zthq2z7yl6pt5jh6ueg94wcz0e', 4064), ('1AZ7rQJgoHCRgmcn6peMnAC2uzYwxYEWH9', 1864), ('3A614JM7gBAmwpwN48oinTrAoDKPhxEe95', 1000), ('32p28zCstnvESiMQhUPp8N9dCp55MDz48T', 1006), ('12oNRU2Au5458fSK6PBynLcDrM9oRmvfjh', 1019), ('3HkPTq4tX2TifxpBr5ReLYk4QVnAaYv5mq', 1061), ('bc1qw62r4atdlvf4xuczvq78rj3wdfuwd5lev5qj88', 1000), ('1AWbTEg1RE1wFXtUVyB6gVjdxxKkyNnaT6', 3365), ('1J6kGoiJ3qGKX2XexXyrmxVK1RCx9jemz8', 23584), ('38NhJ8WnnZp2Vv1skjNi9metef3fvFL6uL', 1000), ('3QMTbqf1Bo8KGtxweYccfYKrn7dYyUPiGM', 1573), ('13cuXkC5rQoZpEs86GM2o2bAxZh5HfBbvT', 1000), ('1MBoPGt2VBo5mDWMhVq2Coj5daSEk3z4D4', 1000), ('bc1qassvrq5pwzcjrux7d52hkty08a0xlzx3skzcdh', 1000), ('3JRJRGoZVtgsf32unPJsBdfr5koYhJYViE', 1550), ('39rFkGQreT2RA1BzxKa9JrFvmPFayW3TfP', 1550), ('17EpRHbxfnHn6YPqmVEabSstfVSp3Ukeo4', 1058), ('3CEdsuvQKfyFcRazcDswt9EvaZ6hAJqvBS', 19239), ('33uCvPRXMuXU8oZopwTHq1TJfm6tHX8fdA', 3300), ('3JhP9xVmpiM6Lq2goEeJjpeymAGDv8FeFE', 1509), ('37VoNWc4oj2pBVVKpundvawhSFyT7jEbbL', 1103), ('3DTAFbqgSrWXt1iQZoBZgrVTcNk1odiRyB', 1000), ('3JxGZLfspii3gBrYan9U1MbVuaJQu1e26Y', 1000), ('34h5ePYXeUbXjm8Z7LxcVMQrjrjiwyxj8e', 1045), ('33PmsPyXbEzpKXDz3SJqnG2UQ4vANfU5cA', 6300), ('3DN5NutZPhgZLCCywZxWDicwBhG8pWpAqp', 1002), ('17dYvgQXYr4CYesXFFTRWovNNyQYxu6Ta5', 1000), ('188jkwz6SfyccPrAkRFkKhZoBkhZZbtmnc', 16805), ('3L8NLc98zqKgnMQTqBmT92oFh1kwxZdbfF', 1116), ('32hguiXqVxkHjeZDqUhNMUoKAvRe45nEY1', 1020), ('32dndFSZta6LxhhJiM7WVwcU5MrkQdoKk8', 9000), ('3BibPos4cqrNuEm3fnrrNoAwD6qUp24Wqp', 1160), ('3GnXfPzMXdo95t1RVQYNdf2oGLCXnAhtBT', 15499), ('3EideU6XPQYveJbLLxca8uc3TbKBt1rdop', 20000), ('3GN98CWDyUfPUXYTtY1ZfNqivrMofmv83h', 30784), ('1Ajqod3vEvs4XGXyiKdiMxo1nEzkWyzuk3', 1000), ('15DfbHPyvGjvyTnPXGhPfxTP4ax1NSgfHR', 1018), ('32KRBoga4J74XA3NMAZrV1gxWZqjgtKHU6', 1145), ('38xU1A86QDuxRHkjKrmE6GXkKLvjFUBugQ', 6040), ('326AoTmVzizWbxsd3xfVDa722E5UL6XZJy', 3000), ('1KcBtFMyWwfuecD7kmoawNwUxjqJntxQ98', 1334), ('3Dss51ec44gSwRCuxSR4C4pLGnDfewJp7x', 16787), ('3D4VkExDMNEurUAq1RuVpYmgWdeqkXyG3M', 1055), ('396geqp4hNQSRbe7axiZVWJvwbWGjNYs8q', 1000), ('bc1qleyaydqs6pukxnnmyx8gn99xz3nmg7exhcgyac', 1008), ('3BZD7XgLoDb5zuroUu5VivvrHqfbJryuaE', 1018), ('3DrZzMBPBx8LLGieftZRxpfo8xJPLuP4JS', 7613), ('1LAsu35PHvfPVfoZ5ryUoeHUuFNW1jPKbk', 1151), ('3G1Fc7r1oM3UeVVZM7j4uhwrd5hd813DY8', 1020), ('1BHuZMYpMqDA8iSLmwmFchfE3NV6JWaBo1', 1000), ('3CLN4cYhuWZ1mu3VLGxSECPifDJVzMZTV8', 1009), ('3Nz2BWQiXBGTiD3UdMVCEuhcBhWQMQqZHQ', 1100), ('3B55KCfd9jxms68gXVnNsgNMxQG8VNNMpX', 1000), ('bc1q5z4taunut45h886vqn833urfndje2nrs337esz', 1048), ('1NkEbzpfbxp4jMGfMzZ5rUfzc8Hb5Hz4xJ', 14882), ('3BBRMqdiNWjHGj9L8EV2BhpDurFT1UGAwM', 1000), ('13LxEfjQM8pqmHSobfBeER1rd1ZDdNR53L', 1015), ('bc1qre4knf7exfr4j9k52s6unsuhap6rf5dnqg6wm8', 1866), ('36uSVUD1LJ5cXepA6ZM935Mw6FYDeLxqka', 1089), ('346EJNZQxhRNq7Rk7Kd7LzfiQEUC7VtezD', 1000), ('bc1qcayuhclsac84g9lat8wlrmn7q6kwq39u82ccl6', 1045), ('34uASr3WEqM9L4y6kw1WsDRMNabW8ZBmbx', 1000), ('3C2VpAqHx5NhyER3mNeaGCcPXUmzERqDVA', 1254), ('bc1qej875ry59849wzvwgucn3qw6mtrcx4fjkgl86d', 1319), ('1HowHLTfTfkPU5aR3rLzR7KKj3MyEzwaKX', 1152), ('1Hg1s1TMGYHa8vz86iasW23MGnoX1rYj7p', 1350), ('38QBYcaVVGEFB8YdDqHeeEFCyTKSCKFfU9', 1299), ('3FULVq92BcMiBTD7VBfPtjvhhVhdXxr145', 3181), ('3E5KQgNLibFL6YiDLKLEQoCvMbgMn9EPjL', 1000), ('3P8iJqNDtNGXVvxzMPHAmsLF4TjGDuTLtm', 1000), ('1DPYXyuNveSMgoX62ZtYmSwR3JqoggDBhz', 1699), ('3MW9YMUT7KzjLhwxdDVQcLE2G9TqrCUyCi', 12100), ('36MaYWn1ePSEkMdCXCtFqucs661Q2LvqAy', 1940), ('349HKAuAmJPP9HN9DqZUsKYpa9QseqHe19', 1031), ('35PBwEx2fk84JpZBxZQqDwyNbG38jrxNUE', 10000), ('3M7Gia5hZwcnuEmdpMq3PsPmYZhg9v3hWG', 2949), ('3FRswEs8A46f343rFPu756hYTRBDdfPm4r', 1152), ('37VMbiLCRAaUY4kqm8kFrnRTBZK6ZhBr2K', 2069), ('3LgF5Hr7WduVXDBSZPfRn9kpJ9DwJJYafh', 1311), ('18YB4nVEuFRmbboeie3EdjUdDreyQMT4pW', 2629), ('1Cpo1m7r9VDmzVkanaRX66dzy7KferaN6f', 1000), ('3MD9EuuvsEVWj641FJDvWxrKC9bUVJa4aE', 1000), ('1D9twdfNEssrj6ppnjSHgM77HPA1Pj5TS4', 15046), ('38BypbnPnWE1LV2xPx45eQznAArbFzvj7b', 1000), ('1H36wqZBBUVZ2G4QNDMfXwhQSgvADrtf7y', 5000), ('3NtyVsufmrSKGyrPBwLBJKqAkAj6J7Psu1', 2000), ('1NcG3v5zbf5fAxApRHJnHR4WWJNB7388Kx', 11400), ('3KdUJvs67a3Sh5UJB2aDf9NeghuNDwQWVY', 1114), ('3J5JsBQHxzRy9xrbTGcoqDv3Ufpa9M4PZh', 1000), ('3JuUkdkoGCKn4HgxSnYppr1SjjySNZBSG2', 3220), ('3DMdqtvrsCZ4pghoXkqNib65fpQ9SPmLYJ', 1046), ('14xPMww5VesvihsA5nffcv6EG9AjJQEKWn', 1054), ('34P15EgWQK8JN9QKgmvXHnu2oCHfypLNi8', 1259), ('bc1qc7ykudsvjpp40l4v2rpgh3rujk62tsx63eav6r', 10372), ('3Q4nhqxwM5ZHC7eD7S5VooE6mnssqArj6h', 1000), ('3FiM5nVzT7sQCnSroWoHhFNpEPY4C5tew1', 1385), ('3KBSwJpMYVwXgC8jWZLD5Ue5hASpXMrKbV', 1000), ('3NZYv5dh2xV1wnMi97cFCAjwuHKLhjxCMM', 1000), ('1GfKWfn1t3pm9vR3rfsezmaiXJPRaYCMMV', 2627), ('1JuqJSDEfDdSoiWhR3r3ggdPX5Ep5T2pxc', 2633), ('3KGzakonCmbUrHq3YqF8EEPyemyG2V7co5', 1000), ('16mgiWrh8ZfiVQSbAFWD4GBFRKWphrrfA9', 1004), ('3QKL9cfvghyrszsCZoWPT5FtcfNVkSn3Rc', 1000), ('19VRyXkFnoVaLXG7HFGsF82pFpJ2B7HcQJ', 17140), ('bc1qsdrax99lwa0lul3h4vf04re42kkm28zls895ed', 4156), ('1CcP4RVe2KkGGjgd7AZLZgKau9T8K3rF3W', 1000), ('1APTdPeYwLwTFEC56pmUXch8HtA6mmTk79', 2000), ('342fZUqza3KrDqtRokzdhWUip4kx6UW15Q', 2033), ('3FerReaCdTtqMMNMvoXREQ5BPWsSUtSkKd', 1000), ('3N6WkqeoEPmuWMdA6s3C8p9GvHRFU3tQBw', 1000), ('1JYn17ipxnuKfevPMyE65d5CMJXmuKoZNA', 1000), ('1NUMT3Sb8xH2jH3BdvQ61EzrPEh3qxC82T', 1000), ('bc1qwr34vmukpwrggkejwezyjmjl2vm6p0ap2pm5x8d6chexsv84k3gswu7su4', 1031), ('39NBsEspwHvebwdCCGGKp842xcff25Q8MB', 7613), ('38CoHjdhAiPQ6WRiJTM1J4YHrmJfHnuiju', 1291), ('3HjszEXTxSr5Fs9z34LF7ZHY2yPyEQb16e', 1016), ('bc1qvzwsvzg82ddu7h79ldf88rzdg49z23guk455u6', 1000), ('bc1qg982l6gxx9mcw245fevjcc39k4dqvkdvadmgls', 2000), ('3E67bMtfEYxzvQpRTYPAe4r16kzhe8Aj8D', 1000), ('3PxsPD7x8K4Dh6SLNR2NsLEgaNkpPxSEfz', 12316), ('3QeakEno4TY4toYiSAksoeFKmgu1ra4nJY', 1116), ('35c5jKbTUFqZhqAkkVDoM7rYmVpF17Dc41', 1000), ('35xbEkkY7k4Ly6gYHi6KxEzgqfyJG4aBiv', 1082), ('39GyHz4LS1CQMtc9kfKx4vwuKFJKbu2P8z', 1599), ('3Beg1Dm4EporjwDuwDEzexyt1WKRAG47A4', 1000), ('3G1EVQZ56AmgvVUcvK8tMA9nrwDCfiCkvz', 1000), ('34VpQuhqHCTY1jo8Cj3N3TR8jayuekfJhu', 1503), ('3QbZd9h3VYGaobJaftmtGLZTLn6LWrDm5S', 4919), ('39QUswQew41XTH7Tt5Li7K7B3cQKoTy5Au', 1137), ('3FAMbBadTEsFPEE7nRa9M86N2vY3sm4mCg', 1000), ('1K3tcq6CTdsZAF6YAJm8ESE47oGdoR3Pyw', 2205), ('3QeebvirGqxqyCKhrKsAEs7UJvKDhvSqvD', 14055), ('3HCYgL2vsEmUBrtMiXCcorVKkLmxgfp8qR', 10331), ('bc1qz6wk3vw5a63znzm8crsp8kwmp7vzrqd7xnn07f', 1167), ('3CQM1LtBMjMnDc4Hat33ggdekG8pNoJs3K', 1099), ('36VNcRDXpj8Mo7MCXrqmcU9b1ccRvB2e8F', 1000), ('3HcKhugH8drzxo9HVuZrVzPmftVPzoV7q4', 1800), ('bc1q0esg96w7emkgdm7z44ty5tcw5raejvydd76qhuustxnse2w4ht0s4yyxln', 1443), ('3ASm2AyQuwsVNaL8tabpdvc95v3hz657jq', 1225), ('1FupxdfzF8xbNbptJdHjkDGSG9xFvPJuRP', 1699), ('bc1qm0ku6nj8fjedqdaemdtmmyuuvwml4yutjv3php', 1000), ('3EYJXbHMw7ezm3juA9wwvmMaHV4jEmvppJ', 1119), ('1EWbbGhMRxQwAR4n6QjDALfPdt7UntJmjS', 1000), ('bc1qskmpc2eyppgdngtqzgy9zu7j8854zymee32rq5', 1272), ('37WZL9D7wd2NaCh78RW6W3TnByrrf5p2ZG', 42000), ('3HRG5AU2hcD9fs5TVdwE6u2VKyWQdDN3cB', 1000), ('35zzhrdimZzLS6iXxTbEQorwYmjGXX1hVe', 1502), ('34GQTAoCDe4HAHLgumEgzwHnxEPoQgfgDg', 35344), ('3L265AZDDMzXYifvTEJjFroopnaZRfAHq4', 1000), ('1GNS5zWDuQbzzuYSGnW1bU14WKoTS5avhw', 1163), ('35ms9JnNRYfNX2AfN6Wwwz77u4s1buGUP8', 1106), ('3D52imiSKbehm46mmB7v1ZuoPCQtBUcPE7', 1000), ('bc1qm49vtr2t25vdy8uv3qmjpu7n6sd9z0vj0kpm0u', 38799), ('3PMHCpdCh2Co5nUzTENS585ug3rYxGBLW6', 1218), ('1PbpX7FLZjioVeERnWR9gwabUcZKKeBCLP', 1003), ('14adViQFHSUthpcaSNpPpXwfsRa6bMr7nN', 1451), ('3Lnibqpw65QvjeaQPxCuvFd1sSdRCVFMh2', 1671), ('37rJhAL6iTmimKmvD3EDAJt9jTnzLyQ2ov', 1000), ('3Cwx9q2HNQnJ3vg7tv2G5pravd6vwGTCtH', 1000), ('3CmThVNBZauHHkePA8T5aEadvDZwKaNQBH', 11561), ('bc1qz7cfrexl0gqea585kzcu9pqmg5xj4tq9hqhnvx', 1049), ('324djw2nyXqemzBoRThUc8Da8vCvvQPo5b', 1291), ('36mAvAQAUtPQRvY6up2F8oBLKCLdbjYHUH', 4679), ('39tTQvt8TbPXcXnCTnT6z4c7G6bemWZWrm', 1000), ('34mFhVT2H3VG1FVcqs1gPDeuDxdRUVakfw', 1000), ('3KV5yEDEm9vdCYdSvWigBtcRv777jXV77a', 1000), ('3KLed2NKphMpq5Jp2BTjYVDeKMZtyQfMHr', 1000), ('1CkiusK8AwDvJY9AQFLCnDVzsAwv6CwahJ', 25999), ('37ugyha9wYHPwu2iaCtJgDDfWsRFJRh3UY', 3912), ('bc1qdjmduyedmk367vv32xhygp8jw37y5yeulevssg', 1444), ('3BTpw9jgBAD1LMQEDNuB66zuxPeJmvsV1q', 1800), ('17vDuh2bHTP3iGUESehsgzxwV8kgzuyjmX', 1029), ('35aJgcAnMHUuw1KheKDsmDCgAa6NKFrM3n', 1098), ('bc1q7egqy4y5d9zrn3mz98ztxgjegk3z0cumfxe8uw', 1000), ('1NeS4YWHY5tkBYUVaB9c4fyfLFQcWzJZSa', 1000), ('32KpgRJAzXw3B3WQp2HisCJLmeVWHgvXYn', 1000), ('3P3QRGmr5S9TDf4ZrRCKwocAetscTBANJ4', 1023), ('17Af5vo8EZnHbLUQj2eRtPuQAH6ng3t5Gm', 1006), ('13eiLbwPq2VCsw8EzArtgPWsQNq8Q3Wcwz', 1000), ('1Ke8Y4nYdctuYycYk7ZBG9x5WufGuafrUZ', 1000), ('3AYb5wohF3cQ8pG1xfSdu2QaftrRfBAtfP', 1203), ('3Q2WDwhtKKH3ZTz2v74gXGKwmbEbqCpw3m', 1000), ('3Ki2Rqn7dDZLVSx7QUf2xNBEQpAZ6CfxWi', 1189), ('3D25CFRDUYnBqQmrh9zEXBu1AeRmtJLPGU', 2491), ('3PHnDytEqgG6rt9NcHTyuycbYFRhjBcegj', 1099), ('1DJiDUEv7U8ZvSRYeCKwaFiuYqMrRZxnBJ', 7899), ('3PsYB9MAzoP6EbbTcQzVjhT3GAARzNirWT', 2663), ('bc1q9ujddnxyxyay2wtyru30x3waa0mgxccddss9c7', 1000), ('36a8gH87tAebs3kA8Vfn3JVduHSjRdbNog', 30219), ('14fjxFDzEZAEAATK5NRgBhBL3vZiDYQGDB', 11634), ('bc1q03xr4laen30knezfj9v4wy3smava0fflj3dsuq', 1539), ('16XdbkWBLS2J9XkK52hPgpDf8SdJBqg6FF', 3619), ('bc1qcvkd5f9r7aqpv8pv263erc98dtylfj8y2kqjev', 1000), ('3B9djqit3J6uPLB1H5LprqprN7MVvneg4Y', 1000), ('1M8X9YekCdrFfqHfhXixTrqCzLWpHKQVbB', 1667), ('3Ldm9eEoGdvUMYVBGxhfwnaqtRzYkzWR1C', 1000), ('3NbCmdx9pZ81TGmxR2U9ewPVmDZDbQeNGc', 1000), ('358fcmg3V1Pd3RVtWDveP1KjvpcVfvv1jC', 1985), ('1P4VwzCXeohBT27wHKJXPD9jiYVeePmvQG', 6140), ('3Psxya2NV2agTW9CarjDuZ6Lc8ctQba5th', 7920), ('344JCtdFUyoGhoSZzVGi635sYw4nKvGDUW', 2703), ('1QBtDFM9ztjE1byjGCyBnyuCuasghY74HY', 2621), ('3M8Uhdr4mYQC7gKEVNbGW6tREtyDgjfcjd', 1004), ('19wQTkAYVUrCZg6VkotM2BajL2HBcUhhey', 1013), ('33XcKBwpfocGBHiZoTnFwrkVRKzbJeHJNS', 1000), ('bc1q3marlg08c9eg0rku7azfwsk6s3jtdtamw6q9xl', 1001), ('3QMfADq5nc4zXmCQ1jtyXo2NNMEB74fEvM', 5497), ('3CrcfvGHuAFQBpDkAypjWwkHH67xhKTUB6', 20123), ('1BZNcE5C1uJFnZW1VZkMa1NotqM1wrPRT4', 8566), ('3LUPD9FZ8eGhYtw8vrGtgnmyLwLwq8ZNnj', 7012), ('bc1qdw7pzwq44wuvaqap9tns5z8hvrz79l69affcsp', 1073), ('3N5xpC5kJPDPrk1WiDJtTBf7GrA6GSa4uU', 1169), ('33gVi8YJiCdVjDDtv19Ks282tzWxprYS7S', 2000), ('12VtFEBV2cfjspLsaABBo7P2knWWMHLSCr', 1069), ('1K8MiApb3wFMdqppZcvtBXAVbEk9dasy9A', 10000), ('1UnFpm11VXA7QDhbv2cR1eBuS2nhrDvhc', 6600), ('3Nj3CdW1Fsy8GJruhQDztgjMfcStaKJMAe', 1159), ('38hg8t9eYYqcUeFbB5PSt73FBKN7U7rHew', 1026), ('3Nk6CmYfoBoKybUjotp4LhP7YRguAGQVBF', 8000), ('19qpmRvczrwHo9XiGaK134i3yDJzoRbeve', 2270), ('3LScWWL7rF7vc4NL4kMRHewPiBucaCj4H2', 1000), ('3BRsRx7SBicm9xEwcyCLTgFs1sNh5A28rU', 1006), ('1PTmsBkS8BwtPy9mBVMwezzhTmZhP6KSda', 1599), ('377pkVZbiNS2wMqJqntV4fGWpbJg2rzJ5H', 1029), ('3Bqka78v2jKfhfJig1ZrHdQQjnEiKqcKjF', 2000), ('3KaYu7QQ9yrzqhFDZDt9xXWsTrzDFcfTmm', 1133), ('3HNMRJHcmJDG5szYqJTn5zBumu5o1JeRtf', 1188), ('1EVnUUsk7VGRa1ZA4nehfdykb3H6v74j5F', 6480), ('3ASXsESbaX6sESp32GU8pTiFJmRviGbcHY', 1001), ('3QWwge8exA8JopfrbpuXPZoVKAHbTRg2ou', 10210), ('3E5Yxoh1hDtAXHEmAzbB13RitamXN2V1RH', 1000), ('1EsFqPKZQVFaQNafe7wvbHzpqP51z3ar1g', 1099), ('37vtfLrnQurtu2i39vv3UBCzBiiFAwptwd', 1000), ('15gNGt9J7EVVP7NTgzA6EB2aYtKjhS7429', 5280), ('166dkhm9yn4xMqkb3rzCiCWUapTJTaGMCW', 1370), ('1MuMiPoL7UYu1N6UgafoQCckcNnhSy5D5t', 3000), ('1FBBTANEzp2QxrH48ybT5fVNK9m9VWwXR1', 35713), ('14tjuaZf2ieoh4n5q5FYS5z1eXPCujtJnT', 1000), ('3Aq3QeSzjcUuZZ6jZXVuZw7BKaxhyyw926', 1000), ('37J1kPdALze51RQbSgrK9p8ervuH7hAB6y', 3000), ('3Emifmwzn88c5cWPHbdLWdzA2ekMZ3TwVn', 1773), ('3Jyfw2wXUvMQxDeMpLZEwXVRQtnCagJDWi', 1000), ('39fhDLhXDoS7WVeEdhEHLfgbppcCBeaWcU', 1000), ('3LovEEkx2gUA7vLJ9HBV2D5qtVK6cybXdh', 1343), ('3QgkVKG9DBMwY2Mo6xzdVGVDEGFmS39B4i', 10000), ('1MCQ2eg8B83ywbin8SJpKZYbjVXfdFWgPx', 1000), ('bc1q7fxpxs8v4d4askp7ghkedm9jmw8azzhpx7ah3l', 1000), ('3NFjmVgJgqcPT11QeyGqCoaa7RZvwgHTZb', 4000), ('3BQKmoLkQzM7SbFvBuFZ4Yk3pE18w2rCTy', 1000), ('1Dm4hFmBCRo5bahxbTosmHf5cdh1yHMTx6', 1039), ('1GCXqLDdKWouyVRcUeDGgiKc931qpUh5sm', 3924), ('3A91qgdX4m42dkrWUwpHbyGv8sAfmQeR6i', 1000), ('1L8aBqC9Sa1xgvNPf94E4wtTuDG1yaZ4GS', 1000), ('1DEXLxe2tTvT5e43Uek7PUaXpaZ9skAqSe', 1010), ('bc1qv2ptnf7wjkzvsvarkjldp5m6llv8nnsetcal2r', 1000), ('3Bwzb3MN27pnibTP7hwQgT3L2DcuQs6D1A', 1000), ('15XDgfC4fRKHRoj7spUB88sJoYs14hiCpg', 1000), ('3Lc5pjmqkBjWZS3EeBQCgwBC4PYYdNNy3R', 1186), ('1Jg5BwsRh6PhDabJSVLNne9jZ7d73VMzFq', 1015), ('31k469YTc3ADLrx7cBcSV6WhifwfgM3NTS', 2040), ('345c5mAFP5ZgzvF8XhuomxrKABKdQCrrwp', 1027), ('32fqSGXeiGxkCqL4x6KDABhmbLxLCa4o7T', 1000), ('14FbjighFrPk4AmSQkNSAxYkkBDJsy29px', 2362), ('33C8LrnuubjrWg8w11oxMMCt8E1vqdqdMu', 1000), ('3QuNv3KAVaUs4dK56ucCpjB2awsNjeYZV5', 1119), ('1AJN8w7rm2X7izeFZQ9v7tq7kHA5rMFfmx', 1025), ('13jD38LB5hFmBoQ8ZLQc7ga1vdaqd1d97y', 15250), ('14nTr9CaZXQrv7heKEyz1g5BbFaAAJGVJe', 1433), ('1Fczirq1NinT92ixGsDRWjz2QbWRvg5JTg', 1000), ('1CL1JehsvThmD1f1Xq5YMZ8HXdRQhQvFNH', 1086), ('1JZLWAE2Z5fdeWdpqk8ijW3Xzc4R1BKDn3', 1003), ('329aqLhxEAcsWpBNrtJXZoXyemsQRS6qpZ', 35377), ('13ZGdZGmTGxWGP7VJoNyXvj2QY3m5yYjX1', 1240), ('1NfWNtDYrurZA3tyfoAqaD8Bfthd3YogVi', 1001), ('3ByQXFRnwEbgqBw5caPxX67sTb34smGyGP', 4903), ('3BTvuQLLwkjF3UqmmAPV7K8xFBqA3Vke3o', 20000), ('32yRsPaBMgFxML54GAs434ETQJnqa9WjMm', 1157), ('bc1qy459arhxyr048y5l5c4cdwga5xlplgxru64fns', 1000), ('19WFEmSRMMwzvnkzvbVNspj2ae1Rnp3XW1', 1000), ('34nrL91h5fiYq1JPKiviygSoWqkiiMCeyc', 1000), ('1CjzFjLvoqRXDFrP1Gwth97bxXbWVPMi23', 1094), ('17FaovyDjuh6pW75US1JJQsgJBErs2XHMe', 2120), ('1Q42LCY1wUj3cEj5YSQtdjxy5ncvfbV7hc', 6000), ('bc1q7aeyl40ez39d7efz5tnr7aytl7e7ts778dc3sm', 1015), ('3PrLTTGYQio1chWnD7aVmBSMj2bfTh8TA4', 1000), ('3F4eFidBErrsvA2gWdaTmnifd4UrZic3cb', 3789), ('39p4wfyvpxvmtFsFtGkfjxQmF1T6QM4Ah1', 26009), ('36nt5um58ii83jzoN5uQ1VMJR7wgZBAdzU', 23059), ('bc1q2rmcjxspmevuf3a8w92jgsf83uv6469unstxkq', 1000), ('1Hbs5HTJn683toQmLsjGLth9cFzTyNCVhE', 1000), ('16c2C4DqRgANnJCaMRSpg7ZxiPQu8frTri', 1211), ('124NjVhhNv1r1CEyL7ATyHMB4aX5xRtGYb', 1317), ('38XYmRsXUSs5zgh2E8k11KGFp9yneGgoi6', 1000), ('3D1DpqZfcrUQ12e7PFgag5md8G81aECaQc', 1000), ('3LJtSFGNAt7UEUCxYAq5WYVbNSnFJVXsCE', 1000), ('3LQ2SSvJb47FFtcpGk3tn55XCcdp6L1Tiq', 1500), ('395dKft3YULvMKFWZNkzP6Chx9T4H9iNJY', 1509), ('bc1q8wngtpj2all6nrs07qeup3ylf3hjrlsp7rzd9f', 1000), ('bc1qf5rc3hfjpzg6dm7mpvpj2pqvh9sms3rd78qtak', 1026), ('3LBZqcVzd4ViVqXnJ1pbP7zNa5mrJpeVXf', 3199), ('3Ms8HTcnupaMVFfvHYHpxQLogTBi3hgbTk', 1460), ('3LZwmYntXS5L9mDNqqMbNBRLx9YLNnxgYD', 18679), ('12511fARLv3HSS3grq3qKxApe2eVfQBhJz', 1000), ('3KEH11vajTNHueXB4HpcPSjDAJTA3QahQm', 4449), ('bc1qn9sv5d6qzc2xavtqe06zdqe8uswlcqt56sa9l7', 1000), ('3MKYrhrBk7T8kjSES5NzcGVWN8JAbbTrCr', 2000), ('34UdwaSjFSA1m1dZh3R93GKAk58uzVj6qY', 1000), ('3DmJ3LgWQ7tS3zFBskE7dqsxh5m9qHmvCH', 1010), ('36FvY9rxZ6knKDczoybABA4iEEhh6ZHDZF', 1004), ('3PpgsUCS5QBumUKVFDTrqgi1S8Jc3S7H8r', 6567), ('3FvwjAXyyxnuuuVsXeHRrQ9mEjQxCXpjAF', 1022), ('3QjrLWR6ufRLLBL5Q3Ci8Rx9faMbv8dG7y', 1000), ('3H4tefc5c3MVagRvdFfwQH3zNH82E4gShP', 10673), ('bc1qqvcmqra0e88p50u440mncs8nmkp3nwy0stnkvu', 1000), ('14Kz1CTVMwoqBiL47YXN1sc9Z3B8yHZPyT', 1845), ('16aHLUmcMSMoBDxooe9suVixVhC8nGGjS', 10338), ('bc1q9ytmagwjekr6re4vgunrrwp64p7jxxpypg6wh9', 1000), ('1J4ayQBd82TPK61SwoBB25gvE5rDRSqABY', 1500), ('1LYdvrU214V46DtLxiCAcQRrRAAJ7E2tRr', 3516), ('374xKb32fsyp25tcSbC5BbVJQGq188QKA3', 1000), ('1FT85qzfj8SmERQcq4Cw1PGiSM2n79XCjR', 1010), ('1HL23UzAusV1EjtPkvYdh13jXu9tcDki6W', 1420), ('3QYSatapVJ3k2WhUXkSnbziJyNYAojbT4n', 1046), ('17c4QkpvpYY1PbnmcK6Eu2wToBuRwVFe9L', 2739), ('15tLv68s83xhELKDaRRq1XKsPN2855WeuU', 1044), ('bc1q9yrz6ct56jzx4ywaaelgg5gtre7042jdsy7cm7', 1000), ('1DU3jBXGrv3Bp3AG325tUTKUqLUDaupuwL', 1000), ('388vDcpX4npeHK5iyuyx1zYcyap3Sf7TJx', 1084), ('3BZpm5W9rW8nJKCt5mttEN6r91ieL9WYkX', 1000), ('3R1iSSQPyDwawfTUhgdxDbZ1iEQZWX4pYb', 1139), ('331yyt3szUcrd3tJ54XadFfqqzFhfjRSxb', 2623), ('3DBxhMBwNZ3iewoCG7ryaLd9dyFGPqt9Vb', 37064), ('1C2TmeSWGoMfAh9wEC5vBSpAMdYVjEHr3j', 1026), ('bc1qtr47xflepnp4usklacaz00kfyhpc26x2w327m3', 1000), ('3NkdrSXUkgFkYu9pGXRqpPwmmaHabG6UrG', 7957), ('171e8mfrt7hbefLnjZQxP25wmu3QbQFbxm', 10655), ('3NG6yKB6Sd2V6aJJommgQgnUr4yAfKK18G', 1200), ('14QUhvTsDewb4QmkzXTajw2pRsUz5vGgXm', 1020), ('14RBRXc6u7anb2hr1ESxW3nWsgECSo865j', 4000), ('3Lqspw1GPVK5mjMhnKpbcdcpJd4S6S24RX', 1040), ('3PqoPvQNL8nruRnSka2Z2t9JzG6V6hCZEW', 1000), ('1MHbsyJ2Z42E9sfededZW46MGDikLYCJCg', 1025), ('3BPZKy67mQHefZJf2jA9kh6iP69jGjvzeK', 2000), ('1Q3up39BtFfM9z8Aibv8H4ZQmtdyAqLnQS', 2682), ('3KkeKBwASNgfCHLze6xTie9QM5FeKdD9gR', 1000), ('18cme7BTLSF3WGyPbLWz53rA6VDmHAKYPc', 1000), ('32yqYr2VvqwYHE3Thq7SLciDRJhmSrB9LF', 1000), ('3LAJd5j1jcicNNQi9tuMuRb2jF7rTQ4mYP', 11773), ('bc1qyp3nmsjmkqxw6sp2dtjlwq5pj0fvx0n8pecv8a7dcmdp85m8rlmstd2d66', 4832), ('14QhfW3sEkc13Ss2u5YZGu7n8K7hS49Umj', 1000), ('38NJKNyk9a1iNXza3sgxa27DNhzmiYb8ck', 1385), ('1EhUCauj16dRvvRkjbKJqr2mybEfWv6ZMG', 1097), ('1JMRDxSCdHG6Gxat12FMkwskN5HWFyHqs9', 1000), ('3GVWt8BxWBQC2Ar5wDEEq4fz2EfLu6EWTG', 1758), ('bc1q5qm7ts37vcf52pcvvxh3vcwuwmzrg54j9n6v8f', 5010), ('1P82P9JcZgH3fyBvm1ANC8BRRcL7wYdaPA', 2070), ('32ZJkj3TCPzzcAPGRpvwqtkQXAKcKBndXt', 1153), ('32rdR4tD7x6CAQXFVy1CodLTrLSm2CFS8B', 1500), ('166FfY5xS7uQDtENGrKp8jX3WGSJ55M1kk', 2000), ('3JAKzm9Wc9UDxSRUptQY6cuuogF71XtWot', 16484), ('19RbvAbGNfbUmfAddSEsbWHLvx9fCNbciB', 14936), ('39y35HUoby8Yfw1qGnWuGvpt1U5aDVxuMo', 1299), ('1P9iDB6QfyjWfa7quokPYHM93SDwifyUyV', 1000), ('3Gy9PpUfth5LcxLK9vfk3N5XCPuyjuqj5b', 1843), ('3QEDx3edZohzqXZKCxtibKwpWtACByzfve', 1000), ('1BZ3ZJZC35bejFFikXU5enNUqEcRsbzAy6', 1211), ('3BcH9Wh9iKrarYrbGPhTMSsmQ7kQ2q2vNS', 1013), ('16c4X1NS1TCfZRyVM7zarbXtEDU7Z7GvMr', 1000), ('3DWe9jPW8wYN74oJ9HN5efjyhkqCfhdXde', 1130), ('36d5MjLRREDKqZ1WMYr9HZ3Zy69pmDqQWr', 2000), ('bc1qnsn5pgxs47rz80v2swjfj7pn0q8zrk266jsang', 1001), ('3B6S7z9A1Mt8kjWScoymFqdfArdjoETTqr', 5849), ('15N4cNj4MQLLcfrv8d6Ac5aNKevud16aQb', 1000), ('39EB54dgawkUrjDmWLK4wkD3QruZWHKcvQ', 1048), ('1Nn4ENxYSVvgzKkfEqyL1MF6MdA35ykbzz', 1609), ('3CjscLshqhbvtNcRTGy2RxELTfH1A6RzKu', 1439), ('1K6eRrGchQ2yrKPDJNaLZZGay6YV1xiNQN', 1758), ('3JsZydGJhcWKTfodbCnLJVwM8V33W3Lb2N', 3620), ('35SLBEx4rTV19wSi56s66C8zvSQeGvvksH', 1200), ('bc1qpp9wwutrw6muxrgftjnavx63zaht5lhchg8cx5', 1000), ('3L3WWLLLCVp472LY679kfeeXirhwq6KKo9', 1016), ('14JzLDv9861BZDSAwH2mSHpUm3rkka8i18', 1000), ('3FRddRgRP7mqLdMS7BTDfAkmW8XxmaXCze', 1009), ('bc1qr6lv8gfx6mc9xusjwjnx0w3ywhk6fqvjt8ygxq', 1004), ('bc1qalzzt0upxhqqf6u7j9yy7z69cmpzdprcc8tzkfkjumzmmsujcneq2ufafq', 10378), ('3KMbo2R3f8DKyikzou9q2eM1Y5gkG47xXL', 1000), ('3AHck7dHuWytKnAFTWW3kqY5h442K9LXAs', 1016), ('1QHHyjcBd7r9VV4LACFHKxoHb3n3vqBzgX', 1000), ('3HXFJNBHAkqhdHX4HpCBzgnUBdcsAA6Ayv', 5667), ('1BPHoNTyjAvsEQghUSiHj43w9FJ8g4FNUs', 1001), ('3Aorr6vRC7gWbRYA7gdpVQumgsKVHMkWuv', 9616), ('1EXrg9hx5DfJpR7SFWFq6xFkMvUZNg6bZW', 1012), ('bc1qp230ju4qm4967exxtphk0753m3q90egq0u5ttv', 25999), ('bc1qejlvemp4t7hsz7xa3yccp9plk6rgxka6uw02dm', 1345), ('bc1qxrp3ce5v59r2fjj42pa69le39uk6t2p7cpnvv0', 6001), ('3PmVG1sPjiHd7btjenNJ2vB3TCSZTLXJvc', 2061), ('1CCkgAEX5pkipvUdfx1DCcyidA66yem6K7', 3199), ('1ChoWFsQq3MLVYV26FG6Efh2nbusBmdX3v', 1000), ('1Q9grEW86zDqpL9DnCSNp3p2guhbD2RQcC', 1090), ('1AewYUMv5fAAFJMg98vTJjp6fsWZB4gkHu', 1279), ('17j6uZPEX5EDtJiczpsi56cRGieyKnofMR', 1275), ('bc1qfw5lcvmk96ctzt278989llkw54tdttrp2knrg2', 1327), ('3E9LnzcNYDAMJYv8iAHomZsPQYav9fAWhK', 1000), ('3CQKVf12MAhkZD5DJUnPvrGQun14qiSw88', 1029), ('329w5Yjc4vuiRqMow9VihDa6DgrFhGVGHv', 1099), ('3JgtSrXm6zPtrHnbqhNFMLHtzwi2YMJvA8', 3043), ('3JZBUf7TyYhSkxtugwmcfF3ZCqJideFVdC', 1436), ('bc1qm8ryjw2svgkmxartcqua7ekv9u9ffl2zhs8mre', 1499), ('bc1qynjgrupme6mgk6hwj4snyrvjhkz64nvxa3lcqy', 1000), ('17wJLZPYMNAv4wSk7yY96h9KqgHa53y5uS', 1000), ('3QfdazmKZsHotmCkaRNNwXdvCB3JH1afdb', 2701), ('38RDjRMBskd8W1fiu3pjPL7sdPMWJjHuRw', 1030), ('34vZ8RFqEodH7Rs9W9a3UBu4BHq4TazfAS', 1599), ('3BXr1GEWMt31WGj4Xk7zPCdQZJSbF7mucw', 1728), ('3D5e3khtDucm6vzApxBJLsqkSK9ooVrtJj', 1000), ('1Cfdrn48FCvFZ24Sw2FyCGEznCNzjkVivk', 20566), ('32guk49Cc6RFea5hPpvbseuqX4xunx5e8U', 1000), ('bc1qt0ne7ymgg6kd0qphq7utnvzly65dptwkqwnk6e', 1000), ('3PhwTWc9VTfZEs7Ukkcj7i7YeDXnHR3o3u', 1480), ('3FDgyjKY1ac9bCr7ih2t7xo17TqtmJweaU', 2000), ('37zxn89HSbECmPybJimJb3kEympqfPCHMv', 1036), ('1G72Y2n2JhVjwcYYHLUw4nbqgkgFcojU8', 1798), ('1Nrt7gmXrSryamwrn6utUitw1aZtZa1Sa', 5556), ('1Hgq1J6j6M3swHWVeNw9iKE7uHsRLg4JTe', 1938), ('bc1q9t25t6dqpnaw35gp4sy4352p8ssvwfekg5ascq', 5110), ('3DtPgiXds8ciQ5RjroNhTVB4nbadBUnrJZ', 1794), ('188Np1PaEvCy6VfoiwN3uCXvpphN2dNdX9', 10218), ('17AFUvgZ4oGN8jQ2AP2ndiDJUV2JPQ8kAy', 1000)]"
2,dfa896c3c3d569c12815647b855db2aa213f9783520f32855ebe52fcbc07b13d,2020-12-30 02:54:37,"[('bc1q5y5saenxrxy2jdcekm0kwuhf6s2cl3j5efz290', 1037453), ('bc1qa58d954qqxunj2w0ps3lyve7s3ukqzjzqy20f6', 6713900), ('bc1q3lxhyadkf3lzz9wwxmekfnj7l8hh7pqejf5wzt', 5909026)]","[('38TXT67Up1jvxf3Fe1FHb5Dw3skWYZze5f', 2182), ('33GFKbecWiir9SW6gM6aJBQ2AZrkVTFNsE', 15653), ('3QhnPxPb12R336UrbQKeTcKvZFA8J9pPbQ', 5708), ('3QxCwWdxxdsBhqHvYC3KNQY99rBjcNKuhY', 3102), ('18f4bDTcisWBEMATSLv7p4sqrjkuYaet7i', 2000), ('1J24aJJvE2yCStCQ9owbEUUtL2SSrJBcR4', 1127), ('bc1qew506l580sn9rymmp365c768u6jxdhus3s72jh', 1044), ('39Q7m9xGCuLYPsumLcbHn4PGMyKGGsNYc3', 1000), ('1E6KKv2C3e8SD3SyUwFHzjk8b38Ap33arB', 3000), ('36Gt27nNF97qwFmuFdfuRhxeKop7iF7ghs', 13210), ('3LKSP4gNAVv3Zz7jfcEcqFMqrpqm6Qj895', 1009), ('1AUJbKcwBMb7yxtCTHntLaVSbRthMrhygG', 1000), ('1SFv4VTfGr53hNEBCAPb9uAziAkvjRUJ8', 17925), ('12UJ9Kne8B86wTRBwWCzSzCY6fAVk4MpuX', 1290), ('34kBmfW6ECgKjwSYNcdJBV6eeWpEf9TH8a', 3687), ('1EPKasxLCABctQTd1jf5RbEdoVREQ9wotm', 9825), ('bc1qfwceng5vtf06qe0wm7kamvrr3ff6fplmjq7muz', 1000), ('1C9DQB38P6xTQKM3Jk6SRHjvcgjKknzb7K', 3860), ('3MQKpJoHhmMWTQpyNujELRdGezxEUBJWTY', 3000), ('3B1oJ97rm9ynu1ie93uqS5Sr92JgXj2Ah4', 34000), ('1Gq3UxtuHoKYuide83kEZc68FMYgZSN1c6', 1648), ('1Ac7vQSQ31vWY7441nieGEM1VUzhCu1Fu3', 14725), ('33CMzfYUc38J2HQ57LpJWSpMggjYh6vhhZ', 2542), ('33yMrguvHZJiBDiUgcsmhkNHDs94Lkx9oR', 2000), ('3QSbnpxHa6TUAgr2WBjJPVJsSedu5Gkd3b', 1599), ('12SsLmuuuA2dg1u1hTkLRwmtVJ9Ua8YkMf', 1135), ('1MVojc7PVbrNqoHxdov4dDe8rYbG7UDZtF', 40000), ('3PC26B8L3jGrt6KgrzvzrXuDqs7g5nhHWm', 10844), ('bc1qs6qp8d9az3ug7ffld4rv3cmpnxlcvgsjqd4mhu', 1079), ('3KWUfGgJYGnCdQWn6SKkmyF2vdi5HAAtc7', 2123), ('3J5baPNhPDceESAzvwWf9rSxFowZYupkei', 1016), ('1P7wUKbbWnRaZTwjwfXhGYdRVZ8DgJjNiG', 1972), ('39FnaaRJcyQ1p9odxJ3QZNFEaxhAH7n9i1', 10191), ('3AYHFBHNh77ipnDcSJQmQjdBt3fk2n9yKR', 2070), ('388YP6fck4iY6FpHNVAd5vQaiHgqRPxtYC', 13671), ('3N2723FzEJX38irXmM9M7LKFJEM3DsCGBf', 1000), ('386DEj5LsLBzMKa1FY1VnBMEXRbRdwc6Ex', 37808), ('1GzPJcfisCJAqDrN2uCYMSu7fpuSevWFyp', 1399), ('1BvsEA4eLNi2AQsY97jGnKSigHouN5bu5y', 36499), ('3J6zEmr9jEy6i6t7ocW5x3geAkwQJoGTL7', 20110), ('3HUHDPR6ouPDiHKqXqm7BVYGPDNHr7WuzK', 1000), ('3CF1f7rf32rAqW6YKcFTX8RUKwZjgPxvDt', 1590), ('3NjwrkyDTfv8eNcYKDHMbMe3HLwsosjsYi', 1012), ('18raxmJ42SKePetobWggSoGs9uiMCwfqLm', 1365), ('38HhiuzM5XQG8ygZwwotkRaYph9xPv2CZZ', 2000), ('33tttgMzw6uPQHCuPrtE6N8SYMVmJ8kJ1h', 1000), ('34PDTfhhu5y36jGvYFrZtZVyuYXtQTGjze', 4641), ('3FRVVBwhDhdRj8U8qEgYHPRZJqv6x2MP9o', 5027), ('39rMZmPiZp3i4WKPw7tisoznhu4wVngSRg', 6999), ('18hjbuV7qF2eaogbRvX2bF69YDwG8fFtoN', 2373), ('32xXr3v5tzCWCPUvvt7jcVMQ1ZnPNZ1MFP', 2000), ('1Kf65ns1bE6z5ss25NNjjK3grAjFdLucfX', 2388), ('1KwJeVR5XRoUm7Lyimn97SLjSoyabqyT2C', 5000), ('1Q14hvQzu7HEo8gvHAehK8khnpCgSTRLk', 1200), ('3NzMXecYSJNhejMxXkKwWW8CisSZ9FXZ3S', 2021), ('19tnGfLToVBwkR1VZsayWFZBkvZwh8N9Di', 10026), ('3GVKBCa9MenBMWxz83WF7ucc2BSiK8thJz', 20799), ('3LhPgeQ2d3oerbCws6PirRyfauULgkh4Pq', 2582), ('3DBwBr85HTzrim2bRqLVfuWH1CU6EuN2NC', 28016), ('1BmgsM6i5AmWCXNw4oLqUnGgSE1ifYH9Jr', 1000), ('3NbK1ifaZhpZbpeHoBWTWSiiTPbyV3R3vf', 3605), ('3E5q51Uip2M65ZD5TUAHj4hvjzyVmz2YZN', 1703), ('1JcdHjaAQ6wo8xaXkFJC4bP4kyByidVYNM', 1629), ('17AEAL3gQ6VCahNj4bhGfDuugfmNkstVod', 1860), ('1DK5KqhQs12EUkte5qtzwQuSq5RpyThyGU', 1985), ('33sDdimPd9X7DJuphTVkdf9wJCtCmtMpVv', 4073), ('1Hb5xvzMnM5Raxrn2SHBhsXvFsA9gLccoq', 1179), ('3D7YyKDnNtimeoc5dsTX2t5i9vxF7jHtLh', 7825), ('18VJp5nttPYEDx2iBnSC8eYnLw2ihbZd7Y', 47399), ('18kwRGS4saCTfSLHbo37jw4BZUGZXN6voo', 1000), ('3CaZSH3yaKfTyJtmDS8XHkUQk1ZUuRUoDD', 6535), ('12GEGSjbt9ESNTjuK3UD8eu1ji8epjMSmi', 11289), ('18xw6HnxK4RLACpPwgU8qQCLj73DAgptVd', 1040), ('3HaMRnbY45crDtcj2DMZntCjKuLeS6CSeT', 10000), ('1LActMpM2EPg3UDCeHA9B1mSVCxPsecvSt', 1002), ('35Nh3DYy1YV1VCQ538DaV6yiA8wb2Ynxu8', 20000), ('3Mfp5jyZP6bQUyVvC9oerkGqJShN7tcsDK', 1083), ('38TFf1vNvzx7gHtuVDeF4VjgFoYbQrzDLp', 1000), ('bc1qqupz7ynv488nmttt6q897v5mtgh7kzpw8jkryt', 22325), ('bc1qkjduwc7jxgt8sex6apcqhl0pwytws47rg8lg4g', 3165), ('3Fd5vFWuvHzVu8uYhGPekqAm7QSkUeCrth', 6000), ('1F3r8D5AHZ3HhVLwSEjVKTCR1DEx9yN2R2', 1013), ('3PdGK8qYj6s8VXgHd5Ev55MeAXJkYrLc1s', 2103), ('34PY5D9GUAPnv34zCx9A9E8WGyeqDxXSQ5', 7726), ('3Novum4dBZ2XLiJT6XsnkBzTitNCisrGwm', 1099), ('1J3mL9XDGkzmhADt3xLALnjbz1dHHSzemd', 1660), ('172AvLfWYqmUwRhcqvBTTE5gFZ97fTcdfz', 1050), ('3DQJmLNCJuqp6KPhAKZpZTsVQuA4W3CMux', 1167), ('35z4gsziBsomuuNJ8mHgLgn8575gYmbEtp', 4699), ('1HbfxL3fDMoYqxZ7kR9kJU6iCEhTvFJTTD', 5709), ('17vtUAJvokLLNWUJML4vCQiPiz4unaD8oF', 4000), ('3G4zhWHTvZeYMZqmdm6Lyi3qJzhdPpigBb', 1500), ('32kMzcBX7hhuvZ53u32C2oEuo4aQYdhjFE', 10780), ('32nGcoZt2awXRmwsj6vYAyquXkBRreSCzR', 10000), ('33TPafmZ781P7G1HrrrbWok6fUE7am7wps', 14543), ('35yCsiBgy6D9H2eSVj6b5i8e9cbEuFcJq1', 1018), ('3QS5wGExtVuN1UwjrMDvhcGxknUrZwhfHz', 1556), ('3M5Z1tgMTuJd3NpDPd569rrvnSjQWzaWxi', 5792), ('bc1qf6tujlnt6fc6d6pz68p4lc4x605xg9d6g8vn6v', 1000), ('1PQ1jk4vEF2E5Pj4jQPjwj3u2iNjBZqG83', 10166), ('193hVKi9jgKf3Rmdux5Hcyuwxv29VgNRjk', 4630), ('36XA2XUQM3M1PsV9DMwfAh6d6iKZUVBh9d', 3047), ('13wN2vZDXh9rgk1berxaWP2JsyFxESTH23', 15639), ('344VsBm5cZjHcyPvDjBqFVEQmdDX6pJRhc', 4861), ('1BoBqqzar4wkSS3sg5TKk4DMVCfZmuCbMV', 14457), ('36ag9sheG3463QeeNMV3T3Lutc3wZXSaYj', 6564), ('1D4ac8qEAGzsi1fXomikwkyUCiziZhZRiw', 30723), ('19hBynrcF4ccvf1JZLzxZUJKeHRGgAUQHS', 1033), ('1GuZDVnjF52ErgZfia3oWahFbNXMfDpDGp', 1680), ('147boUpruztLz57Jm2pcV5gF9o3CAVoQFx', 13807), ('bc1q94k98suy7x6cwftlmg5dh8af7djay5ky58ga8u', 1005), ('3KYJsv9FLscZUEX3gJjCqZsSRvvnEu7NsD', 1362), ('1PWytcpHw6CYiozrThcZDd87mKzCZ5SPuw', 2377), ('bc1qjfwwvywv4efc6cvwweu2vgk4ckm77gkrglgtv8', 1000), ('3PRaHCZQ9hLm7AcrdfPRvTZ24kKNQhir8T', 10678), ('3CQ8LAKB4QqMUuAATLhTV8nXp5Qj1P8nHB', 1000), ('bc1qp9vqvqk8ca2zaz532zg53f6vdrzc2xecp9zn4y', 1000), ('3HL5R2U4wseNBHDaiJyb99j5vjypifZoAj', 1940), ('3DssDvJkzyHgKw57rwrNRKNkdQ47itiLRL', 15939), ('1JnU98EjVbbcMr7t21ty1UHmZH8gHdqAoJ', 20485), ('18pgd1RKuyN3EFPGF5NPYxHpaDcTyqs1Pb', 6935), ('1N6dNhqK6wEJiKQrovJ8j3Ex9syw6BxWkk', 11550), ('3EiigAFizoHjQGuvvoL4ionefLe62DLqDz', 1036), ('15fGaArEpGK34pcWvbJoAW7ZAQ6WwTukBs', 20000), ('3Ph35t3euRbs4o2o9uFCrLVWXjS12MZ7us', 2337), ('347aJkHH3sD14jLxg4ctAcJkDhn7KSeiC5', 13224), ('1BxpX1jAhaRfm4EQmiu6xWz3U3ndGzy4qT', 1000), ('bc1qwfnn8lc6ny6j96mu7ysmatgtjfhcntwkr2sw3h', 1000), ('13sss5jkomqqPZnSws1BzZ43tz69PMitEd', 4267), ('bc1qv5eaq3sslz8yr74tkud6yd3tlf38fzxapyv8ny', 3270), ('31v3FGoSbfzZvjTrSbcwVWHkdhQ58bUsLz', 1030), ('36Un9C5AFPAuUHEUBP9GFCJpX7GRGBSbeJ', 2680), ('35RftNcxu5GYqc8bmWRCVnXxNVF1QRWCRC', 1667), ('36AYJqt7JayvALiM3HGgqXgxkn4KKv9SmW', 1092), ('16QXoYw2yfaQpSyUweTiBVjWtrJD3SdW9K', 1000), ('39qMhouLpbjNZCp5MgSEQdWEiFc6vfpJWb', 3088), ('3326uiGkWabCJ35fMDUZtPZPx1LmMuss8C', 2473), ('3C1yN1PQZHfazxJfCJfqQLQ2FoKgdPVib5', 12457), ('33CRLPFikKDEA2kHPvUNmfyBSdTfUCCjZt', 16689), ('1ELcsW1ruZYEb85jtD8Y6UQCRv4XcosEuG', 29306), ('1PrrkkBCGRkSqoQeMft3RkAumWkutRGETP', 7804), ('378Ey87RtGA8i4mKuucrHn7CUtNsGP42Q8', 8307), ('1BPdxbSCPLhqQowwAp25F7j8ZQLojBTpU1', 3606), ('36BJZnDALTLz4Wr5aNTNDDzkc7jfUdSvJF', 5930), ('3HUjw8o4bvTwXhb9uQEcqpnW2fiEn3TYdb', 3758), ('bc1qc47mq3nkd40vjmg860ycw36yxl9u8yt6n7dtv7', 5319), ('391267imq7YKiH5Ne8zyw65TQSyzE4v5uJ', 1204), ('1EqqF8iQqMpf8q1qtXRbrcJuDfCkLWzPrX', 3979), ('1CY5mMhsv2xKQLHfoPyLPjfSKcSUtC7W41', 3598), ('1A4JCF35X5ZXTEbZfFSgygVyHADnX8xugB', 8000), ('3QwuLPEaRoKpeLncHtMJDhZaRVAeaPF4vG', 4800), ('3Gh2GZoPU2e2yDnwdXibTNwFUnWSd33afS', 1009), ('39LgNNFncj4d1Yx9Vu7cvYb1QDfX6vu2YP', 2044), ('35eNJZB5ZSDnGRixCCrbXbDduJzGrkNPpr', 3886), ('1Ce3nG2sW5rRLPaTK6Cj5RsGPT6g6MdZPe', 2860), ('3PULnFiEzU7LQmgx1PhppKX94sywaQhrm2', 43902), ('14AKzKQwSVJRhZx6LHWBNgGdtYDYf7rfDU', 5000), ('1AJ4782nj9Z2wpdv28ABisZjSiLkvSWFhA', 18280), ('3FayhqxKR6qHKHWJaDwJRzMK2CS45oBXut', 3890), ('337RsWEj3nDYE9bmYSy7dUdUwrPtKhxQR2', 1138), ('3Gka4NRWgP3JhVC6fEpwd2SpXFryRGCiXn', 11882), ('bc1quv3hn7u5y5wn7pycw2m9mzljne6wv6ef8ek6n5', 1000), ('3Q6jf9EtDu1CTHzKwPZHmwxyXXCYPAEi5D', 30001), ('168nRYNbFS5XYAtzBZzntGkye77K8k3X5t', 1000), ('1N9VHqC1xAiHp8eherXmKt3Jcsnvdr15JU', 9000), ('3CdgGCZtv57EfKLZ53ewJNeTAwv3rJMJWy', 9527), ('3QAfhXb7t2mWYSf7CwYmVw1EH3mBwQkQxD', 1033), ('3NbfJZdKwHyC6yruuJCSTaK5Q3C6yK3XNf', 5000), ('14FBfZ7phefxufe2LWHAfH844LWARu63q7', 8870), ('3PHP5dHFX5d2rAcW81X6MrbkzRxZ4kKosP', 1099), ('3L4gMfQZVtdQQkSLecfZCbrhfFASETTSX5', 9746), ('3B9th1K1m7XF88akKQEKrkZrNZKYqrv1oh', 13760), ('bc1qjjha9jsrmmnf9ek6tg45ue8hm7vp8g78znheaf', 1521), ('1M6UQFShPoqWtVzX2sccp1C4astyTxjRiD', 3648), ('15hTbTy6ornNexywHqh6ThhLUXppfWK8RX', 10425), ('3DpxkGhuMcvKmf6skm1xTLTEprTjgP35hX', 1597), ('1EpnVmTJfEnxYvH5mH1WoWBj5qZkHd5e6h', 3474), ('3A6LELQqnLUiEFQe23fyUTYRMN5BdM2Y7U', 5343), ('3H21LNUNe8ux1V8gBkiSQni6u7pZy5GCNT', 2572), ('1BAgGcrueLfLDr1qrVoSEatcKSrAXXKDnJ', 8331), ('3AqN867dZe9pftPRAdUBLGDnkBEKvrBwCU', 1227), ('34sRjEj5dzKVoX2PeVqYdGEdxM1tfdPVfU', 5550), ('378oTmfiUtbEQuFv2A1o2tJn9RUMw2Ue8v', 3937), ('3QP1EkpbPwfVvhakv4j8AGUvTR4ToUjVpp', 1000), ('1HaxoBHUVnfDNxmvXzb9qsoe7bw5qv6kK5', 19950), ('1CnTm8WFaNnxK99UedzXPX4TdEociC81ox', 15479), ('1FB9KZj9tWYPYgDiFZAXeAEAg3qcxLg2jZ', 15714), ('1LuyoradFyfhp8NVBqgJAydSjoAyYLdPVo', 3717), ('3AX5zLgRYitgZxa8SBnyDeeCQ4g5uu9pds', 7896), ('34P7Sb1Eft51xgVXwYYEUujirS7qvZedqo', 1119), ('bc1qeqk3s9tegd0dzf5pj3kwjpepq4mgd0qh0lva2t', 4000), ('1BLPApWyud5MNRmXAcpbShaq6P7JymTqr4', 1003), ('33tZKCuAJxesvyUHUvtoLNAXeksyQk7UA2', 2025), ('3QdmgdzRW4jDcdW7jCWfXL6t235PtzJY92', 3488), ('17Lez6NKJnN9X6k5ogVRsTuNmddCVLQ7Zw', 4598), ('12JtptBtQyeokXsQwRKLFWFverUYRZ1uz8', 2470), ('39t5e36WTS3KLPyPvCbQdPH8MUym6AS9Wm', 3320), ('3Ck7mzPA9zLSgHuvZmoGwJNLeNBRUN6xdt', 19000), ('3EGxAFDk8hWr3jUwrFg55oCEfvD19Q4iJX', 4220), ('18MCxwhKYzTstqQXr63Zb5BBQbujQXHn3K', 4237), ('1GCZgPgSnn9DZDVFGeK2UmbF5SfE8ahuQE', 5000), ('3LCkn44xsKYC4Yyw2hpXi2T8WpWCHYptAF', 7749), ('3McPAedefXASsj7DsgrE3akzSHGeFhZdqC', 1009), ('bc1qzkg7a367khfc3x9kzzs7ptt0quwjp5wqq0genz', 9930), ('1QKW5hXJqGs11x7LhqLuErCRETVN6AyB5z', 1000), ('1BjJw9gWdrubvH9gW7fmE52zcBppDkBJWa', 30501), ('1D3oQhk6EENPa5sj4tK69gVtYLZJKbGyEc', 1516), ('137mXH84MttuRvZLAxsHG5bryEk1J6GrnK', 2000), ('3LhCZLMFGnyAQiyzRDvFJFVsiUpeGmZr4a', 1037), ('1BABJ3yKuriAD2syvg1HSGmh62YoXRzpHx', 3300), ('3N9AaPvxjRL6fnnT3muvk9UBYAzzcFmKKk', 8000), ('1NumxMsx2UZaeiof32Z5SAUkLAG5D3WtPy', 1001), ('14orjqSRf5ipwWmcPAmnhmbkybcVRwtLFd', 20531), ('19uxzgaR4gNhK6vyVBPxJFjMYjekypnRFE', 3000), ('bc1qtkms8su3ykqnl7gkuwltrsp6dxtu3m0tc5wgq5', 2330), ('3LDcpHxkXHqyKFRrxEvZpSNHH5M3UVxafi', 15001), ('1AcDmbEB3CscBNQj9xwbHB6aN5GLVXTpab', 11013), ('395xBkms2UaRsL7Dsv9QJ1AfRGvAv8QNgW', 5998), ('3AphCYbBPo2VnARpQzSDK3fzhiY3jaFc5g', 1000), ('16HJsETfMjnxheEWebc3msWDKZJWpeXP7S', 1104), ('1Do3KVMb7e5cFUqTraqfN3CFwXjkhV5M2K', 2318), ('3FwQQEjYsQcwFuiNiq69J4y2rrwRvMV9sx', 2080), ('3CfEnM17E8Ge8WbHuoy8Dygd3QSCME8Ru2', 1317), ('3EyPtsRcP5Va62Ht3fhv2uUuaeizaKfpRi', 5035), ('3JwtSQxGMv6zegcZaWTmb61BTkGMVCrFHm', 7689), ('3MBeFLyzqwtMHj1cAkNQBTaUFHuBRscPcd', 1000), ('17bC6hX5psz9iPUWtGs3UVvj6MU6bTYQev', 1036), ('3DtVwRkhkNLMdZWA1JZGCDbhzL7JB3SNsx', 1091), ('1E25su8JtXV4nTu2tbExepXWTUbD5qej4U', 10696), ('bc1q7hkswh7qmxtuznjzhl69qkfc2jwf0graphy7gc', 3490), ('3JtSP9wLSt3HCkxMtHh9rNhx3BpPMkp8eT', 1000), ('18eya85HMLgqFuPvaXaQdpK6HuVQ6jbP1Y', 1718), ('3HoWUmtobYoe48wPSCee9yTyFqvcEhr9zk', 3763), ('34d646gGEY32cFa96Jxz2Lxx2xr8ccALcb', 2002), ('1KTVczeL1zQb8MDayGhMggwCLPxR4tR1t3', 1000), ('1NXANCZ4S3TQqwozK3iYHfZqPB8N2uGpUk', 2515), ('3NG6SPyRRz142J7TCGsY9i8djfVdh3ckcK', 1009), ('1AH9w3YJeFXgthepj1Y479ADJDAMcQJJrb', 28465), ('16M9aYYDDoTdER3ifc7xY2dzD9wm2ej2XM', 10000), ('3KAzjenZ63fv4mWA39BxvtQLPG1ytDuKgD', 19850), ('bc1qwsjw78vt0knkefv5vg6hw3444uwzwlfudm9ael', 1000), ('1DPxwfHNPBn7SrBMLBJBpqvPNEYEhmjBKm', 5000), ('1CRshyhE6eJLBJeapYoY11bw6gE6utKADj', 1299), ('3EeVFWKeeGYmmSBW8PUe5MAQ2Lf2waFS7v', 2434), ('32zA8XC1Yvc4EdHMapxm8LARz9Uqi9kLGN', 37121), ('bc1qjfsakh64xw6ja38ruxg25y8ctx7qhvzennlzzq', 8566), ('1HxGvoeYQXdLU7YMXgRrUswkK7X8AeyL2F', 20860), ('1PF2xG5xMrYMamsCXZV6WTvzbKYHVW9LH5', 1000), ('1AiaV8rzRq4H3Gk9BkM1oNTQM1ZkCmY3f5', 18000), ('3LmHyAqhU5xCP2P36Wb3HHhRyHqwVbM5Tz', 3034), ('bc1qf4mkq46w28kzlyac63x4nf4vjd6q82ja24y2zq', 1081), ('3JjiWeV4BhmWtQ5qSN3KCMJzfkn8Wdxuio', 7381), ('14ndfbdBD7m184eQP4xd8jgCpg4ZFLKh2V', 1000), ('3EXXMbWGYXEvo9WLy2hYaDcR5iboUTTjRG', 19893), ('3K4Qn2Hh7DoQ3JbVb5xnuxqAFDUDtaeYjZ', 1000), ('12N1uQX5pqDUiKsR2Mhv3HSr7KNs8Dvok6', 19155), ('1HCoPNscyUKLHXZCGpPPLU5DJewBku56NQ', 1000), ('3Quoen6SdPdC2wpfCnkj2ys3qUNuScHcad', 1174), ('37ypMBwEqKegDVL6Gg6uBTQramwf987GG1', 14999), ('3JWRQmA41BkBHSg3PnzAo6X2b8N33UMejK', 22829), ('358w6qsByUsd1KTv2wteJiMPYVGWpbJQLK', 1399), ('3MDTcN9Gswzvq5Riq72nznsqwN1YpFBEHt', 2578), ('bc1qln875jtzpkfl2wvc7u5fx6u4c2kunqfm5jcmzw', 2000), ('1vpHNKuCh9etTodHW7zKNSxgAFWVys4FK', 12522), ('1NdyKJEMgaxtjwN6n1uU6cCyhTqqWAKF3f', 3944), ('1DG6iajRBpYCJfW4gV1EyjKGRNxqgy9BzX', 2398), ('1KmW8P4CkBMTuMwuqz2RNpvnxpvQk3GJg4', 1081), ('382SoSdeha37ugobNUZpzUG6RtGq5rgqrP', 4563), ('3EJ2fXWvQF5VRerM2tyN4zPjpAh2LXT8Ce', 1001), ('37Q8N3WdwG5yAaP7eV2Nc6zEYbQYsFLkgB', 1000), ('3Ct3WCi9mFtyU5gBAsEHJB6GXzvQJAxBLj', 1000), ('34w5PLCKXK6UxXPXWURK1tEUeL4DBgkUUH', 20802), ('3GC9uxV3UwMXoKBR4rpevK98AgVerkS1WH', 1010), ('163WZax1aqgYVB73u7ahYxfDfkLYH5ERsS', 11299), ('3QzFJRQq9TPi2S8ELT7p9SCi6aD5KgYHdB', 1008), ('3CRAGeszmoHXP9r3LqaRvs7xQX3kYSoysH', 10000), ('1Gn5WrVpTEjukybnreoZayeav9NgvXk5gh', 7150), ('1Fgja96oC5bukG5eQKB66zpmBWxFoFDKuw', 7907), ('32FAFHHAnZNQKrVSDFDBi42iLUTTVoMmAV', 2000), ('32zMErs23Wtt5zh3L9KxAkz2XXmRv9QXJJ', 1005), ('3HkKoyt7tEHE9cSoocC9vgjGoQt2DTbzMT', 6700), ('bc1qfx6mhhu38h8xexpxcnz38sf08neemmkj2m28ld', 1500), ('38S7gYd4yoifPj5McPN7pD8x66t6XqrSwJ', 3034), ('1L1GcG8fB6SXJvrk9PYe6g3QvhkAr8uYwF', 2330), ('14g1qrPivqAzKk2Aq7UdJT2qmkbqkuyWhF', 31611), ('1Mc7bGGHVnk8DkDgqYUG3q3RcfEryyN4Hw', 5000), ('31m9cj9odssAF8hEEBvATJuWFDcGYXCyeP', 7100), ('3JzybszsWmkFA5g7kUJ3rtTcgYUxYXsdHa', 2532), ('33nL1QDZkKuzztD6ZSt1aV34S6pTxBnXUQ', 1000), ('32sB9thywfgDDM73ruqHWE56yDVGs5eMtN', 3241), ('37pvmHTWqAzJ4MXeErr3i9zqvF8Leh5Jmb', 1079), ('122YZNkMFMRMgPmvgNrw2tNLk6ZrG9GQFw', 1919), ('39NxVJjw89UFPP5hiMRQvXjcWrHrM9SkK9', 1029), ('1LsErAMTACFd3jkx8UzkAFJBt4L2nBTHC2', 1000), ('3MMFQkt99ehhmK9JiMP8K5FNAEG7hkXDsX', 2301), ('1Gy3jEfuNFYRPhsYNBjTwHGGqiLYKtBiPi', 1286), ('bc1qlafgq498j72kng3c6e43gh62kh0q0xudlqa9dt', 1000), ('3MrLa1RaGdjQfjSfUTYRdkzasRJBCB6KY3', 16247), ('1HAZpc66b3YQvA52u9P24xkH7nfzFxDLFV', 1010), ('1E4qxwwRm6KSx2VeiVdx2PN3Bbq2BAtmPe', 5500), ('bc1qarnfplcw7k08upemwr5mmtac8fxvjkaf6j993y', 2860), ('32aVYBBy8uMwaVEvjH7coxkdG8KzQpP34V', 7006), ('3FCLX2hrAnpsLS3H7eTCxe36MqixwAbXMU', 8265), ('1ZvbueNGs4L6CwsUYLYUpnHHewyaWBQfE', 1284), ('33j2SZAA27HR16aJVNzXJ1KoK5g3286aML', 1423), ('3EeZqMH4t1ovq15aEJCwSYsq3A2HgUbJnN', 4055), ('39SCqcjsLUVibSFKBktLmenVoWcc1rQArf', 1000), ('bc1q8x0kpzw4dj74e4mjmxuznye3va0nhsv9s99cdh', 1433), ('1Q8xssjQ9VYxrvzYCvZWGaEDim4KPHxKZz', 1518), ('17YxTDuD1KGwd1zDETA8pYkEaMrPnJZ8MN', 10579), ('3K22jbMJhxug3Ma8kez8xsaSwrziSkQZdZ', 6841), ('14T3PLSEwPsBVZYmkttufj26rHhvic7pNf', 2000), ('bc1q6nmak2433uxrzhsjp588yz4vskl7xukjylp3xr', 2383), ('3DYf5ztPc4Yq9GJSy19ZgqrLZ29E1CN78F', 2239), ('3K1J74qhMoyGwcEFgqBws7fFi7j6setxK5', 20000), ('1DkpyQV6zvsAicHWKyT54faiuEhptQTCuc', 1000), ('1GohZQb4XtM5SkVmGtNmqstaN3sYq6xXS6', 7554), ('13CvSrLmws3oqgPta97onx3T2LGYiipuhn', 12184), ('3GibJk68fkrMP8MzvRRzi9HYvr8G8iPQqJ', 11882), ('19uxAN35CGg9TYR4TuiuNpsmRbS9QpBUgi', 1031), ('1PbntqwZZGGsW3zrwvSdtoH4ne4kyBY9bf', 1448), ('38qAi5j3QirdYygDTfaPH6JeVJ6txAcFzH', 1000), ('1KqMXepMJ11ADvmyWnAK4cTJCYHcvc9JFz', 1000), ('379LA7QtwpPmefxJFhzQP5cJovjyfd5rk9', 1000), ('1Hu5bbnwsHFQsY265kdSs32Jutek1d6Wbt', 4737), ('3GiqpxyXv92k58bcZoF8x5Zcap4WQDes7Q', 1500), ('3FtwdREnFBaipnUvsfmbt7myqRDaGjiXMD', 1361), ('12SVkvRxcJCGd1L7Ce2KHqjYXoZAkiy4z7', 1000), ('1Ps43qp18rh494Dif1mmZ2DneqXGgJ62WW', 1016), ('3DESRbrJeFYb46kcEnCxBDBr21ZaaMFuY8', 29999), ('3N8KTRiDC79zJ3nq1SLLi95uLNpcCChd8Q', 11786), ('3JcbmDYGabgcCeRhFUwqPuDkTPggYAFC1o', 1067), ('3KdnS6QTs66m63ZisiyWtJC2ucTtUqqpiR', 5000), ('3NdNm1VxEjS2YMD9UF8sRpZSYwTimZnpVj', 6000), ('3QCLkff6wZDVkJs6Cp1WJEtJQdqaZWpitR', 2084), ('18LbDFdZaTVBX8Qs6T1mhNiY7ua7FiRZkG', 1699), ('3P2jCjJVFGstw9PdTad2Z2qqhwmAcxfnNr', 1507), ('3C6kA3ezSY3NATSaoPDJP2CvrfUuSngbnr', 1000), ('bc1qcpw2ldd37hxd52tjvysffvv9j64jf2k7ft24sf', 1000), ('3KwGYBaCF8r83tfHxYniiXvZCa6ZwSuexQ', 4000), ('3BEroUh6SPmogKhGLT6BPVVi3UbLYZLRdu', 1000), ('3DEP2dxD4YtPjvktiTaEjQqad3ssWkTW5G', 1099), ('13nTm8i4o3nWJoyUAKXmTnezPLjPLkspdL', 5560), ('3E46iTAtbDj186PfCxz6M7S9BTgB8bking', 46292), ('33mQGnBEjxGg9EceVamvdTxtNVLeqiAjDx', 6307), ('1MYrt53xhQ6bCEfgawHudPjaVb9pr6UWoX', 3699), ('3QpRjvFZkXvX54kY8pS4DeePnyoA3jfJTL', 1188), ('3HuESKtA2GFbtPasDjq1AEZ8YQw5qoVAfo', 4600), ('1Jo7neXTxY7wbcBwUsq6XCPYnKGHLLAjgC', 15541), ('36J2wNWPJSQLdpK4V3EMN1vYmmF5kEgpfn', 3944), ('14NQ4iCE29eRrtDph9GkTqEs1FkwqxtKMi', 4600), ('1PdsuBsgS67hGfP5GvnL4zUauBim9pSNUn', 2460), ('18ntmcRMgki4Fm35NxrC3mqYT49biJipZG', 1401), ('1CZgPiDrsSub6grTbPRvyopAi9v4qgrTwg', 1000), ('364TshdiZDs82XUsFLEQtKVvtbnGQEVd8R', 3699), ('3R13wfxArgQpFMgGCrETTqXkJxZ6tfaFjn', 2023), ('13D7Fciw9yFckHQMAeerdjM56wtsRSCnKt', 23800), ('18Dp1J6tyvrfRs9oBat2AxhAXG8RWbMskh', 6005), ('3BWrhUHGvtP9ef8x3UtGgJXcBtQD4kGArv', 1000), ('1NRneV5KprxM3bCwCkKfHw5jXpWFJDwT2s', 17873), ('3EWxHgTTzi1fht2FmbXC8yWUvtLYzydnhY', 1134), ('19uLQPGeNYW8kYrnzRVbcCnHgXjEoPDfHM', 1000), ('bc1qef0yws0ddy3aw3ym9selk3lmepcgfesx5jmfal', 8223), ('14uvSCUjfzirLGxpLdcAAgN3hu1FEjcrBC', 1000), ('3FLTqGpb64jS5iPsMPQEncpvnseRaGEezM', 1240), ('1Ks9pHC7e4x3f5nPbSGYX3N35yJ3HQDbwk', 25197), ('3MGFEXPq2zVAfnt83dTtBgDpYfB9UdFDbL', 1006), ('3KS5FzrswxFsJW7PVTBqajBDsj2kxzts6C', 1106), ('1JVWx2jtzhtd7eRmPjGKj1FM5Sf5g9GLzw', 1756), ('35R18FepS2d4PvFNNuBNSgnJFyQZfu1rVW', 1001), ('34U4QWvXKQqc8R6jSDjFPMJiog1kqoTWLP', 20825), ('3QdrumYwzuuHkLd7rZJQeKfNB38F7irYcJ', 15730), ('13uaCKNMchidfL3LURCX5vZ4zVDjUMTgcR', 20506), ('1CLa84Crw6UahFmbJDAL8Qgo8YeugJu6sR', 20340), ('3A9hQExzAYBAbKg4KAZ1mQiuAZywzyqFB9', 30575), ('1KTN5dNX61D5R6oDp8WW6h5XsjNLwHZ9Jw', 1190), ('1Med8E2S2SAxEeRj46qdAvKZSDpAHDfFmF', 1005), ('bc1qrhzuzhk9vmg23csn7g3h5xlnkmrr52yr2rgg3n', 1001), ('1b3QM3E6fjqd1dt6qMxWTSwpYr7KRC6xe', 1113), ('3BWjKA38546ZiXWff8V3ydjFain4PPA6f9', 1000), ('3C3GgDayRRFeEG7yMkeQkYA5rCysBCLBy6', 1128), ('3C8Fsfk2paZb2GZhpV8KVbq8DrAz2LxmLa', 4454), ('3LnmrLhG4wYk9LnTiw1mhFQj88SdjZjJFe', 28895), ('1Bb9cyQ5RnaBo2QGrNPecooqwHZkJDebRE', 4512), ('3QWUTdH5Pt4guHUYMsDrcK9wm4mCtNukmt', 5055), ('bc1quv3v365drttt9q69aqdrestthnhx8hlyf8dh4n', 1005), ('3JhqfjqDDWmk6KV2VBHvsYs1gjjRu1HUBd', 1013), ('13WW6HdrbYPMZw7KnVetFj48Kq4oNtjnje', 12799), ('16kjWayPBKG3s1cgpb2cwupjJpUKyxDuvk', 1599), ('bc1qarvgfku0gmfwqr8l7zj00kr8fy22dyjktl4g88', 21900), ('17ZMEaqw9X9BfUoHiVibRDHUUiNoGx22bo', 1263), ('3CCfHZNZ1Z2kS3cQwSuXSigsnryZwHZXXA', 1049), ('3LdocNNxWduT1JZAhqfCv9KBqGzC2fWLmM', 5095), ('12ne5QxUyUPkgNsvwxD5h4Yrj5VBYQp5Db', 1000), ('35JHYyFmabc5BPdFxxZJCcqyBnxDaQwcNJ', 1641), ('3LPTN3fDEEicV1guUrdVgTv7gvL6PmYPna', 5000), ('33Sc5kK8QtR8d7yKmfGmL88Zb1CqhvERBU', 8331), ('1D3ehqzuM55GRrojiChdamQiYpf4nMcCVt', 1076), ('37HfpFGAwyxvGNk9bbK1wyiYeRxRxaZJbo', 3538), ('1Jimp9MaYXSio23Tg8kYVYHTfqrXwXkZHj', 1029), ('3BuZwTysvtSjzUDP2v7fGJonWbwmJSQmv3', 2222), ('3HYEpXnUg9NBETRtZfu5dbfqPSDP1C7U74', 5275), ('3MJPgCDuVyon1JNvuU4h6Qx7EVMSygex9Y', 2089), ('bc1qtuj8n87qdegp9x5yzshclawrgq4c745mkpy3fx', 1800), ('bc1q70zrmeuqua5w9snrd39uad4hrx8cgkwykmpfrk', 8322), ('34g4zaR55rYjXCPEyDYLJfYTVbsrxXcaj3', 14999), ('3Fkas1T54dRnpUBQXBNbYb5eRkMYKwas1N', 6611), ('38jUd5foV4UGmV2wtEq9acBxH45Zh1zwPG', 10090), ('3AtaeiKRYqXWLEujpKgq8jT8kSRo1Hi4fp', 10521), ('3AFSZU5fCDQRkfBFoaGUrBwMhGTrQqUNMN', 2050), ('39vbbtox2MbWi5e9Po9iVqNQr6qkWuqUzi', 10419), ('bc1qwlnk9klzv5lz6tr4ek2v2umkdwzvgvvmmkx8t9', 5349), ('3FrWrUCz24vV1a1CfJw6pXYUZdA7BHBDFq', 29999), ('3DXgJBzoQ7EL6xpVmc8AxiYqP4ShMuoPsU', 1000), ('39VzMinPoKHjK4te1SZtHQuq7Gbq1z3Ywn', 1000), ('bc1qssw2e5p0lhk77hxmcayydsg85czrmm7ga3205d', 1957), ('3MnKk7DfoDxN91tNb5Mfgu1M7rESrLJfoi', 2004), ('3K23HvdSFadKd4SfqqApQFY5b9WhdiJjUc', 1000), ('14S8XnXuk2jxY2yrMZFLCn8w58yR49yoXB', 7457), ('1GHog8EJhJci13N13T83SLJ9ukhD1Rvkw1', 1000), ('31u6pX6Qw1d78J8Jp7pj3z5WDk6uUk351D', 6000), ('1MVVZn5Nwvnf8JKoRBXpBHzvKqQfEgmMV2', 1001), ('bc1q2f3zkejwtcskfmqefw2sam54e5auze869py2ts', 10000), ('3LbPePBN8ikzNzQ14R9zQHqChjQfTY4xWS', 1000), ('1E4fwyqZD1dUrYR9PUt48akv7HQZqvfc4q', 4500), ('3AqZ6LGGVU4q8TVBFbqtLM2sYTQ46jKhCm', 1200), ('3MhDteBXVJkGfMdyMQgnKTVa8L7waBuwys', 18811), ('bc1qcxk7gxnyzasfh6xt6zdrv8jvlqry5k46pncjq4', 1000), ('38QEpydFxQmaEn15UMbUExa9hGgEa7XN5Y', 4569), ('1Ds8UmfV2oz6Nukr223Tty2Lu8dpkyhUTU', 4200), ('3GgHVzj5BZQ7nTXaMnxFt2VjbtdzL5UNnq', 32403), ('1MY5SEU4DgZSEwMhNaJUZFFXmA8k3UFRS1', 1000), ('1E3NxUaEoxX12oAn1oriuaCCA2tjt5jsX4', 5000), ('1FhHsxSUW4hRRcKd7ynehDdWbkx2jkqk6e', 14542), ('3NJhJsg5uBQqX1B61kg2pbKdcTCXtLyRKQ', 4500), ('bc1qypsgk3s4wgg4mg7r3e292zmgg60luay4k83n0w', 3106), ('1MP99V6EnqxH7AE41GtCbbvLzs3Z224fvC', 8545), ('38ZQi369TNrY3YbxQCXj7PdAvwJqwtZ5GM', 7736), ('364qLEQAsH3rBcsCnGSdzZexf3fjGp9NRj', 9200), ('bc1qtuvdxz7yndltspu5fchsmq7qkqp0uduchh8uh5', 3000), ('bc1qqgnavr0dk0xqp52d5wagsmwq95ys6t4c87vq42', 3258), ('bc1q3f726xv0v9kdkxv76v6j32lnrga8qs6ujv8rlm', 1000), ('37md7wMDaX4uox8hPYwFHN2o7h44NSdZiU', 1840), ('3FotJ75ndzY58GsBcswTfQ225HWpgY9jEd', 22430), ('149ZWKPzpFQiEfyw8a7CtETCyy7gi4R26x', 2010), ('34DRxDPjiRPAXmyCEAN9T8pyLiij6wg4p6', 1051), ('1Ct5dV2aNSLoGCWDZXe1t2gXHkyDSwk7hG', 1458), ('3PK7naRQdSe8BgqoUhQYPFWZ7E1HZCJVwM', 1029), ('3Pyo8Dy5LT2BY3Mw5Xr3KUyiQvKz8VTE3G', 4550), ('12ANFDjmVoSuVPxikPpXBVafxgVcGm8kx7', 1000), ('1585DeMu8J6mm6su7pBYGHvJ3wDqXQ5yF9', 1408), ('33bHQUSwChQJzmAAsSapZmbQ3pQKJZa3NB', 13999), ('15GsDm3SdVnDHPV7EToC2KtmzDZtAktXRv', 11699), ('3C3UUKu2L2gx5PFfrcGH6sozVEZgbjXGPS', 22901), ('1CSgfBqoP8xU3y5oEvRdYHVB9Z7HHHj16Q', 10000), ('3CDsSAMLjy4FK35L38rh8qyGm6mQ3xbF4H', 2000), ('1Bg6xCRW8LyUArdLx286nLbWdUMNEVgSC5', 26491), ('3KmDg7HmQAwXLVK8xHqJV3gjtsnZnGEz9n', 2239), ('3Kxaw8j3gEG9aYqUaqJxFMx7kpMSMRKQdG', 7050), ('1HKxJpLy7mBe71gpUs2cG2oT55Wxvm7dcz', 19153), ('1M3Gf1baBtVwDpxcu84nGHEJvypDKq5cJR', 17008), ('3KeT9xy986QH9adY7mozTnAvJWKBPNPrSx', 3805), ('138Db94vcd5fXGk2z6cdfk7332vHg4asbf', 2599), ('1PRQwTyyS2bbRk1RMpc4xXRjpW5TQrd2RR', 1430), ('1J5v8CBvjjH3AqbTTcfuEptcckak7h8vAu', 3430), ('1MByTuDpNSwURJ42KdpcXWE1HEven7J2je', 39878), ('19MteFkZcQFoA2MgNxNiGF5jcVwNTSMVBZ', 10249), ('1313bdGxeEgVQgqLq3qumw2Vh4mXn4gDRn', 2570), ('39JpTj4huqaUzKJioGnxhBbibTvYFSo3HZ', 2123), ('3Cihyru9iZsksza5jeWYfFgnCeTQbhD8qg', 17417), ('3CTuFZaBrJhVwvjYduiYV2XF4b667tN6Md', 1964), ('3JyLrGDqvjphWN8v5fbxwWHDz65YymH9ZK', 10752), ('3Fqy973QoNXtePbjqYh4vo1pawiuVeLBPL', 1000), ('1LNrE5Tg5hbue4vKxKySJ9D6ttFwXJPjwy', 2436), ('15Vs12QvTiYpJLY1cK5XpbbRRk9JbtWXSm', 1154), ('3Fqr1etw26bsrnVKD8BfD8JAHnGQ3gu29v', 19129), ('3GVHMmYRpfxQjizeUSwEEqRKwCMhoer7Rz', 2016), ('3Q73NxHJ1mwyMzQR5Zh6R4CNCvfYmgoQHr', 1830), ('137fb9feDRjRN7q44ADB9P8ZLo6mKJ8GuJ', 2127), ('bc1qrpmwyxj2m2grf78u8pmjnn7pt673wn2a2cmuxc', 10000), ('1KWt76JFTCdv6KDkMsV1cUWW42nvMtjmD8', 1120), ('1Mn165RvqFJ8XjWdfrXnqZpUEwd8MRSiS', 5000), ('bc1q2xu684sukqw370fue9k28qlcpqj3l3huzegrp4', 8805), ('3L1pgcxKTALgx1qMFRaC1d5xGGPHaPd1L5', 42191), ('1AokUD9UiCgdg8Wc3GPS2uMsJiFugE5X8t', 1637), ('bc1qpvvyd85xn344m9zpka5t8qrl9mjs499x3jmsjm', 1145), ('3JgXHtz7xnCu99Z9QWeQc8GHE2tciWbSJ7', 21713), ('3KEnvCyiTXd5q43cgB3JkzsmsYjbDbJxcP', 1004), ('1AKtkAHR3UFaLeAnyvbrWCPwMn5NTmjkKy', 1054), ('3Jw4WCrBH9wbe3FsgW9t8EAFG7WDsuj3Gq', 10163), ('3Dmps2tCB4WR9i2VakuiYhMZrpDsbSfeCB', 3000), ('32NVnFcDPdHTyCQ1sfitsvqTuSJWEgz8wJ', 1692), ('1Edef6c3dFuKGBuTehLbQceC1H3s9WADPz', 4221), ('37bTM8j6STazSy3JYSfFe7GgqBNb3Z4mXD', 14168), ('341So4SSe37F4T8K5YEUGXYu9xpcfHWtTo', 39101), ('37WnDiL1DuZqeCiGsf4PLJj9DviDgdCkJk', 1497), ('344siR71oiut58b4ttq9ezWuzZtuUKQNNF', 17562), ('13nqjekBmsBnYTRuKpktZE2F6uq4PQz6oa', 1011), ('33VgGCjQL2Zctj4jVEPwNPzmLNMV4MQG5n', 25710), ('1L2zy2chrLyw2HhpeDXgYgA3AaCvyXrxpm', 1000), ('3N4uUq78c8deWxtm1VJUp3RTPLj94ZsKJ6', 10000), ('3Hcb6YiqWkPGFAxVGZ2RKKA7BaQpvdJueA', 20000), ('3HYTS3agR9bpvyFMMvTCySij8xspanVkBp', 2419), ('3BTvuQLLwkjF3UqmmAPV7K8xFBqA3Vke3o', 10000), ('385ne8CE9KdUyjnsCYMF7BeNEWa2sd7ZPu', 1173), ('16TcnVeTLxGRRzCjQszdgFuatqsx6nTyDj', 1788), ('1MwXJzR187xd4Gt56JRARxYPDGLFCpnxfo', 1392), ('1BnpN9SA6bsHyRnhKnXdCaMAs66hdGxhC1', 2917), ('bc1qk84w9xe0m78qu3k7thyr3wyfakcahyry6xu74n', 3662), ('3Q7gtEUZbA5tP57tmdDQaCm3NkHa7Hstrt', 6545), ('33CnP75siy4GMzK7GbfWcZncupamCHng73', 14577), ('17wN9dY6x5Xpw15oY3rTWC32aXYBz4YoBd', 12183), ('3647Kt7exjWmyAQ62i2dY5HP5fidUckP5T', 10951), ('35V6ff7U92MnGcWXxxnVMrSp7ccAqf5csT', 8372), ('3DDyE8UxC1rZgEmmbHcKMpRM9eSpbQuLRn', 1671), ('3QuXD4PWUdVnoaqqs5mAReA7FzPQZjwTA3', 5099), ('1Da9a7dY1RhrF86qHve6mHLNo5rTEjQegv', 13679), ('1D7ANtuC3uA25HpeoUUmndQUTbDR7fmPCi', 2884), ('1L9ScbjKYZrAD9wGSoZm3Ni54wWmpRqmkg', 3000), ('39Wzk5UxD2KaJkvS4ceWhmtVtH1NYZcGR9', 19484), ('3MZPE8Wf6CAxCtQNP33fenBKTjcueMBjQa', 1002), ('1HL41PoPnLmM4wnkaQ2GpJDmViQ2XMPmia', 1003), ('3D3WPT9Lf67DZrAK5k4JKKdgpmmuB3FFX8', 3308), ('bc1qtk08y8q08mf2kqux2v3ut2h30x9rar80jq2r75', 1003), ('32JXb16f7YCJtHKG3gJHLZ4N4wCengpb2a', 15533), ('3QvDLTAZoQPYrQzqwSLbYxUqoYo9LJMvvC', 2400), ('3Euu2wKJCgXmGCxMunwZY32tkWnxte1ftC', 2000), ('3444w11FHPZZoJMqR3sgoCB66KTf1ChnHD', 1805), ('bc1qwsf6yylxn437z7nsrehyjcqd207pfgdaqg3mrr', 1481), ('3DKPX5pBUjNmGkrBTJDJwkAy7hRjoPJ8pb', 9273), ('13dgJh5tC5PaJXy3M2FoP4mHycH42PRCNc', 8483), ('35XVezrCmy5ZsCunA8sVB56aY4RrhiEcVt', 1208), ('174FMA6xohUjBZNkC49DdGmYRQCso2Xae4', 16515), ('3G6G73ERqXaqEAPrSS6MVJsoC2whW8RGGB', 4675), ('3D4uJ7Em1m2uocEXK5DagsXwF426Ra2kzm', 3000), ('18RYuoHFX4tgcmyEpKP2VbE5XdvD1baAds', 11278), ('3CMgfrQEeUSX5CjvyqN5JkrLij2pvjAWQH', 2000), ('39zEBgw3cpCAMv1RNQFDe5KpQ7Ci54rNbu', 7054), ('3Pj2nspEzmVzCiMB8eY8FumVpUcqXFqHPP', 17297), ('3CeD7FkcqRn9cKrAHkh1gSXx71TyzAUpxR', 27782), ('3HWVLxoN1ZPKtfB2pPvmsnttFdS4GArHeu', 5296), ('3BZtvrXrGqyjUG9TvSSCNqthkNLEJv8nfb', 2860), ('385YiJcb7V6Sm9gjaaMi8G5UFT5Bag2sqx', 1000), ('39XB5yszrdaLdKfZ2rPLRtaANmTSc8PgZg', 6000), ('332XU4nWdq6U2yg3vG7ondjsfw32vjezpc', 2867), ('3QiwFYw2gPMisSCFyqcvLsMLmR4RMU8Vip', 3498), ('1FS7oAwh1PwqAdPGn9PTGnakTEtL4g8ygb', 1000), ('3PHU9MX2kVyNq43HZbC1ZfWUZe7PKzoazh', 2012), ('18YB4nVEuFRmbboeie3EdjUdDreyQMT4pW', 2311), ('bc1qhgytwr36k5cpa3p3xm3eve5qf87dmmwxqnpm5q', 1822), ('18yCEjoEZTdW9NETavHWYTShVxrz7MYK4v', 1012), ('37sZwxE2kHkZm4W1aYqtL4T8KeWVMeFxKK', 1000), ('3BGYRRLAwBTGNQsZH3xEmA61HtedaZnqGY', 3648), ('3QWDyXufVNjn6vKcqGMMoYjM4NZ3yFsfem', 39251), ('1HyTECKm4Gv28n4paqdgyZJAxcfPSJwhv1', 22678), ('bc1q44lapnk2ymtd4kjvkma09rrc2w38trtnz363tq', 5548), ('34WgtXhPtVQMavxyENB6uqRPGaCbRy49JV', 1099), ('1KB8N2wAuuYYST8YwYK2kWtLVZGtLKpAfX', 1466), ('18G2GShQpREPBvc8nQfPKHHCVjxqoDhGeS', 5000), ('3FSyxnxYSrMBvbmwPDBsFfjkDKJtdfv267', 4568), ('13MHXkXHDkhquFy9z2UoQd2nQEWfihvbwR', 1000), ('361YLJXwJEmUD4jVvRR8tv5B5gVeTXz2YN', 1870), ('3GeQoHcX6VkRiZ1nKXdomtx272CJobGamg', 1458), ('1CFsG7RLzf3eePP3XrofnjcanuqshMGKwk', 3000), ('3M43QLBBX7ErrqDB6GFncPMHczhAhN5nLd', 3139), ('bc1qys66msjks924d02xte9qamxz4xn7ygn3v7vegj', 1500), ('392UDYQFfYQTjBmpFUCKUs3tSN9bf9bxSB', 2680), ('3BETBXs71t734AKk1dfsvhxWLk6P7HLn2T', 4555), ('3QW5SrLMiRJGbyUFR2cFq7tuAHCNftrUrX', 2016), ('3ET37cZH1mUaZswgw8UqCKKZmc85v7F6hL', 3783), ('129i4iE9isAYzgchU5vzM6STuSsC1XTn3w', 6423), ('18ZNAnhTdNdqop9jz6X2J734hRJuv9dKYF', 1913), ('39ec4DXqycrobP9zmjKk7H3kof8y63Hzeg', 2000), ('3FfhDsSjiUtPTGnLxuoLHuhDYuzZWskH45', 40244), ('3Jx1Zc4YM3CzfjnSBKD3AdPxu7PDye91NH', 10000), ('3MLpwGuQpQNBF5hRhzky7mg7LaPeQfdY5y', 1000), ('17E1p1MB1G26pfrAtaH36QUhZteoYLMRmZ', 1200), ('1NeqhyTSAD67E9Er1QBks6La7tWDKVmVuK', 1000), ('3DsWZyiaZC42xrw7VL66QhR1yRVfQZGrq5', 1465), ('1LDBB3DNuC84991WdGWwHhRfyyYp42jAr', 2674), ('33J6FjfsZKvofyvCVBF95VnLMXmKN5WuwN', 5000), ('17u3mdb5v6HLFCxGUPN34gLhVnGxUFe91V', 13866), ('3DQbmEwa32GizuaPvy1Etx3vNRpdpMXmdD', 14864), ('1FQX3CB4kWJ1AqT562wnS4e3FdxFtf6J4G', 15670), ('17oDFbgchGzrrGsfgyc7hR6xRzz1wimSLU', 1000), ('34EN23cFsXckkhhGqKDTLvPSsRk8ZChruG', 1000), ('13DQ5UPgcFyymf1qiNyLjFDjW32DQYnwNg', 22770), ('3FTWAgNRnCQkM9yU3xWzFZZk8HHywcak2z', 26610), ('bc1q9f9u2j9af6c8uelhknvlmx2hce9hjwjy85suc3', 1089), ('3Ka7mXAkusNQktCS1TFwVDogyKSTCL9nk7', 24190), ('19F9Jr5DDWjUeZsyKtaX6JkBFSraWMR7Re', 13960), ('3JPmNz3GibqdHspp63bRRsDXJjmx3fzHQq', 5399), ('13iuxbSVNq1K3vrWUqdQbCoq5FGBZ1BAMd', 1397), ('39WnijSL1ZuAvGtb7X8TgAWsM9tkW28ZiH', 10509), ('3CvxZKeXyjyRkQiqnazfTA38hzJGZsXVNE', 1000), ('3KM46ffVJ1RyfAapQBb7rvjogrXtDXzR7i', 1200), ('1MRLNgXDWMwKQrnzKMgP4SThZwgjKGhFN8', 34999), ('13Re4UThQ8Bm1wzKfGP6DeC5WWQpJMzipj', 6899), ('3LfJo7CPxUYWjVUv7HauCmPk46s9XvYZZ4', 1299), ('bc1qll4x7zxw4mep37dnysuzjelsyh943cazsytrvd', 2000), ('1AKNwveHMZWLURaZEMuSJiiyxgaM1CJtq6', 7589), ('3EX6Zu2cRzzzghNLdoZeje4KbQPjLVM4LR', 12312), ('113N4zsUw19tBGMmaDxG6VQTFDDCufvLEt', 12470), ('bc1q97x3pm0lhnw5u604kjdxnexe0gjvas9xdxsffj', 1000), ('1DYiDPYV9Lu38g5zZepRvKve5sXs29crhP', 2517), ('3KJnc3sgCtmNU9xhagXnz9vqpSRxmzG3gi', 1005), ('1MjPzaW9REbA7VUNGuKfs65tzQGu5pXvvP', 1764), ('1LLXc6PqzqpDBnEkZBoRhk5jf3LgLDqert', 26207), ('37sswzuZDDhf9fvRWUduUdHqJ792Wmgbus', 2000), ('16fqx6FgynR38qvJJcpnroqVvjYJYL8EmY', 1148), ('1KwcrUYwBmyZUwtWntDVVi4qA5s6DM6knZ', 3199), ('1EfM51VRFNtRoJ4g7XyBwJF78b75ZHnyDh', 40000), ('1NDqqfhKfEX7UxGhRiemKzxossKoAR1q9X', 1214), ('3JEMbUV9MRk7nGYap4mvBCPvwAmNqtr3xR', 12000), ('3KyqQk8hvLQMsZwXxeqJZ1Q5AyW5qZ5Ajz', 1051), ('32N2uK5YayqTXvk5e3TZrApRDoJTPqkeRX', 12347), ('18SGW7byorb5R8He52yEuucPP2Zitv4Q5E', 17051), ('33TuvN9U642bb44drwBdjbwmNMe4HVZ3Fh', 1419), ('1DQYZP3tAHET5z1gd5JQgqH2RpQjofPGxY', 2000), ('1AzY7h38vwCR7GtheocfEz5CNNpGBE8zA', 1000), ('3Kin899aX2CpPNPPCjd5w1QCas9uQgZEYu', 1515), ('1MGfkqXRkGXfNAgcctbJKf5f3ynWZoyfE5', 1000), ('16ciPzxD6gPNJ4yFC1h8XHe1fPZe2kRy5k', 10391), ('1KGhijLpah2BSgcCpnuuyDmfmxe1ZEHZcr', 5000), ('36JqxaBzpBfzMzv7FRe5XqPLC2x1foAZLk', 4000), ('3AHdaN7x2fkMG954AUscLpJNYgeDu83xxL', 1000), ('bc1qj6ajmrwap43xsh07rzgp65kujlmrk86hd7ct8s', 2087), ('3F6TUPrZNgVrN1arydsNDGCdBJ2yzmhz1r', 1331), ('1iFx9kN3UMVjxF94HipgrRi7scgGdBsYp', 6000), ('3M4j65djE1j2NTQbJEqcekChAPo5Gr2Tr6', 1669), ('321yTHcXFFKcsTxvgbeJzocYd5jjPVhpyy', 1013), ('3FrnbKpKxkBMaae5xMQoCDJFRFw4XiQ95q', 4339), ('18NHP22sXnf3qVLnd7XSY354ZX8opLBXCj', 46559), ('1MwitPuCytAmYGPH1adAWap2SvGHBULMMV', 4000), ('3NpAhS9rfmjRAutFjyGqsZRYXbBPfZLZGY', 15200), ('17TQkmQWDr7imRSs8ygANLw8DdeUurUMRs', 3499), ('38BKw9HAUh11QnpfYVPdufAPiFDsGn4sRj', 2000), ('1B4a1J2gWx1F5qGJotMZ6CZ4AUv2C98Sf1', 2000), ('35hQbt3G8Zq6UCc3PyNRLx1wxcQKeaMiBm', 10000), ('337Vhue3uUM5rdspp5fePDe2U4heJXunWd', 2669), ('3JTK4ueceVXLec9YWKyBqzsbKR66wB1rvu', 1000), ('39fTCkHR1J1cjwRAMJ8CHLFCKNhyjds5Df', 29999), ('39hjLUgHJ4R57tVSRQgJXCDrJxjtUZNmzf', 1010), ('39xgHMGYZU3SwcDAQgrW2zBAjkbddFfzVj', 12239), ('3FQQ7QQCSACadhhYbDXJ4c2rDrCn2LfG2B', 2012), ('1BVyQ12EPbPBbJzTmrEUVXviGUE9opLeof', 1373), ('3QY2QttqqJV9M2y4jgm8B8Jgo9hzNQ4m4E', 5000), ('34Lh4aMHKvsbP8Gr1nziHdxfzLurnAHVyx', 1000), ('3L4dT5KnQKNUwkgzTnE75W7uFNYAECpRym', 20909), ('3Mkk2Tm2vQdwWbhGwkhxrDstcmqFD4H98q', 2000), ('1G6Le9VRUKZ4zmKgg26G5S2UhEEP39vGE9', 11120), ('3DxHac1drG3yvQrGgzWBfgmjMC1g7sDQ3c', 11927), ('bc1q3q2esfm605dxgkl9e3vhwx4hafp3gcyty2n6ju', 1009), ('32sMY7RjUdaKgDjhc5xBLDHCS5iCTa12Fb', 1369), ('17odsacMtbS5YFaL85yqhQ1RSUy7fM3pzm', 1412), ('1D6USPnmhnQzWm3VZq4MugRnuMBxto2KHM', 33026), ('156Jy5JnRi88htxhBSZKBa5ALt27njeDR4', 1997), ('31joJrUmcBAqSynh8ZQt9fTMoBapxpQoHA', 1690), ('1KegijRe7dKRniwLc9ZoGc6QhS58NKBt95', 1000), ('3MqQrHZp2paDcE3nYjCDbtG1Hd9YAS3VRi', 1000), ('32pF4J3FGwUiiWjC7vnZF1NQJ875kpf9J6', 1010), ('1JER5MLEPEYJhAtaiENpkR1NjMu8sjSJdd', 1000), ('3APQCDbR2ksqxdtFmN9vVAJ4jdRDx9inJf', 25279), ('3NsQNGW2tMqoopPS1ju2UPRjfj5RYHccTd', 1209), ('3PajPaZJnJrBfGotHZ2uu3z4yCKsYLkqZQ', 1002), ('bc1qyx0vl008kugwynjz9alm97u9qs5d4w532lr6dq', 23000), ('bc1qfy877cln0namtr0pjd0htrc0gdugugy5cvg05l', 23791), ('1DQSorxwBQrxBkBZ2Nre34ZG6Cwdqgk58d', 2000), ('363v5w5KPNQLiNg7CcGiRfaeshSdt91Kew', 3772), ('1JfPCo3B3vUpcRqVdDaG5PLFscZvMJ4uAu', 1557), ('3LDjsodoTmzZ3qYAbtsRWWgB3d4sRteiue', 1239), ('bc1qdqfcjnpnvdz8ue4armx4wkfv8l7j6hgghq874y', 3809), ('3GHFrBB7j1kLzgFnDnoeNZ2z7UuMuZjwGa', 9396), ('3PipVfBreyjLzar1MaLqaNZcZpZXWP7udr', 37614), ('3GsQYvDUCzvKbScMTC9vBKVt7NDUQ6Vwu3', 7677), ('1JgsZJf4v1puVGkcn6sJPPiJQ9HQjRGf9Q', 1156), ('3MMrwLrG3YYWBqgjXjCNaQSwd7PekSnjio', 2267), ('15DNnDJnFLxwDW6emKHt6kmNZ4zjYzqe5M', 16656), ('133LmBeoo5mjbet251fACBJiEGPuzBzJuh', 1009), ('124bgYJCUABwnqnoX9cwRuDH9QqXmtNqzW', 1431), ('19iF5pK1X8NQEhFupPgvLp1gikPxGF2gsi', 1000), ('15wktVnjhBNRkZJqCppYzXWdATXziF9qJQ', 10409), ('1MLVCGTUXgGWPEV6VTtGZ3dmkLxFfLQw6s', 5059), ('1KiQXXPMSUoWNHRwrKqDRkpYn6S7KeLAzY', 3220), ('15DgmRMbk4g51nDNKQu9hA2jcUiejCVUas', 1705), ('1DhAd8Fr3F2SrQu3uWcyuZ3wCgRBAyX5kj', 4000), ('35vscEQ6cxH3YiFQbWATcDQFF3RLK8YdGk', 1000), ('37h8Xo8fWXiWFpd5h2TabUinBHnvjgd73f', 4899), ('33e98FkZs3U3ShK8HL21WVfoofFPLrPrd9', 17269), ('35VZQsxvkpXdmFZJKSF5Fg2ji7TZ8Pry6j', 2000), ('3HX6myuo2LMCNjR2vdASFYwwuK6wU63Jpu', 2198), ('3Qzbg33mdPub2bWxTLtngj6MD5sXysSDyv', 12219), ('1NZ6ZV3BftNUNjYQ9VqAQUgq2HunVkpADD', 1104), ('18Poax8NoTx9wVgaZ6rCnnaFRNaFsW1fyU', 1122), ('bc1ql8enhjtsek3svq2gtlqvvfvzzaqr4wgzm44zgq', 3670), ('1LdGva5Spe42eyKBzbqhBvEn4VbwaEW9yK', 34852), ('35zfxWEPwWxaZ56R8Jm8ugKmr8Amt42Qgm', 15829), ('1HBijqGpAmAoYQgzhctTiATwugcKqTV52q', 1000), ('3Q6oVC6nB2brwTLnd94Qk6pMSYyv7Sqd1g', 6972), ('3GkQuEjrctbKy2RttA99KVf6B9yStHeWek', 3656), ('19i1ADp3CY2efY1AcQaD93isCGAVJyq6z9', 4233), ('3LNNrg8p2otGccmaxjQiPuf4bJPtevmV1r', 8226), ('38PzCWLSB2NTtQTj8obYQvnWfwGSj4ndXi', 12999), ('3LiMnYk6Em7eVNSPavD6dpLCbSHAtDWH3B', 1250), ('17X7DZdc4dewMGdrXcZ1c3By5HZV1rMh49', 4017), ('19zJ2o31XNAjvxQm8MDSkAFHGJr8nG3Hba', 10000), ('1Cedh71Ld73X1sN82Fy4Qu4CbvpFJt3kYr', 8050), ('1M3VEvX3KGtDNdEY7En43SLN18HSEQP26', 1252), ('13XK6vZ8LHwuLLWUqsdRPUMjhtnVGRT7Lg', 8584), ('1FoSQSm5M4s2RakYP4XhY4QdqZTYh6HW3r', 2223), ('1FTtTv7SAsrcQGzNjTVXZkDG8XuNKQgR7D', 9000), ('bc1qm9e899uvt0445gmuj3tfqr8j2c20ceq6fzmmf2', 17977), ('32gS5kioafNibs2rKJKZKLD7JCc1eu5ENR', 4233), ('bc1q6fupelrktw2fuusqyrhpyqzw7fkcxga4p4cyf3', 1117), ('3L4XsY9g5LQMEj9MkQivQCeipiF9ctvkf3', 1000), ('3ACujgsmDYzL739jp9n36U4bkHtbbsGQrq', 1036), ('181J8BszAWAN7K1BsatsJBRK9yddNCip6N', 1075), ('3MfQqwSStV8EeLRTX9RCrUEJ7mp3qPLmuu', 1001), ('bc1q4ar8yfp0vmh8exkql2qkxsqlkmwv5k8k6kkm4r', 1029), ('14t9QuqTBU3dJ2GidQijc4qUFes9ozYmjn', 1031), ('1JquZSJxZaXxonmpd8fCYgUVyW94ovegjF', 2199), ('35UgB2mbqKnnFT48ywdSPPzbai1zQsdG1s', 1777), ('37wyojcPgjSTYYAaJFSbJEUNxEBqzqfHT9', 1525), ('322CrVGdCT9wGLzVZcBUvQNcbZ7zX7vEtt', 1500), ('3AGJVNJHpJgvkKyro5UmMQuCuNfCUH7G5o', 5035), ('1FnMhFapeHQebUdbJM3TnrXvJDK31JnsMZ', 2000), ('19Bd1tMqbgWuQtFjxc1T8DK6DBDattaox1', 1398), ('3QVVwzKsszMskfeBaUvHTNfPWRfobNfYYz', 6389), ('3GWEXtzn1Kx4LNCDKASgqcje4bfe1qaxNq', 2118), ('133h5zCKMfYS8jCUsYayu1DREMh7dBjRcd', 1699), ('3GepfeBUi7PUqLkLM5qsiotZF6VsCyYhux', 3488), ('1Fv5amFU1nf4TBWJy3a3Z8jay9AVCM2WhY', 10000), ('35eKz6SYjqJWjXYXief2EBJ4ACdVcLrh6k', 1000), ('1EPQMzAU6c3ErqV1R1wjWSRcLhQiRUaKL2', 1599), ('12aTnXg3MWtzhDCky9RUfMyBSfWxMLw97d', 2082), ('3FdZ3wny3GR1VqEHBrfoRcRU1vZxtcAD6E', 1000), ('3Hmca8PP5FPSQWtv8pw2o7MUybHFozFTyS', 12599), ('3MTqnZodGZVxyUVLY2PXeQ6SmLF87ivYah', 10000), ('3HcKhugH8drzxo9HVuZrVzPmftVPzoV7q4', 1259), ('bc1qxn7wxeq3vq9q2j6s2tl2vxn82lh8whzurcqwsd', 1234), ('1D4Ds4yoxhRYuAo4f4QUyTY5Dhf3EZ7KHn', 5000), ('1AyokgiaWyKXxCc2QW9q8vjWHLA9pXrYdH', 1000), ('3GCeKp4YMvsqR7CmeKsNFpUKqoeMvMVLP2', 1000), ('3CZ89bSJzxk83NBTv5Vdxof7zrPyefjAvs', 3826), ('1E26LjS5VpaboHBsDAv3ghoJtFBcTJ1v5z', 4088), ('3ER4huD1Kt5Pbzy9uLTE9NcF3hyvekDH6C', 2135), ('3L9LCzzpkpLcVFpR7EZqejfcjshXAMTYXu', 23805), ('3KCW8e4yephsHzdwvKHZKxwCL9eYsRybaq', 1089), ('3K6Z7y7c8S34tULRbUPNV4KEV3sDygovzC', 6614), ('163dsLcZgGwtfYuxEe2J2poG8P1W4uZg7L', 22816), ('1KqDZPaBeic6WDbGXSnXHXoMjP5Zz3Tb6r', 33512), ('1JnN3z8XhoMhLpNNYZxZ3BRyVr1BVTiofe', 10704), ('3CBSNF55qaNdSj95BPbKqNgsfcgYC6fDKH', 20311), ('bc1qurvxaaw6xlhud05temmsj9c2aaw388m5apd4t9', 13830), ('39nqq6Coe11vpCwEeS3wm59SRJo8uwSAVc', 1311), ('bc1q73jtpsdmz2n2hpgqjcmh8x4jcx97s5mew5putc', 1824), ('3Q8jCxUn1eDjbaNvE4w7KdGg4PwkfGxEdH', 20000), ('3KXxYHgs4ndvZozFDxdGWybZGWhdUjEfwJ', 5438), ('32ZMRNJ4Xf8B8HbJ6dxhtRidG2VmZg34AB', 48298), ('1HxKiLA27sqJJ34SBZvFMbRvNRBroNvADU', 2332), ('3A41AxaVXgXEwqb1VU4kYNdWzJaT3b6mcG', 19259), ('35UvPKg57pKNhrofYE4Vpx3FRAv3G69ZEx', 21280), ('1PZNPvJdUGK1raHmAwv8cHrfw9k1Fo8fpH', 10132), ('1CxUiLc1YC4FSD1i7ukP4hbMYH7QA428xs', 1586), ('19i6MypYwMgyWKF3mm6g94eoHSgfGt4vN6', 29999), ('3LwiNwCBjkeLsV71MuCeGKnegZPmySHxuG', 1172), ('3DxooXMg4mgxzwwaHXBg3DFG99ghWsYvar', 3000), ('3649xjFjejJdnbzW1Fvdvs6RAUFvf67x3Y', 9000), ('18XHiCyguVJWmT8Nfg1ApiiZU2myjURZUz', 9864), ('1Nmn9yWN6HPs3BMP5hjQzahz8jDWbQnHJ1', 3863), ('1PTpXzv2ktEcnFZyzU2ajzwmTAqCjdjGoY', 1000), ('14qN8MMHLvgfAKfndCFXfeSQyLW2Y4pfBk', 2275), ('3KtUG8NhSTqPZWseH28LfSgSjo4DzHHjoR', 1000), ('1GtHAPavkSNE4XiseSfoc7JW4DwxmTZ9QE', 6216), ('3Kvp1ACjNVLbHZoJiyn4LHVSEErYGNd11C', 2763), ('3AAyjAaZhgSbmNzuZHFYiy37EgbRSbNRRS', 1012), ('37VXrNbq8q4xZcH94WtrA74ARNuTwyYaAn', 10675), ('3Ctd3yQTnQLDUBXc8jKDSmC4ATz7iR6ZMa', 4963), ('355eL8hK1c3sgJxEu8qMnUX1u4zWBARyyB', 1012), ('33gsG43QJ8pYHqfhZHheitFTDX25Qk8wqs', 4052), ('16KkrBrNt5dKp4q4HTE6knNDyBcyEbMmHc', 5603), ('3DVPb9euBqi8K5V4LeB73sozKwnhu6pF76', 1014), ('3BLUk9CWCGkgzTYFidgfw3WX3NYj5qktNk', 1160), ('1LhdciJhq26gSsGbFU1kqj4bidqv1tPxXV', 2557), ('3Jzxiy4iqyCn5oXRogr4xrrr8AAzoEY12h', 1007), ('3LYm3eKLxDfLNVj1qACciUc9n5TKzvbqH3', 1200), ('1MB7dVGAhp9WTTJTqbVBTGDVZz7mGd3vs1', 1090), ('1AfFnR8xkaAifamBCrqvys7Yv764kJC1QE', 4000), ('38aGHrZvMWD6k5umgKGPhaLkkcxGHvBDNp', 1155), ('32SsE9f92PLQHy74u8xajnr7YHikfBbwW5', 1000), ('bc1qzk6f2xq3zvd9r4587chqe99kqdpxgftt7ds6tt', 3708), ('39JL9BVF8sJaTXu2bJQACjJoKcc23F816d', 1000), ('1H43P3wpQGcw2sUcnXGBcphvgU2mU8DdhX', 1561), ('bc1q5lgurkadlr7ny2ztq7chu4n5gesvhcsag84uxf', 2799), ('1L9vBbRgJG6begK9JbjkS83wuNEcnd6xua', 2540), ('1FvedfMgyQxGxukHQLwNq3pbE3MKi7vzbr', 4073), ('38Uek8kNTTo8jTzJrz29KK2EfX49X9Akor', 10000), ('39wR52g2L8znedh8SjBcUciQMSaQxqquAt', 4118), ('14tKgHGcZgudMwW7qff3KNWkevwFerp8fg', 1554), ('bc1qmjazz4uug70y5x323gnkz04mahklvrr2qzypl2', 42246), ('1LCW9FhE9EDH6JjNynLwaP6TRZEeDVMFJ6', 6250), ('bc1qurkucrsngkh2y949j8egjxk8nq8mwdx0dhn0n3', 1090), ('bc1qq6fvf3fa55thu4z5uumjka5x6tzzdcy6v0aj90', 2095), ('bc1q8m8qjdxwrd7zljrsm2jg6a9tmccdmdl70v87px', 32414), ('1GvQWZCdFDEFnkDRsArJjGCrHmd3gFSppK', 1139), ('3DA5FTtVdfuUEErHKA8D7WHtrirT62e8oa', 14777), ('36ZpNJ38rm3e7q99qcaSerhWK33uvJoQf6', 1220), ('1AuiQb5p11vvHst7k6aQVnx8RQYM7zxLDs', 1450), ('34h3sR7WicJDv6LwiBPXNs5shXLSx23bpn', 1002), ('3Dujk7ATqY1oVqbs1QwraJQ52cUC8rMUh5', 1790), ('19FX4qnoFmyEoburHiLRCHK1V1BQtjqTzJ', 1698), ('3JwRzKA2kdpBh4dzr5iXFJ3QSi5JrSGJop', 1130), ('1PrS4atgrT71JTbpu5SYa78xt2rpyDxjn4', 1500), ('1HSKpFma26Qk9mco8mK4R2wiyEDZJ2URK8', 1221), ('39GSM4ysVd2MRdsRQAyGXMojkkRNnWz4hm', 35783), ('35NME7bYzzjj8kFEhts9LnFyKqdCpLfv6e', 47730), ('1GkacDk53vVR5BgfKhvchXqau1TL1ZFE2Y', 4000), ('3ASPhF461z9neiVv8f9SmBsDwJX1VefeMk', 26699), ('16Vuaz3n5pbHgq2YBT9Zxn8mNH3xyoiNX3', 2046), ('3M8RpttEz2kDmsGufFxoTms3Ve5n1WAKfk', 40920), ('bc1qkxcpmluw0gsysmxs04uk0ww9paxdvn5kl2qza8', 1042), ('1933mSc33rPhz2tyvi4uMdaSMGh8MnYdaB', 2614), ('33NRE2vcbb9Po28VgGc8m3N6Ph3RNi97CF', 6098), ('3J1UaBmhfedZM7Czytn6TpSP5kQo2dtr6p', 21350), ('1CnfmWg9YcGJ5sXQ2wMVKaMjJuigks67ip', 1013), ('13xyoryg2xBmWt7owJYBp4nfd7pxijS1ht', 5958), ('3AsHBkXrL8tk3qx7FsTMaBbBrszL3GsrNA', 1299), ('15yEByQL8qPYxXCe2eZLtXwQqKK9FUkCQT', 1278), ('3QKM73VnWr4yqHxBQA7mjxScrVcjSbijC8', 41686), ('12N6N7WSCooY2txarB8WtCHVfziE9En1eU', 3644), ('3EWY2pp3rXDGSHiZcUYfUMWd59XFHHi95A', 20000), ('bc1qh7egzzlyus2zpnthn4fzxlqfzetfl0algtzml9', 1023), ('1MeBDCyWpVNFeXZU7876JRRZ6QgYDMfrUG', 1200), ('3MWmcY4TVjrWwkYEmBrArp5PoeJT4yLk6U', 6347), ('15ygDvAZC7aeBiacfDfvLdTH6kLwatBGcA', 4678), ('14f9FwYSYm2G5LySGVHKV3M8Jd7sRpQ7u1', 1699), ('13poscWxLU27MrqcydRv4Dbr7UbvsqEEiu', 5010), ('3EjSQciAFUmSN7vjmyXyXm16Jm4tZAr1ex', 1680), ('34wvGveLMyqgntADB8WVNpnuCbpjZ6t6D8', 6867), ('1BhY6df3Hv4UJoUpQAfGnjQg3H5wjZMLbE', 34255), ('32wEcurFV4MexF7Zn1mAnBvv34absJs7YV', 1430), ('1Hk34F3htpS7LQL9eR62YesFVqGVJdMhbk', 1026), ('1AbMrbPEb2aiKbh2ut7jjBsdewZSesCXip', 17164), ('1NQkXYhBaDsA4qNCqH86Q2v8C5BnMi45vP', 1186), ('1Lm3gn6b6NEKef3tJtUdnTbpmMih2p2mhM', 19288), ('1Fc2Z5Gzan4bGqC1nnPrYeTNqFFxdsjxds', 9280), ('3LqMacsS3X2gxToUfAzBkaiVC4MikSvrhV', 1113), ('16uSbXZ7iDRSuXmJnfEuLRkM58jqAvAcCW', 3939), ('12YmbYs25PWuv2aPtyFdvaQUDNdqUBZdMw', 27000), ('3LTfMFnWNjiv1WkdW63dmYqedx7DtKbuuJ', 2462), ('3Ksc4Bbw71C8w8niNWu9oEsd5kBjwLFFQC', 5641), ('1KLhpabfAxbSTJiDNV5paZpFmJDhonfonq', 10000), ('1MN9m81meHHTsCDAzQy1kZRWHcSUyJAC4c', 1595), ('1F7jkKqBqhQWx5186Q3JqbJC6b4182BRT5', 5000), ('1HuUxFvUonSbxxZPBJiD6fK3uCpdvVKKpJ', 40499), ('1BshpFbcFSS8AejXaMFbUPnad4WBiQFYaM', 9095), ('1MrQH85C36FvTjGj3GhPFd4mog63SaMPuE', 1079), ('37r7ic65uPUX3Pe9F7HPhBYoddicKHf6Qv', 14448), ('3JjE5dYipPyfqTfvt6bDfuiBU47CCmYVd8', 1159), ('3NkG11EGvQcsNvok4Y2uLTWZYYKYxN1GcL', 11322), ('32EeUw77t47HtfGVwRuriftoUyYAkmqvXH', 1013), ('1Ctoxvn5EgebaUDSz93ZYMiwehuhX87qtS', 3211), ('38WBbCzKYR6SDKKPeu5qrSikQkMMe5KXhd', 3000), ('3GtGnEcxyyK5YNoKyEjjrmKNEcFhVopP2E', 1900), ('3MvXuFGPeCQHKvoiMm936PjzBjovUbEsuT', 1858), ('3HyGSzSQqWWFbXYK5hVo5AZTYKV6SFMWj6', 4161), ('bc1qjk7hz3497tq7l3jm76e3yv8au96dn4u5u5qwza', 4000), ('14mpvC1zpZ33hBvFG38vCuYWh8b1wVZ2r5', 27999), ('1PeY7mAFUJLiWkPAdTyidT1GZmEJ8Y5vWx', 3155), ('37GXAH3C7gRAfzjkqxRupLG86fyBcF2P4d', 1000), ('bc1qj8zf56l8qsw8kpp2wwrdr3y2yqwngn9wessz92', 1016), ('3QvPFocp6xuJvLrQSPaEmfV45tqN9qPepi', 2000), ('1P1dw9aJkyY7JojzoztAxZvKbZXJuNh9BV', 20820), ('3JSrEa3vEriKMnjmUpKxee5HpAKfEoCRKX', 18499), ('1JCB3VEkakpBysNfbQpq4zSNWYQpYC9vts', 1047), ('1G1hoqC9T5RT8oDHNH2Cvmm9z4KAgJ4vgY', 3195), ('1BqwYvKMZWdti1K3zJa1iMoHt1Sau9dQbW', 10019), ('1P3k9HWBx4NbvY6DWoU9iZCd7bJRTc7zWS', 3728), ('14W7ACXtFZ4hLjFMsLtiBr3BRnzxdyvxia', 4989), ('1EuptCVkT5R996T994LzV73Rs5PurvJqPa', 1000), ('3DgA4YAZgYRcQ8MKRsFpg5CQrYXAectpRs', 1677), ('3AfBQPTYfLmMc3e2fTC8sBxC694Mx3FTWa', 4174), ('3Ck4u7gjww9cU9xcx9QuXfPq2VLy8Hun1b', 1000), ('1PA7PZCHKf7jsdv54WTbWoGVq46DR5WkJK', 7388), ('13TNkKapEfBEh5Z29Hz25PPjY5znJkdDQs', 20689), ('3KgnUVLChnbYCp8qhAitZZu8PSRYGg3Z3M', 2116), ('17UaN3SwH9itwNEpnpvYM4J9kvjVkXAWCB', 1005), ('154XX5MLc7m3MSiLSrDQhdj7jWrjo6PHd5', 4076), ('1L3w15daEkv9R5nbNz9kHbpUffQ5wybqR4', 3712), ('3Ge4wPd6WNr74EsfJcrg4E5jDg4Ce8fzRN', 1000), ('3ENnAPfSqMVBTzznSPQT7Z6cxjCShomh6R', 1639), ('1dn3TEbXCXJqrFScnrTntWEcVMU6eiepM', 2000), ('3HgC9ESfx2ZQQNwqJoebRPKSX29LqfkCXD', 3087), ('35zMcKnkdfY177in1ZCr1JTgBd5a1Pg8Hu', 6001), ('3M5d7iqPTNxxMKY5b3LrZU8uDy4rAVTR3i', 2000), ('1BZkHW9oW8Ap9F687oW68jTXu1viZm22wz', 10000), ('3HZk1aENDNQu4TsskWpTeZJFYuV9EFxu2G', 1009), ('3NrKynej9qPBtU9Rz6Y74qbUsQTyb2fv2h', 5039), ('3LBeJDbUa8KBXwF7s9jDkWCwbFvyzSW6Yd', 1000), ('3B1CyVUq1V4w7TpprCPsz8PZMwgVd9FD2n', 1280), ('3CgNXyzX27kDFc987bamR1GyyNH5NEgib9', 12029), ('1C1tyPJo6W3p798PJkgNhodDdwcUwFfKjo', 3903), ('16FJH5NpjwnEJqxJipdiWtoMjmLnKJz4Nh', 1000), ('3GAyTME7dskJJiaZWSJ1RVfVPvruoGbV92', 6339), ('bc1qc434pupc520w85mpcqdsdpgvphj62j5wcxppyg', 1000), ('35qpoJi1TgNTZsL32JAm4zw9EnR3ageoya', 1000), ('39tu1XSYPYmw63WaqahhRLy1ps6g7Nxia6', 4720), ('3MwdZUaZFMVdAz4uPuKeQ6o3xhwqLMBRpD', 15793), ('3ERCkD3LzD9pgDAi3qxcELuYHJ9Jn3b4Pa', 1260), ('39Du435TJUF3PFobkYNVuZ6f4iKwRdf8sF', 1139), ('1K7PkqDKmkhKrRgr1Q3qYu4bgcuyg1zdhZ', 1069), ('383EzA7K3s3E7pqVxjMrBZwy9WpSNYDgHS', 10000), ('bc1qh6wh7p4r7s66ctjxt4q09ky37dqalqlv0fr4ld', 10799), ('3JQZ1TjREmQE5rMLwpjaizYkFcQARF7xCZ', 27920), ('3AhMMVn2JfwUyESgKeRTRgPYyDNUEZYYLr', 4648), ('3KdPHRCMBzKqTKUpWNQzpz1tmWmZ5rPpea', 1000), ('3JucETNz8pLXR9FwJCFgRsecg5da8axqnd', 1120), ('bc1qdk3hgey7phgmv9aquy0t7yn6v8kltc47ne0esj', 4386), ('1NwqpV9aovZfGrs1yizEpMQ983KC8T3XDC', 9161), ('3De9GwFnzd7pkib4uRD5pE1qWt4JNnKypF', 1539), ('3FM1E371sXnNxNxBQrdw834SRTpsS2KAuN', 1733), ('357kN1D7Ru3HWcPcSXnVcXjkVQVpQKtgJE', 26456), ('3ENrauoZpe7oPAB59wDSgYi332Md3YntLB', 1369), ('bc1qlnqce9qr8329sa9hwk3ryxjf7zavuenekfez9j', 1171), ('bc1qag3jd2v0vf9v355q94puxhf8n9ucpjkrr7kc72', 1032), ('1Ekf4r47142BGCSjN3p7JwBa3zZU3Lew9a', 1270), ('3CwwC6jx68iGhzrkkuZMzwXLj5eiW3Bcqm', 1000), ('3AAuupekPZry7vr8RtchkSKZ9Evx2kzNeY', 3245), ('31i9inh79xFUphfsspJar8b9ZF1SMLzwGj', 1399), ('bc1qghjegu74rfx5fw5uum7e7ny8fcdethk3wy76jd', 1006), ('1B6Do4L8B2e1a1T2f1fc84J5HMXD3rEoiK', 2029), ('3M7syDdvgN6jeD5TdwAHEjrz6umetq7dDY', 19907), ('3HGfmWa5wU1ZcJrD1TVyA4YaF2cyg1kEAF', 1011), ('3GYV4XyXaXZKwe9i51KRBzv1FSQ1Bzskh3', 1081), ('1PkknsPCNb9o84GPDBUJp9S3jC1BnEzUbP', 1476), ('135sL7R7aSmzuj9YS7wZZBHqRkA92Y8jb5', 1000), ('1CECkUd41BuCjXfhf8Fgmq71FWH6PEdEx7', 1000), ('3L2uvfJY6hEv1pXNy4JjtRWFnQzbGx9zEQ', 10000), ('3LMg9Z8ghz1YYG5vEC7G7reduujUz4yASs', 5280), ('3256THMs1Laoz8BANKjQtNbJox8sTjuHFs', 2000), ('3CBRAzyohs4NJ9WkRD6BAZxpcNTfSsg3jV', 10000), ('bc1qeu8rt6xs6wvazqzn0xyng0gm0pdnptj6tatsns', 2587), ('3GFNUdrk1yLWvXoMdZADqf9UKXHTpGKGyN', 1762), ('1KNhrPfVrSxP9QqM2imVsxKzcPFB2MttML', 3813), ('378vEgh3ukdRhbeJa63SiLq33E2Xm6vZfy', 16767), ('19cSscucL5MJk3kfzB8LF3XFVQDif8fPXn', 1000), ('bc1qeywda6r6zxrsget8c6qdjtusmjcr4pr59m0l8j', 3004), ('1Mo4pvNiKRPQpxC6uGHUCTA7gZMoT9ZJzC', 2612), ('36is9FaAURFNYGMqWJBX8K4BimzpR4pNkH', 1641), ('3QR1zM6QPPcAiCLYi9LfMJa33Qj5hTJ1Kk', 12498), ('37RqYc8RanEWDPn9kcfnJPriCd6ChDDBRC', 11535), ('12FodhD2Ymm2itww7arwSpYkK6Br3inh2L', 2968), ('1PRq7YSafnXnxTLhn5Hp2jzcMib77Sv6iY', 17483), ('bc1qq0kagcfle68lxnaurcq6sgd8tpmag68xvpfahg', 9000), ('1N2A6UkYyHW2E4ffj9k9P5tX9A98g2y5mx', 4279), ('bc1qwh66xr2667658ksnd7tg29e5p3hqhcc4qfkr9p', 10000), ('1NfBVeW3uA23gvApnxAU1bFwpWX6FHLrUJ', 16899), ('3JfK7B6ah4ukrEa2WFKwyiJn9GstYWqng5', 1009), ('34zjPp9MSQ9myoHb8JH9wDyGKRE3WYCXLV', 1663), ('33T5XTdpGsF5t6q4Tv5QkMFyzxmyguhqiv', 16965), ('3BNHoBVe5zyaQnMAySJFBKQ3NsgQgGDpfp', 6577), ('bc1q43kj2e7s4lp7ncs0w9hkehkgy54w4cf784zgtc', 3937), ('13X48c2yUip73E1ZgbLaeDwTRzXA69Edqk', 1034), ('1NnqhBKQQjHLvwycJqZ3BGVj8yzqsbD81d', 1009), ('3Ab2HrxvZw4fAbdM4UCMKsqP6hwKepBhfE', 14233), ('3J7LiSbrNTrEDweySQBj25D9823Es1uKkc', 11191), ('3EzZvug3uDqfxuysWgKnp8uf9hKbtaFeYy', 1000), ('35pwekRteJFPYuh9omUB123nhz2BEM8w5D', 1155), ('3LEgMX2QPosbfW55g9emyLdHYGuRHVfFEB', 1195), ('1L6JF46QpJ7CNTWseY5RYErGxtRsWeRPDY', 29077), ('3CZaybNeCHocCuPL1FbxExpSCB4LuFhH6w', 2034), ('3HGWXLPD6Npr9MdwFAscb7xp46HAXZiaMz', 19846), ('3MrKgM6CPRGFiCvAWXiGPjx5jiV3bJvszN', 3686), ('1KS7uvRcKuURyaJmZJE7BLhSXt12kYaBXH', 2727), ('37KbFzhqJbmVQwAsiHhfBcEH3F4Jx2L5P5', 1352), ('3P5FLYANbj2eHCJUXxjd7jH3nWfE2YpC19', 8224), ('bc1qw7sgeyqjjwgeurktx4m96879j83zwreqnpmnaf', 1200), ('14oUP58F448hpsaNiGG4Df7EgMLYiHEsC8', 4000), ('349wW6L89q76s5KxvbC14FRFVcVjByH5zr', 1012), ('17TRgiVN5tKYWfm5ipdj8vLK9ugJMDw8RC', 2354), ('19qfdBWXafvVfnKPvnqBszw1aqpSDVA7cf', 1154), ('13STgVrm2dNSgPGDMFJFNTZDvGea6hoygG', 39585), ('3KxFpK2ujkBdrNjXJVzaQfevYMRTVKs4E3', 1200), ('3KPoidABSSfYWrtxNSN6qyJEYYK7M5TBQ3', 1189), ('35AtWWeghfearoUa1USpK9ycBc97XFMqsN', 10129), ('3JWEK5dVLRXsL8fNyxsDNr8yELTPNMFHBn', 7773), ('3Kw7Zzq7hw2t5SKaTEzd5RRTJaE6zh5Ab9', 40499), ('31kohbongfUriMrAFyHD5XJc1L1tR7gt9Q', 8996), ('3LdETuHLL6DVsx6dwfKWPCacwcyqySFZSF', 2803), ('1AatYvkCKqdQRaFuEpTyzUpNaacMJMqtCW', 1028), ('3EfTatNN8nnhVtX8rFsRoio2hKf9s2gs35', 1160), ('1NGTmov2R9WTXGmkH2MREQghFFidazasug', 2199), ('1NWcZrvjuWZk1ZkL4cKEbpM6ungnw9zpE2', 8135), ('34E2RP5CnN3t5zTkLQBqkoMJTytuwiPn5a', 5103), ('1HhrZYteLuSoRMaG7omiQ5qoJeYBMy9KL6', 1000), ('3FMsCiC6EkooLh6yGXgjFrZG5j8q55PEzR', 1222), ('13U8qsRircqUTLqqHvfrT4JG6mBzQPTGNw', 1452), ('199wERBjcHZDmLQNvn1B81bWDsqgiNELr3', 3156), ('1EaxcYiFb31XXp6YB1xc8umg33kTUj8swS', 1230), ('32bEw4C6MJU24Dq19bsCgpwQd7pjwAYQcq', 10000), ('35DGcNoov3v3Jkvacgxy5rvKEnygFDwDRD', 1071), ('34YmNEreamoHw6L14eb4gRWreRcEUytkBT', 2000), ('33PtQozo4yFPPowzt8KyfptMcMxPHLMRub', 7059), ('bc1qrpzl2hzyv8vhkzq2hdpfynr45ejfcpep6zj3h6', 1040), ('33rr9PsW322Jd17STEymz3s5g3tyb3TXzq', 20000), ('19qLX5iv49351Z6LGQZuWD7VHWbsCJv8fi', 5899), ('1HtWyK5cT8A72fbSp5yg1SnNU4Ai7CoAu4', 3940), ('3C2jraJF4sB3jU6gjSanJbkEnAFV8Eic4L', 21000), ('1BhkJXcrWh5CXdrAoN6Yp5SpUdE7xQP63E', 1206), ('3BvCfzRVVWnkgZENtXKHCvhEArwaRGmbRj', 15735), ('bc1q97dnvv2ua7exm734znq05r9jhrfypevly24h4r', 2000), ('16tpqq5JvkuAPwWQFgKLkRraPNDzp4EAzN', 1029), ('3ADydG6YFXtoDc67TzzisWdPSxCS1ztMbd', 4699), ('15zwt8gN5w4u2zABaf8319ibCYGP85KZSU', 39353), ('3Mtp8Dz1ftmJHNE2oYmv1d53bcMVjL6x1Q', 22598), ('bc1qnh8av5xteld6yd0jw3zsylu5ywl663wdn2qsu7', 8551), ('3PYGeYf18yAZ5Taxj9JVpws4ZQvPPhsZSd', 2040), ('1LgZ7u3qZgksdqMTJw1tAj3v3cgPJBgQYx', 1040), ('1Fpf4PPh6MMW9GZwdwijTbQPfrkKLD81vc', 11534), ('3JuSfuQbjK1NVtv2UysVR1XdyWmTusM4K5', 3000), ('13GPA2FjWkwhv9dESbF1oDv67JLzMDhWNx', 13899), ('1LQ9WwGUyrKCnw6pDcrgTQ4HREaq7AeTf3', 6000), ('bc1qa7gytf3y4y33az3e4hqk4kxf25ulr0dg54k0r9', 10734), ('16x7zS5RwSym6hy1NxCk9DS9CQShm8atqh', 1669), ('3K95b5dHdeNJMbUK9TAxGA5DwAGAzdQVvP', 19829), ('3J4u4wbwseKXExKC8EdvABkLwXn1gmFdfs', 18770), ('345KLztT82DHLu7T3JsMcJkA2MY9TPp5u8', 3271), ('33BJt659rVi2ynCdvvhyPkwnBvjaUYSMmi', 3771), ('1HXF6J4RjgDaLhWyGSVyXS1ksrCagYm8tu', 1000), ('13Fwn1mwZLY63v74p4QJuomsGP4pHgERRv', 2250), ('1NgMwiD4HHzsXR3iw9xpHFDC64j5qRbHaB', 1000), ('bc1qts9km2k4cqwutwrsjzn5tvr8d5x2mykp5mjqts', 1000), ('1MA4WcrbLKDtxcqfiuwfXH7tL3RxPMovU9', 47184), ('19U54jVr6FZVWbyNYELFX1ZnwYFy8UCFmB', 42256), ('1AsitkW9ZFCsyyHVtbbGxoXhtaNsbqHfQw', 2186), ('1HDESHx6Sz4c2C4vW2g38nRniDz2MqHF2y', 21804), ('3KemeFNx7gExoh1TMcovA7nLQJVeUgT5Xs', 4344), ('bc1q3lgv7338qvf5vsp4r4h3qxhe8vdytjn3a3kwq9', 3490), ('3PNZLZbmHu8t7DK8EigcNuV316k7LaxZc4', 2699), ('3JAQfArR6Gxp3JVg4GfcncyPanY3P2j4xz', 10000), ('3NEik9hNxhM82jEimCNU9nh7FFG7nyxu7D', 2000), ('38wCSngwXpAuLvLEaSrh5jm6QmLekyqyeW', 6000), ('1BC7p69gDn57Zy2jHZzGE8of7Ktp52cJVt', 9645), ('39mWqw44TEFaZpNGvTMNrNdSD54GxMzcnj', 1000), ('1BjaFbNXUhc8y2KKQqeR2W3gEx83y5BjsQ', 17000), ('12HnsSsC8Hzjutd7im6XjrqL4niYWzzJEd', 1000), ('1BXgEaqcZDVryfeJdvAS6uh2WB9s6PdJBL', 3182), ('1FMVmx6TmjJsR2jJiRxsBFCixcyK7fg2qE', 2443), ('bc1qzkmq0x7nqd79dr2c6wwcrnntqxkl53spwmf3a6', 25643), ('3HxQHnYwyTBQNjTXDPxqvPch1ueH1eKuSz', 1185), ('14m3eY7sUGhmrsc9bqy2EfrPtatLhs4Vbj', 1696), ('3PK1jt2UTp7wiYPXbHXVoFXZpPgFPyKcHL', 1000), ('1PbEFeirtSoYQyeGg1Vh7oVwNDjv8TZTva', 10801), ('35p5ViXJQ752ubJxyHcZtmmn8uDYvH7AwH', 3190), ('3NxLX5vtipoQX5eQ7vAE9fFVBkopHf1V6Q', 1000), ('3MMWne4iTQXc1mAUCNnEun2EQuCEu9BhFA', 4855), ('bc1qk97lyqv5r4gm2grxjq6dhkfk7xx7ucwx62t8xw', 1000), ('1DJ3fULBupp1uEnWz4DpYnQyBVyQeYaj5m', 1208), ('1L3a7L2eViNZSv4TV2BAZoGbPXPf6h4EBE', 8228), ('1A4NofoEtUibMBz759bTKD1JUMwzUfmXWm', 14161), ('1J4aGAyjU7LTE5beRHfFAEP7Nv9mfuVrtd', 2500), ('18gEjVN2JshXAPUJwMNj41gQvb1FjT3qBu', 2157), ('1BPVJ1rfBiThYy1uCaRgVQ9t1Zkyi1mFF1', 1189), ('1KA1DGXdRn17jS1CAJnnhDkwVRNRGwmwzQ', 3193), ('1Fx4n7HcDx5i2qwYeVFodfK9HgHkbMUQTX', 3224), ('3N4z3kewq3LFY6Qq7goSUSA75wYA1fUmah', 7271), ('3GsBaDNMQhA2k7yFy6ZL3Uh4pr6x8ctudn', 1366), ('14ts6tj28BiafFuuJCTi3LpCSXfumao1v2', 2000), ('3PX5R9wVoTz7kxWwoXdBinBNeCQzyiU53C', 5124), ('3QpKdcwucKimLET7XY15UZYf6X1jtRRoV3', 1000), ('1BXQxmX2CBazSxAMhYnGCUU5yv3xNaAin3', 4809), ('36xNQeQFP8xda6ZARfK7XMRNUPzZFh1GHF', 1193), ('185ejeAHKyGufiQbYn8bdtvHLu9t84bUJy', 1049), ('3CumuEMuKqiyw6SKyBJvhAjgPVfkBgdymn', 8893), ('15ZQN5vHmxMjrJ7tt1FPs9hfNuRj7cFFQp', 1605), ('1DzKx3MAfxmshx5BHGVowAqHzpaQPwmTBF', 10000), ('bc1qzzymsj4999myluxgug4rz92t6xte6fgwcqczc4', 1023), ('16PVikLuhn68iNyVyVkVysXfsxFpzn5FGJ', 1000), ('3AJQpxcMJi84ztj9f6D9AfDnoEZoxT8XJ4', 3725), ('3F7iro11fYiZVKVsJNgnAqSuJaWpjJHW5s', 1069), ('16fuzkufuriQB5QtnYZwh8ieHuwaaN14Ux', 24178), ('32Z23D2YndN17Bt4ArtiD5yeEGTCXW9w8f', 1000), ('14mE5dPPcs3bVpzyoe5P7DrXEnxGSbhNVS', 1679), ('1DK82yyooN3NiENrcfR9x6SixkmHa9uzN6', 1057), ('3DkbXknJbLhFTo3MHc4bcWBud5bbv7R4W7', 2000), ('1FgD3MP2DzRN6hhDfgigYq6SxapixT8sWD', 16203), ('15m9v5tDL8et5p2bpDSTrSnzqAHS4CAyJK', 1699), ('3NtuRM4gVJRQ17pmygEFpXDxoKSfuupNb9', 39961), ('1G3EX6H5ar4nHyGwz4P3kkQaTstu9RhgfA', 2000), ('39cCLtzpLWhbCrthRq1gN7sfdaEsUTei4s', 3419), ('32ppx8HA3Jum38AM4sHW21hTD4yCKAer4g', 1550), ('bc1q3dry98h55gdsx5qhd509vfdkmhq2ss3d0myrpn', 3937), ('1JbFwSfzRfvWqYbVgUYVqDN6hZmcJgdcTz', 1665), ('1CtG4HzzBzNQ79YpRR7wyjr6ne3T3HeLUG', 6574), ('3Mtiar6Ha6CgMhEsGsfXZcTXknayZqXKU3', 2440), ('bc1q644n9ryxkw5cpy39r3jnfm5cyxtetucrdy33kv', 1000), ('bc1qkfcjk5mf5dnvvplltkpjrzj5yenqwzmpdfdwzk', 3327), ('1KMBW93YMRLJBcsrohW4MiZtyBqkEvFSWh', 1316), ('bc1qudajzcsg8d8gem4g5740g8zwy0pqrq65y7d3vs', 2754), ('bc1qu7yp8x3m0ehrp4r4g8f04qtr0r549ed0735hjd', 29494), ('38vxAkNrKYKpTA3Qe58yEGR4hZFpNhYNnK', 1063), ('bc1qlnws65em8466m3pcn6an49wm0apvmhezp3vy35', 1157), ('3BMvJEUhwofr2BXv9iJ6NTtyWxgnKEDbwC', 1000), ('17N6dCWPTAKgNBCMQ11yEmndmgV62nJWrR', 6399), ('3Cn5hJaKHAAQNyD5Wf8bpJAtTa7EUFPgj6', 1047), ('32HbCsHzCPAcPx8Vta4eFZ9sDW4toXePMX', 1749), ('bc1qr5lv26f03qfyms2tg86gwqu74f60ek79a9709s', 4104), ('37mxCJtbKkJboz91hjcPCPypVtjDftW4jN', 4852), ('3DMFw6MLoNreyoNtqUCfDCXqYt1sdyqku9', 2659), ('1GiKeQLUySBm3rN6Ps9cxmeCZUsa4ji2mU', 35315), ('3LuBPubyf94PaweuHkuiSRLAHw3DDEBjWX', 8351), ('1DZF9waU6e35udZMbq56xRLLNZDP3ENGtX', 16699), ('13EzervKDdXbjR9x6fiHKB8y5EZKDveEh5', 1081), ('3CMpe5H4JMBQ3qN92bF12Y8jue8akSVKsn', 3373), ('1GKEhDvfktagXtZw78Bfsm2EQJpqkYpXDJ', 1046), ('3KKVk3PHasGDVnvDmArJjPSjKUqrw7uScL', 14018), ('3F68hfoL6DB9gGLBWzpK7ogHVkdcteXvjc', 5679), ('18Kbj4qMhXT4PNg5G7KV1t4Vd8NjmKBR6F', 1000), ('3BB7mJKLTdsBpajeCdQjDyZYXACumqb2pR', 1785), ('3G6Jbmm3h8XBeam7F4Fp7d2GUZ635XzDo9', 2905), ('1GfCVeCeKNzYDJKQYaJKcBTMwUXRfVBvZQ', 1000), ('12ZUTnwr3hr1SZxJoqTwbjiHbQqUwEZcsi', 23449), ('39hLZ9MpGRfRd5nFkXSCUhvrNF4Vwnc4G8', 7020), ('32K1FiNyg5gVHZMDpDwZJS4YaVbzmDixD4', 1000), ('3D185y8AQB49zZ5y3QPdRNRrVy9YPUN7da', 5500), ('1BnQ6advsKf9XdqB53GqGWxDx3GmC4KHxr', 18557), ('14t1e5xFfxNnMe6hjrRQfNYqUDLghNh2iB', 16001), ('1PY8HYFQYKmm15NBu8H4tHdBAWMwdts4hU', 1813), ('1AbthE9UF7PoCkyTkzFQW9gWLzVXJx8H68', 1000), ('341fVt5kJwzQj7FRbkNTutLeKewuNMqYwy', 4520), ('18kwXkGjLCzwniFjha5D67g7uzuH3k5t4P', 18583), ('3Q3KvXHHpALhRu7gd1gxTuZPdWvQwqvz9M', 1121), ('3EcGZ22ThbRjFizLDcCF1sEXj7Bqz6TWoc', 45249), ('1CwxjGoHYn2oyX9Wk7d74uzW9xgokLdLzp', 40999), ('15BTQqEwffQEXu1aW4nafNCsissdYLSS7C', 1401), ('36UH3GyfaY1Qf8PhSZvUEiZnr2o9T1BPsP', 1023), ('3KAJ4PqwDdmrArweNe3Y8KXuSVuXJQ5ynK', 1069), ('39CWRHxf423e34mxXh1bWyhk7vNJD7eGZh', 2016), ('3DW79V7iXWbegwfv6bZFpEn4gcVWUMS9hH', 2568), ('33DHLgXLbhVxfE2tA7mgL9VpXVb6jJnYJE', 2900), ('1BUSZzBK2dPyL7HeWM6ijjUnQTUixLPDfM', 3543), ('3Lo1o3XL46ETuhF4u5ZeUYe7GCHcujfi3L', 3826), ('1DU9udhhaysMTbZRp8EYZYtELdhf66Phtr', 1000), ('1NATnExE42p5GWVNkq9P5jVsrfev3QEjUe', 9522), ('125bVxHJM3Z2XhRZ7KumEG4cajm2pPbNN2', 1745), ('3BhN32dyCYX7YwScj1gVYJWdNNLh7HvAwz', 2000), ('122oQ5Tb65BkoSgRcFsFBGoasdhKLvXysr', 1013), ('3H9GMvWcuXGENdneZMoepZs2AS4ZfiNbXL', 5298), ('145zbNX8fV2evZuCV8FKNvJYesJdQ2NzfL', 1015), ('1Jr9EnNqy3HgfTnfoyW79HiBhtLH4oAeAp', 2222), ('3BzeMzH5u4VnU5UndtXGJ6p2jD6etegMj5', 1355), ('194sfp2dHYrS7EsLomnHvimrqeftqMRG29', 1040), ('3CNnSggMB35s13kY4R5UYmtmhxRcQ4Fkg7', 2506), ('1GhagbtVZsaHgxWsE7PAyxTLBhgHNHtzdj', 7299), ('36K9fBDhdc6Cn5pLEshtyCrjmp1vb3QhTe', 1250), ('38mrTYHdUJ2UsdQyb5HAWYuNjXk79gkoMi', 2438), ('12UFhmBMUm97DABAHD28zay7WKmDtnvyh2', 1925), ('1JinTrsmhZpuz5Li7TMXUSuergeSgtxkqt', 1000), ('1PGBuEjZeGEF8tqmqLX4ipTWf5a7qgQRQi', 1540), ('1ARepnitdNqMP5iVtYoc7cMrWnLHXcbWP1', 18907), ('12oQLD63dH81fB6LJA9vmpAbAZCVro7LW3', 1000), ('3JESUkZP43nJZomwQdrqHNcUMrycpqL3Hh', 1090), ('36kkASNnRqNs4LWRCYVzJ93NhHZtdU8JS4', 17803), ('bc1q7p9wmw2jc4ke7k393nt2h2mn7pu6envwngat4u', 1130), ('3QuNv3KAVaUs4dK56ucCpjB2awsNjeYZV5', 4041), ('3QNc81be5iCZTRdZWtYx3TpQmpDRjJVXVd', 1000), ('19in3nJZu1CKtUCAakbREmP7xYr87ppY7Z', 1000), ('1LwtfVbQZKr55L8uanxXVTL9WJJG2p4o56', 5900), ('3ERczb3sR3hkwws2WdiSErVpVU37wLmVzX', 1090), ('3H2gT14X7FRGHZ26SjALf9wny1gwvfYrdg', 5034), ('3ANMN2bzYSYQRXCq9fPTAuSkMz2rRTfRjv', 4029), ('1FLmLp7yVuK5RiuLWx4xtHKea4hRT3yzXL', 3479), ('3DFhp7dpAJawGNDoyUAQ68TUytjsfFPcZP', 1008), ('1Ad557f8gMqfCCacJwK1DHARupWok6K7aV', 10134), ('19AEaZk5Q5wVGTnfAcTMdG5Vjv4npZ59wn', 13799), ('3PhwTWc9VTfZEs7Ukkcj7i7YeDXnHR3o3u', 1000), ('1E1RmiviTudfhbnfWsi2QFCKQWBaz2Efwa', 16505), ('33CqEqqku3je4tsn5JXYsLdWpH7fsQwb7G', 1000), ('1LMsftFFVgSfmae52aexs8RHNPEFiquBsy', 1051), ('bc1qq5qp246u7r4f4vpxsth4ax7g4klvphyp5kwc2w', 9461), ('36ancN6wUUS3AGgnZ2CaxF16LdYA1j1rjH', 7776), ('3GabwSH4UVTWCEGsU3Ka4gXwWfEczAVErQ', 1809), ('14CPM61LmXxxGm6rMrFuPx8xCqantGTWoU', 8200), ('3AFhRgLmJQZXXYEQwShkkAwAuYwC6LAs6M', 42374), ('3CJm8wyyv7hLVuZvL7kwGkqrg5bJDHbg3t', 1031), ('3H5igHDfsrXMaA2teCAR2VT8exVmN724R7', 1559), ('36Tkfhbqa7Wb9fK75Z6fFbqWavKkPmfNpD', 2070), ('3Napq7y6Fgw1D7Mp283yejee7RbEJXciWP', 1112), ('13a9Na3e2dKMfUTLeSD3kH32gMM8VbXYPV', 20818), ('34uppJTQsFeW8HkZHJGFnhTm1gCE7ep5uL', 2415), ('1zVuf6i5ZFxzQmKMvY5VsKUz5haEZQxTJ', 5669), ('1PdykXm3sRYJABoLbWDAwa4VCeNKhd6J5Q', 1840), ('3BfNyBh5bSsseKkGhpGzZEekBJRLaum6yu', 1244), ('34gW3fu3ZB8hoRsnL4heipQZgwCT6i7cBi', 2434), ('1CFNeyZB8kYEPSQuKzFvTLhF7mEQupnMGN', 2000), ('1NRhgey1Fy7TmpTyVGaUE9PAATeQ7XyznG', 1000), ('328jxunLHHWqQ2hMDB3GtRLjTc1NGEnBsz', 1701), ('18v9jX5w8BcGViCD86ZpNJPUPSs6wkA4wD', 1082), ('19toSFbHDFDvZi2kxXyfKav4bATNXfsPov', 2741), ('1124Twxok94a3SYD5MnWK2nrsLZhCUcVDT', 1130), ('3K9jrrRSCNgByUZZnT62KukMZmeAU9iru7', 1000), ('3Jb6J5G92pvbMbrw2vny612jPWQ9c2eyai', 1900), ('1JRrRNnff1Bd2aqwqbNKfRVzsJX2tzxi4A', 1114), ('1BVRJPwgScV6xYmMqbzTwHF1Q3DNZufqKv', 1989), ('1PZN2v6NEE497j1jFdK8AYDQmNb8eLSc4f', 2000), ('1AHU9ueqehNKr83pwCpeMvgnjbhW9nsbec', 1879), ('185PavCNmc9yU3nZRP7yQZzy4SEopyWwCz', 13148), ('3DrnVVuUUFpupsVTBhCB5jBK5NbGEw6J7R', 4011), ('bc1qmcuf4xfdgrkhne4hpcrpkxruc3l4uh0panz52s', 1533), ('3AS9rUWGGmupwVmgUAH74f9XtzeeeDys3R', 1989), ('1JeKzPaxZFjxYn2Bwf6rFPkRrQemedKjrU', 3399), ('39DiyHktGKcSXkDd7QgEmn1t7KzQv2CndV', 15767), ('38qmQEh89nWrsTLypLgXNrzMM8AByQadQq', 3618), ('1CjjQ9UA8m1SE1GR5nphivg98VWjudEAu7', 1000), ('1MJtfuHwY1ZWcKSEKCnyooda2A2FKdM5fP', 22060), ('14reAenGKWf7EW7mA2MN7R2owjEtuMZd7Q', 6266), ('1EX7Z4e3wsfZLBmF9Dy93xZHMrFdNeG5nP', 3250), ('3HMTunTT2N225eNE6VqPTHLbErJ3tJnixg', 1244), ('39fJFTQLDMawmf5BPU8Z6UDPuVdov9K7CN', 1365), ('3ELgbdrJ1TYhTRyYwiPSAzS4dsHpVaTJMd', 14986), ('16eC2ch2PriwU5kUJkDhN3R8XZDVA3mjHq', 1735), ('3P6nJH4sYmJJ46WudPzFi6noow7oBDQA3p', 29122), ('127bYvnAAXTwCjKCQHfK3ksQoQvH3ppJKE', 1008), ('1GX7NCoACi43WXK5DVQhxEdhGTBcS4VweV', 2072), ('17zmjnJRT8ZVFxtXhNp94mcEebsntXoxpm', 1007), ('bc1qkhfd6gncz4h0p2es42lgvu3vrzlh56rfjdtk4x', 5499), ('17mMa7RsBPJZUiVPxwuNeXGdVtzLAaBikS', 1086), ('1LskYb58wjFVuADyf2MgjGzoZBW3cKg9mG', 30357), ('bc1qct3uakyvn34gxqsn43fmfk9863zj8d7ng0rk87', 1000), ('1MdnsYrJXEeSiB3vxisTNFbWD3LXvFJzo', 1533), ('3G7yW2zbKJBj9yVjej6gHM84vfw6CgHan9', 3040), ('1MiTt5xLvBwbpbEbJ2pmJ8oXULudse3QYQ', 1000), ('37t5dWsXv2iNPdK4VhPxedEpG9rmjTKQaL', 1684), ('37w84r1Nk2YR8GHAGhDohTA7CytWt7LRkz', 6969), ('16E34coRWukbWkAgBC3GrguR1HpLANCGAw', 26813), ('36ShnGJFQ2XFQPoToimVXnv9yKi995uAyr', 17307), ('1EDXBf6cg4HB9ef6i81VFSfku5FajVjwP1', 1000), ('3PuWDVt8rmjfBCLLHotBJqjsmZZgroj7yh', 1222), ('38WjFXDPWgEX7VF9EChsHKRCk6nAPWjkJE', 1209), ('384Ax3AMmUxzucsw1EsgWdUejhcw6ajxBf', 2746), ('3EFePmaoyv8qw37QBSznNiiqbbSSxzXEUG', 40299), ('3MWKNuqKhTYYUUzgUK1Bfx886szUB7drDi', 1548), ('34UWHdyHMvjBspaEaV6Xai7vk1uzsZCep4', 1072), ('1LEBTzu9QRoJFjJSXTPwPrfu2yhTUzCvYT', 5438), ('3KBKZv79ZK7yt568Dc4B5uqStD2Rkinhja', 13316), ('17TXNQqHsfryFEoNNt6QmXE4XVVPshLLY1', 5674), ('1PbfgKyYShnmvZSn6WrzVC2HgtsB4KQgig', 1000), ('34dNAnjge7NQ4FtRQZQSrFgCUxQQ6S4Lnk', 1051), ('3NXPg9EHBqupR6q6g8Xok7mRLWKUDAU4nx', 3300), ('3F481NAEiEm2mEp8zxBUSXEjHFXg3zjXvY', 21615), ('3KRA2dyynEogRtxki6dUDENYW1q2w9n8Q9', 10000), ('3HByXPcsnU2G9KdnM7zjk7EYeF6LhEDFDT', 3376), ('3NSusjeYmVj8tGJj5dYUe7zS2nNBwmtEES', 2269), ('1HpUmKhz8VKqMYmYA7EXXqSt3vG8BVja4X', 1125), ('3Mcgq1aqngrhL8gdtJaKm3MFpGButF7RY3', 1000), ('bc1qnyapl60sd2477f3kllmmnmvanje5h8vpxwmt0w5mh97kfwn5023q0dyycl', 3115), ('bc1qhv07yslxw9avlc5xr8r7wuygdgx8nzjk94age2', 12504), ('3R2LwxXN2nUR43iDtdtjKd2sMTCLsJNJNw', 13637), ('1511EuLbDqNRoCNu8iKz8iu3wv7vEpmoVZ', 19865), ('3PhJWQvXYkoQNaNdsJzgMie1wjLFZj58fu', 10543), ('bc1q5qhf8u038rcaykwyghxealhuv3l706h4ft3v7f', 4183), ('3LnhLae1zuqM1Y9HQAqgNegngkyGe9Xuk4', 1117), ('3Pt7x2L9D3fo3QE8yA3iRZwXQG9YD9FVUs', 3813), ('3AihQ6LFFbTZ719bahGvuMQY4epkjQ8JkM', 1339), ('1MHkZQ5AxTb4HCTq2cUTiEWw5kQEsPThNk', 6927), ('3L4hmMT9ULGxA6KK5xywd75RcyPzaY2eeT', 3949), ('35wCTJmShRnBjAbuFDcdzXvAMn69ctxVnc', 1000), ('1DpuwSxHGyEUit76LyM1PkoGS1H87fqHh2', 24000), ('1GyLhrsNKs9FpT2xocJVLZK5bKK8doAxVE', 9359), ('3ANgaaJTDzvwbaGfqjCZppWmnvmSDgCUsY', 1307), ('38WN85ENUEPDcmP5KpDdfQh1HMuFsoF8kY', 1582), ('146ffjXMZSD62aUfYjUQVea4rPpiUBGCAc', 18039), ('17igkR66ZKXQVrk7CV6mzra1DBzjediido', 1000), ('1PNcRrFUKcz6LuMrQgzj6xwaZgZfKxwQwt', 2262), ('3KEH11vajTNHueXB4HpcPSjDAJTA3QahQm', 6820), ('1KGCqL5E38DwYSQ1x7ndnVEWBKCwAoTQHr', 4012), ('3LE3T75nHMvin926FLHZz7p6k67u6wcUd3', 1682), ('1HwJsyZBus76Q2yw2KzV6BNK2vE9P4wt9a', 1349), ('13tnU5Tw2W7oaopLfrxM9hM5RfTJSVGozA', 4038), ('34aVEBTiK7Jifn3RrEqqS8tcbYGfqAeteD', 4942), ('16CXwbjrRpmYk5qWNZinfXWWTnPBQUHVwG', 1192), ('3QXWHVGTyLd9y3XCtyAW3NhtwCAb4hLrHm', 1200), ('12Xb4T6NV7V19QUp5S7c8XRWuqbWBSJnub', 6153), ('1AknCHAtnc5991UJfByT6YGP3agXUTSJnU', 1000), ('3QiHdgpBG82Eg9TRgMUZLaY4WkBQz9DaNw', 10000), ('1962iFJfvu51m5KMgz6pxQ98p7Phtkzf15', 1029), ('3LjeTzwV1ykoK5fti2wdv4iongPkfwZbpN', 1205), ('333XKEGrhB65UbkxvCWTSj8FxEbmYppYLU', 4899), ('3FNamuFREtwo79q7q6eK5mf97E7JvT571m', 2241), ('1DZpt8VJQsm8cRZv4U3yyge3qMSkQdXJ9j', 10000), ('3G6jY29eAi6YTwWiAH3Yt14EVMmakXNDiP', 45333), ('3HGJHVaAqqpA3Cdbx1NdWfoENoeAS1Khm6', 5166), ('3KCcRvcRwFCfy1G3MGEP73nJh3FYybXzC7', 5742), ('1KUEZMfpVDn8h5iq2ypFFSLUtBSxUUUPx3', 4232), ('32osyVCuA3QGLS4VLyqtfVQJr4brsBCkG5', 10053), ('18NMhwkhjP3q1tXEugCo8Y1brMidDtzqAZ', 5190), ('3QauACCJiLuD1U8Fbwo187c5easftS8fjU', 1292), ('1HH9QafcGJMVzNuNvJiLGTcBvmv5gN2gTE', 1641), ('13fHXLygN3o3ZycQKB1cBNLF8YdwXK5kHf', 5858), ('16p9uycC3kYVYmJjo8hBtQC4GKL1nQdYVY', 2000), ('1LbX2ovrAFuZXPAZ4gMpbpfFE9JrUonfHB', 3000), ('3DcKJTQEnkf8WaP9TZ37AAB8Ure2pGwjWu', 1515), ('1DVnBvGpifZnk5CEqpWFfTLLk3aBJwPkUH', 5000), ('12H2QNpea9Su4Ps1u9qhHyQtEAMz7v2SWh', 2000), ('bc1q36shk7vzmm7rpnq66f0za076sdjmq0hth8x4j6', 15820), ('1LNYSgTaSRsHtfdkMHWrCp1m1rqu5JcDiL', 5372), ('32XhfGwqu2Jhj8BsHS8ncL98kbdLJEYyTm', 7469), ('1EMRTV9v4RmuL7aiNGgMKDPhtK4dqdktiu', 1354), ('16BUthKwp3NtwbPT4ZUT32vctjYavRKzET', 2489), ('3K6ztDoepixBuxpccr3xUwEVFWBZ8o2qQP', 17537), ('1K3tcq6CTdsZAF6YAJm8ESE47oGdoR3Pyw', 3631), ('1MJnbLb9tJriS7EeoUf8YN2F39DJupSuSK', 1075), ('1KZ9YEJXTVSS2X8wGJQTZ72Dryjpcxrvnj', 36240), ('3EKVkH14D6xJvH8unHPeTtNrzGg3rN89cS', 2050), ('3JUvoafjiDkcm8MsHuz67FikCeJwtReCXA', 14400), ('1Dtzey2psAqk46grmsfn6Mzkkqun6N6uzm', 36000), ('1Pb5wEe4SpStaGqv7hQM8bewMHeDFx7qCx', 16899), ('1B7LQXJDzyRtoZmQDtYdHPr342KqnCyjnB', 1232), ('377Xkuy2Bq6hVKLyyAWYKkQorbTh3ewUmn', 1044), ('bc1qa0r4mq57wpfqa5vdjquc6pz6p5jt75kfls7u5y', 1535), ('17km6kvhKhLj9XDWyRxVW7HDwqr6oxNYtd', 11309), ('1PgLCQ75p8dm92jkbg5NiPNFFk6QMhME2n', 21499), ('3K2dGVuKakMVCZWQfHvxift6tJSAWq5Fmu', 7909), ('31kdzfN1E2u7LRHKak6ZaHShj13bQeZub6', 1329), ('1688T6Vc4EKQ7mB11Ty45y4xrQ8hXXyLK7', 1794), ('bc1qqarhmak2zarzv2qcg2r6jv2md5eua8lalxr6pk', 1020), ('1KvSJZYM4542ELpG3ZzieSBS5EEnuktr2n', 2532), ('3HuNprCoWS3tVMrvfKQbDHSCXmJduhE9iY', 1000), ('19SsbPKW59jxdVmBTLeSYBrbfxsoqruvCb', 1151), ('3BRuFhNhvogj6KvhDYrKjhB1NKy3Lkzm6R', 11417), ('3QFumro85DPzeUXduTiqmsszNWnRAQ55Vq', 3927), ('3MEQxVqqnHcnWPJoWBSkTq4p6Mmo4eJ8db', 1559), ('1Gek7fjDCiUPCnE6aJPkj1GfVaZJQnkRAG', 1027), ('1KV5b6qLrwhzdPToEyz9ZFGUQm4gcCbZho', 1153), ('1Bwxn1iaGKfBkcXRDTCcyXgFKkbQtcWiZa', 10098), ('36stdspPQNeW9KwAxJiQjGdy4tyTTb4Uis', 1099), ('3QSjFVgiEDRXw2PbhwmGr12Lh9UN6SJcCW', 23044), ('34Mn18T7n32tLZfGJzLE4Y2Zh5MMQBE4bU', 1000), ('39QYRiZQCsU9U3VcJZHEYKdpBUqUXLqWNR', 38896), ('33J6ZaABmM85pr46xmTbjqcxNP6bKBRkKa', 5773), ('3AAEj9nKkVdPHYAyGpGLfjGtA7vGXLkmuN', 3656), ('32uFBdtHgDS3Y8jLFebcZAh4cRJhfUNHxQ', 1173), ('1JAbTQ9VKGyTB86pUvGM9CsHTi7VSf9RNr', 6561), ('366Bcv2oQraE6ARXDBeyvFqysjm95f1Uh1', 1000), ('3CaPYPdFuFtoKnnABp8s6zn6BaQmf3bUfw', 17050), ('1MGCG3PyBy2exbtdBeDafweSGrFww1LUo2', 1000), ('3NJx1qmZmfE7SPdArwNr9U8kuekcW58Na8', 5769), ('14LMELwNr87F6dRivoBNNUiFhUGSgcpc9r', 30847), ('3Bdcy7GJhjj8deTCjyxc8xEVq1wWfwubah', 2053), ('bc1q2huja2an72ny6d9c6wwy8pz5qfdlqxw7nk8z9p', 27939), ('1B71X6uzAqmYJLuhb57KDsGV4JePHhzAvq', 3000), ('1JWJhDZpjDPTZ9X97SSoSPd6L7xy6VAWqA', 6350), ('3JmteuYs8aAGLdqGNecC3ewvrjgpnmbabY', 1599), ('39LTRStky9PgpTa5pJxanj5VK6Cai5FXFV', 22515), ('1CcaiiDx4wKyrHx3D4bgFuUxJThcXeRrHw', 2000), ('3GXhoYC5osuKLueh1WxVKFg6czUtTiiaZU', 8862), ('3BST4CUBWU4ciu5h18epPLDu6oTRvH8k5Y', 2833), ('36iDDStzGWc14hXk6Z7C8vhsGGhLPDqsy1', 10000), ('3Hsa24g8TC922Ue2XFzEupCiUzfbAswh7s', 1072), ('bc1qmfsweqhqkt0twg0d8yxamtmz2wgs9ejwkxxsjs', 10639), ('1H3txe2JFMEvSZGTiT1ptPyieRB9HUk1pA', 3163), ('3HLS4HymP43dB1fwmLov28nyXt9iDCWuy5', 7417), ('1N9QJk4gkjXhNmuE4QYwG8HHJSS1tqzUCG', 1434), ('1LZCbgoY89h4nFCF8w93YmYh5qb7WXKG4j', 1000), ('37swTFN6Ze8VKZtQ7rBtAgs5geBAgKxezN', 2920), ('169PcezSLJXVMec3FSaFtYuxLs1XMsvvbd', 3570), ('3PZCYSa1VguXDBEwTrZiyc8s56kLSa11QX', 1000), ('32k15k9G23btFVP8gK2CPqtfASnKeTjHNf', 3759), ('371DGuL1MTNCsW3bitQVaMCa1dUq8VdHE1', 17327), ('14DroRVXe4jmANBiGdNjsL3fG1Tyv37Gf3', 1029), ('12impWvdpogBkzWNoZZuRFtbdEADpD5gmH', 12820), ('bc1q7jcewrphd3vrs343wzjkhueu22hxtq8395fayw', 5735), ('3AvVxSZFPLDDqHRyGnvxbRsEXEtKmNyBow', 14137), ('1Jmbq4Ywqjq547mm25mtKUZtcmWjtMBWhx', 10197), ('3B6S7z9A1Mt8kjWScoymFqdfArdjoETTqr', 6328), ('bc1qqstcqj2kq4a6vu8kjgkknq7dhm7f3rt2lf2vju', 1779), ('3A5C4Fg7UVRTqxgSXMXV4Eu4twzAiztpzV', 11964), ('bc1qyfj968266ntaphe40ruq2n0ntxy9n4fytvewmr', 1000), ('1CSkETiuHvythbN8M8JQY94BB8MZkWvas6', 5797), ('3L2PtxaPQArcU7cQ5cjQJg6Gv7rQwJtpSr', 2775), ('3LVPd8esjzM6eKEzbawdkfSYyCbE6yrEeJ', 5863), ('1Mzcjw4P74RX6yBukm6ajPNsQFNAjZ8EMG', 25208), ('1LFH769Lh7n3VovDiyeV1RhQN74XhYQWiS', 1149), ('3Mm6qsvdJuLcAvJ4Zp18BUnGv5bRwiMmgy', 3000), ('19VD5LXbrow4REUKmFdEmwMvGJZMykU8hq', 11128), ('38f5B4Jp34r7JcpYEDAAoHXGMKeHofVXYW', 3402), ('1CKcigSsxQvMWB4p9BT54nFjEAfBybFRhz', 1513), ('369nk2MbckBqcDHscT3cu7mxYPsR6DpxDd', 2000), ('3LkjJ2ziiqAWihQAtBra4p4DqpZU73SbFB', 4590), ('1NKqdoY8F4XH1Ea9jSLrugk7Cz8C1NDfwt', 1001), ('38LHxa5omeBo6JSwY6M2dZ5DVgvPSJXq9U', 1015), ('35xdmgZC2eNSycrV9r4LXrecwV2yhckgjk', 3500), ('39XJPGDXVwTzE3AA9iL1t8ycxevZvhwbCi', 14999), ('3B9Zq8DPbpyxfDJgGCfkPxJScWEkq1RRGE', 35877), ('1KGSULDMqS1RZ7XYzdtH9v1s7dy2dbXnfw', 2354), ('bc1q6f45rc0fv73pz8qm896tkjqgjjdcwfc60rgjxs', 3228), ('1MjhQZ82VjbGbi6PLAyvSCYnYYzMoHFKns', 2943), ('1EnpgPsQiNbGygezYQgQdHwPgJWZ7STfK5', 16599), ('3CafsvhpyJFcFEQq2YK4oZkspQBbkdrRCn', 30001), ('39u3adeJPiPLReKcRCiWg1tnxrVkv9ZKVA', 20316), ('35yMZ7NRSpaxYey8MYasz3KGzHxoQZz3Sv', 25000), ('34G8AJwbCBKDRKiHgC4fqvH9xxVRSnKyBV', 4242), ('33Cddh3b8rjkJQibFJS8p6hXkw9UYComTC', 8614), ('35m42JrWqY9JbESPRFJK7XFEMWLJWkRKfK', 1576), ('1LULsRxDYmCFB1ZejaFSSUkf8opRimHHiA', 1000), ('3LjV6fMiqB8CYGBMGBnghSfkqM7ZXNS4Nt', 1329), ('16zWoVvKGXyvaYTKmu9m49RwHPqAJsxSEd', 9105), ('1GRWZ9E2tS88nX4MoQwxTxEmdqiwuXiY9t', 2483), ('16MDL2oy1TaV9SPCwDekRhx2RvaDZYhFBs', 2735), ('3GNwB5ASjSZLr7p8ZzcMM6tc5gA1j8rBZi', 1923), ('3HFVXLqx67BBXsL5KQ47jWC339HJUejE3b', 2635), ('3FpCGgud5dW9597CLXcdzdcehiWWJJ1vwB', 2144), ('1GbPwfG6APX3vjjEQR4VVKvavJjeo7r9kY', 1000), ('3FE7SN7QXB6DFJdpqgtvRkzq36uYYDb46n', 1883), ('3AJ9f8r4BWaLzZPfb8idwpSntifzKC7XHh', 8235), ('16WJo3DmhRb7ic534DKPs2nqVdZEHrPsJD', 1000), ('1HXicwAQhYTpNVmDUQPsy1ouUSFJqM1fuH', 42000), ('3MySEtEYWqEo9hEetrdCCTVTB1sxVcHJb9', 4747), ('3PoApwFrt1989JVTvhWE5KTM2sXhBas978', 1130), ('3DwuactrEr1sJyydz9cNgbsNtazcSFxXid', 5638), ('3EPYEWHzzzJFGWNRZrwsJxMQLmHaqNc8ZS', 6540), ('3LqFXriEWu82JEpbiKXQpJbaEB9exj5wYB', 7600), ('13StCCyVV1jngnLZCGBth89jWQ7X2aAfXX', 2553), ('15QA3xr9WwjqUDwxq7N5e7ptekcENwdAUh', 3255), ('1JstuTAdfarTBehH7xPWHampVt7FYEpRXS', 2521), ('3BYntaa3jq1w9fwtdUtFrCTEVXongh17Bm', 1362), ('16XCQgy54T4BdXFhXBSYtvNJ9jfPcyCtgj', 1500), ('34eBnS9rMQuD61k9QEuzhgyuf2ZjP8jbSU', 1576), ('31kGhvQHwpKPjMN8HBA4h7gYSzkJy61JbH', 2809), ('3FnQaTme5xhW5o6SYVQ3RJaEPMFkWWxkNr', 3611), ('3DczakR8zoWRfTiM3D8G55no76rY85iHGU', 4420), ('3HBEq9dyb83PDMFBPUuzc4Hk1nJDeTFZx4', 1309), ('3ATtGB8JhbvvEL2LLDET9AP2uRG2Q4aY8s', 4593), ('3QJ7YKwqiU8wJLN5nWhfrLX6fjNVi3mWLy', 1111), ('1HUwby6UddSbWuofbwzsPxKmnzifP6AWJy', 3000), ('36kRmyuYZe2WWZhAZvnDFYP154enmZgFSd', 20000), ('12DwqMyfzr5XS4CDukxHZG3RkvRVmMy8sk', 1058), ('3ANyRXqnspy9sEfqaEVPM7Ymo4RWzzepzs', 2500), ('12mnjwxvXcBHFpMz3JRJjEgh7oV1KaMp2P', 23000), ('1AbampHMAK6xz5Lc6RsguR5Z5J6VSn1y3g', 8498), ('378ZF9guWNT1HCCr9NWRHioEX1Gj35UFek', 1001), ('139vx9W2CQSiZhdZ4j3CT5Qq2Bpk1Ckanu', 18705), ('1JvyoXPWzmY9kWAxGktugpkqZbUy3prpfq', 1000), ('3JaVfKkjmAvZHqK4aNMpkTjb997XGUf2uK', 4586), ('3KrXjrwBRzH8wzeK1vBfo7PkFFmRBri1Lm', 16000), ('1NjmaCKHAUptzwi9z69N4gMhJuCTv8x8oV', 1000), ('1Ne5eViJxcKCQsRGXxgUMxj8f98Hr5o1fr', 31453), ('1GZQtS2HuVPbXDHzVcNcyLtXnMp7AHbbUz', 4925), ('3HTwGtuGjvgPEZMAxrEoj8ed2BV7eHNvtY', 4564), ('14kDRLdPvLiTbpM8dNp7RqRyabvUGWaU6R', 11930), ('bc1q5a8sr3gjxpnw36d4rkz9ey0tkr84cqvn3sypts', 6000), ('39od5mLjJcijcsdvzccjsvepuQYErmzAzH', 13599), ('1EmskeZ1kKqMEqToXJ6DUnepMfX3X4PUSk', 1200), ('1Bfhib2NMXgmuzfS3UupD5Z24TxyVj5wwU', 3406), ('33sDi3FmuwpHKBZS1sk1JNwuT2ARMZgXbD', 10000), ('3QaigDPWMkm7tufMvoHbSRy1nhokNjyDAm', 6000), ('bc1qkhhqutp0e3kecw5f3fxhkxe23du5mq8nhq6qdlmnne7r98lhsaxs6v42gq', 9223), ('3GsQfSx86XrHvfZNBAX1AjpUPpKLyc979K', 2000), ('3QukZpQJCfyHxsu3GDsYu47k1JLxYtKzZ1', 1000), ('bc1q7uwc5p63ycjtv4rj5lhnehrdcl2zlmhey5zx79', 5263), ('1CtBiP9mfVU8AYvmQUmjhYx3b98R8bgKdu', 18688), ('1M3HbdBLDq1uutWKo3bJD41rDSMVRtZxep', 4416), ('3ECZ7yNya47s9Rb5hMhXxaQme2K3fWQFzz', 16200), ('1B82P5myxsQysfWchV9qB7LqrXCHGBEMRH', 2682), ('1A19veauNJMYM3FdKvYNXm7qpehrC5wJqu', 4000), ('3DpvyC8Zphkh2X8WELySHL1W4a3r4jt6RA', 1072), ('14BmvkKdbnxSvsvMVyGHQd2e6125vnV6ed', 1720), ('3AVkqBY85f1NjevjRfYuNAmEtiEjpmH6xJ', 2549), ('1AfQD9dS6HF8NSYUgkfq4N8Sg5Gh3PoQVa', 25000), ('13fwHkd7gcGdjgUT5EHj9KuZoJDM9uHyj8', 2966), ('1LoxRqPFsqifUjd9s3JhLkDkzvg3W81Z6F', 7166), ('1ETQkef8UBLP8RtzkrNrEKGvs1AViF1hUZ', 11699), ('3K23qcMjoZNYTYSv2m6LBkCSPXtioRFS53', 12999), ('3GLgeZJ8ciwQkLn3TxEJABSHEdzMMum6zA', 40955), ('38L29LshXRvLCDZzJRonCeqJG8ofjeYGY4', 1042), ('1C9jXnQmbUX7ve3Eh4RJ9MfaMMoVeB9ipb', 10000), ('1GJZtuHFco2cmAf4k4Be3fqF2wP4RT3sfE', 6619), ('1Dcc3McB2fAQwTaMir3MDKEM96oqvsj2hC', 1001), ('bc1qgweq7yvut7u98d27jvhw4hfzmgvh6a8hu682hq', 534261), ('1CTZh6nkNJFKRGumcDsnrtwZj2VfganbgX', 3843), ('19XPHtNzBVZEMFas8c2SRvBRTjm4X3b4ij', 1146), ('3CDTArGqqfznCUcziYRyfRV59YLKZSn9KJ', 1787), ('1FYwLTchviy789Bwvz7fLcvAUzb7JXmwnu', 1000), ('1EUQpC8isr9DdgpJnXozcK17Gfw7tigWd7', 1246), ('39daVZK5STwJynosrcfJZbwYQ5LrMaeXtA', 9872), ('1KSwtiRJxu529MmfKn28VzMkn513DmhRK1', 1051), ('bc1qr9dvx2ktjyqqnwyr2zcvvyheppkku9x43nq5qx', 1807), ('1QDwdotjtPLAUufiZoMkctfMdHaXuH1MdN', 1079), ('3F8Hf1M4MZPp7S5maRP812Vrgykt7XNGGk', 8059), ('3MWNbbCy8QXvV8vj2f8G2FDt9YVCVDae4r', 5747), ('3Fmn7dMDcmDoUstmnuFDY9eX23UE8BDntY', 6000), ('1bGLdpXAkEwP4o7UW9Qp8AB7vcwpnUzrV', 1000), ('31s5TiqgMgu2cBFTYVNRKJLJsY5PRs6Goe', 3922), ('3QZDEbT6swc77d87kA61PJkWU3DnYghgCg', 2341), ('bc1qmgjzjzkq7zwzhhdvcrzmp4a3stllkzfee0pc9l', 2379), ('338hHNyxc1AG3EiVRJkhCKScecf3D52V6a', 24072), ('39yPFPeJkiLjUTZBDKRkRYFidN6petVcBU', 1301), ('33KPH4ZVkWB4H79yfpdRwFpL7GvBexdcMT', 1000), ('15YNTQmPRRrTYKjjqgRUTCPn4s37tXnbYt', 4586), ('13f8y2ctAdGTFtjSUaGwxU76QWg3m5WiDj', 5646), ('1A8izunuBXcQF443qvBG6nycrZRqUcSM5t', 2169), ('1JJbxPQY1DQgsY1FEAJsrsPVvbE4Q8YUH3', 3000), ('1AR1e4gVpfR1QSAhaww6rhk68DMbwZhEgR', 1000), ('3M1fYCViay4MnN5qzRR9w3vPceS76gLxjx', 1114), ('35me6WbpGkcE68RbEjBJWqtyPssptTxJDC', 45168), ('1FDVnSTGn6cHE3cuqaY6HQ1uSuX9vw1BUJ', 30950), ('374KXZwvsXiLZoTS2Kb82nWJszNbTS9iwy', 1069), ('3AJmnuY2bGGoznQfaVQHPXC9ctHjLMC7Ex', 5637), ('1H4os66t2qUQDKLF9Z4QpvB57xCbKcpi16', 2733), ('3DN5NutZPhgZLCCywZxWDicwBhG8pWpAqp', 1000), ('1GFNriBnzPVVY7NEhWxQNZKfukd88jUwaT', 1000), ('3212Krg2EAYJVYkmU73qhYqSUsnawRvMFG', 4028), ('18d5oRbzTpGw1npcsMh1H2vMtbKV6M8bEJ', 1000), ('1EJ9DJ7wLiDcia38y92uuJ13ZLCi9bGcdz', 11000), ('1H37rkJg2kk2qEFdDWsQZC64QGFEASaXt5', 2426), ('1HrcYXiiciWW6by4tLribQ3odmXD1jFiXn', 1015), ('bc1q3yknc2x5ffwx858jrrtnchtluja2u0fz4jhhmw', 6391), ('3BozfWTrh9dhRrQbWBcn32x55yuYotMKTZ', 1590), ('389TmhTefEK546Q9Ca8CAMG5B28JLdLzCF', 4815), ('37ac5XFZ3E2jszTmZXWco53Kv1RbgKriqq', 1658), ('12JbdQothYKoTApxMimhGvjY8KLPzcbCEZ', 17919), ('32AMpfUbwdQQjbKNLs6VEj5gM1sTHk1yJ5', 1444), ('1Fr2kiNQYuWVEFvpFRmHY59TbfnJxu8chk', 1626), ('3K1nobNcBEoG8AbTF489pNQBVvAtFvNoCG', 1788), ('39HxNzXmXoxUHdp6a7ciXqorT4tci67cqU', 2748), ('35FuX9ZcGeeXYW24bgUBNs6P1jMBV3m8g2', 3318), ('3KtQRbuAH9DhY4Gb9aV3rKvjJowmYKiURu', 1073), ('16jt8aA7sSRwLgiLyiR4P1KKoxmVCPdcRo', 4000), ('37gDCk7Jovz72w2qiedhUkvukpLqyXavAj', 17799), ('18mqAJFbnyoLfVR4G9UcNrsarxm6yRYLpD', 10000), ('32LENLgFUSjc7nzifxLTJcoFNoqjanvhij', 1025), ('323aLh4sgvwfcxqimgFRFzNm6RhSUNnZkJ', 1000), ('3Art31b9g1nmo9s34usMGGrAr5K2eAvJSC', 5000), ('1CewA7ac2EBDszBgVkAJVjZ9XvasAsJYkv', 2735), ('18SrqnuVz22ZFaeM9RKE3MfLaCCfGixBmj', 2576), ('33u4AniFkJA9VcLZySjSBg7vQfanEDMKka', 1908), ('3ChWKTc9UVieGgdo1Kc4PexJSgNCXCgEYc', 4500), ('18bY4F5FCrZXNeGowTdPnEKqQU1dc9Yr9R', 22833), ('1CnDpmXnYYhxXop27UpCJ537mXdnAqWfS5', 4435), ('3BT4BxE89PfKooZaSVYpysabBaqWXcco5m', 1000), ('15UNyJMCn6g4tDWqvEPriNXdEUqieUnHit', 1023), ('172Hn8MepkAnyptoEEWqbyKh1dbg3XVJFs', 36660), ('bc1qwlw2pfuqyu07vq2akdw5cxkrfmm062tph0t585', 1752), ('3QCnUYnToAxPkTPQfe87Li9Ue33M1h2uc3', 5000), ('3Ca5cd6EbnnmrMbBzNjpaPBT8Rp3PnTCQT', 9000), ('1NxXi3mMxJZ2dEtdJA7NbDiSTc2gnmDgkc', 15192), ('14ybHmcoux6MDVzFLKBBopU5hexhbFXFHn', 3864), ('391EYmcfEw8RTDvEBMrh6vxQ2rJuVfEExZ', 1013), ('35WHTdFWDhrrHFY2o9scNA4Mot2kQcGJVW', 7001), ('1JpgJVMZKHwYCeb1wVixqAjrDGkEGu1uAY', 34996), ('1EcuQxk6DKPNBY6wgJLnQJyC2NbayWTdRR', 17463), ('3Dy9wQRtUZ4DLp4R2JsGPQ1i8hwSVvDqdg', 9323), ('1KkZofVLYLPJxsNQWMcMLXJYxKmYpnWTn5', 1192), ('bc1q306ap0uk3mqjs4mmnx4s435vh8vvl7m8lcjuvv', 2000), ('1ERmSQW5HfWUdFyFCzAkGkKYT9735cCFLy', 4100), ('1Dqca1TzX8525gY8jScmDpQPwE5Ug8KUSh', 1336), ('1MfuqgFgkvLnYgX31Fmtzu3BSJemPqePxw', 2059), ('34oX7UZMhzMoWtMMaYP5dN9WS2MTtL35cp', 1381), ('bc1qmdjga2q772kt93ragsx98uugskf5wlt077fasf', 1953), ('1AtndQnoUQWYtmKD9LqTHKYJJknXeoYdMW', 3925), ('1K3cppkPHzXWYMHa6GtZS18Cr7Ccw4XgbF', 33599), ('19iHKKYdnu6axLZ1UDDLoL1Mr6tUbudeDn', 1299), ('3PgVhxwXEBujd4CjcJKyL5L2BPivmbEUtg', 1985), ('15nVb31KznyCxoiWWvTtiF1tqvJZb8ov6R', 1026), ('3DCxymgKKBP7tr5AQA4WemZunS6Dhqc2wE', 14062), ('bc1qsdfs0uerhflwan7nl8wkyqzy28hadecjj8leya', 9613), ('1GiFPW4XKugCc26E2oCpnvuJrVXFmAZw2T', 2371), ('bc1qd8dtrqgatx7pm9rf90fajcglu2mqrlmnjda23d', 2000), ('3M8WWx8RMNF3UJy8g7tZM6GXF6nFwgDzeZ', 11665), ('1AAnX4beR8b8zUKn4DGFrSGTWTtbTjfNoZ', 10000), ('38YeoJczmuLvQ8qXngBcaf9Xp5TmKsV8M4', 1000), ('1FYsvVd826p1rmkqrAj9wZRR2gfCtHKaXA', 10000), ('1KoPt7JpGyXDtsuYKj7orZiy7uACbHZJaE', 1000), ('bc1qk2n9h6vmpcw0fc5nke5c60npcpcjmk4d5gpjgh', 1567), ('354XvMogBV5rrznDFuTxVttrxWQpN84DMS', 5140), ('3LwfAtdqPWMB82pRGEQh7NhoYJwcA2eXvx', 1133), ('3JA8cptGcxbuepLBfhayRsJihB8qAA1q8F', 3300), ('3AvXa2gQU1fZj7x2TDCJysL9PUiS89tXV4', 5675), ('35vktkPo4wdK8Twu4VMiuPLdCx23XEykGY', 1116), ('37Xwv4CJbZYLsttKpjkrCBpT9NZfJxWKHb', 1226), ('bc1qvh5hk9cwz64xz40hvkkaykchnpmfvp4lccgvnj', 10000), ('bc1qruvlsj3au6g7m387d4zdmgfj04dyhe7jdk8rarlvvz2kltsdh7ps5at66k', 3822), ('3BKmx4wdGnerBt3ERCov9upPz2HCnFWzW5', 37393), ('3ARGL2xzKgSxHLGqWCWDawu7snCVbSEmwh', 3814), ('1LjotvrxDm7dUd7Has3wmuTS4XBckS7Yy', 33569), ('339Bi22UvxTD8gbihk35dAtw8aBT5QWxRd', 2341), ('3FtyyEydjA7p5H6RWmY31ptbFamZQQThyq', 11252), ('1L8Jd5cn4okGBC2D24sVehJo59q5LTpYc1', 1000), ('38QQmjaTs7E8PZTj48GLEnri1m1uzj6Cam', 9000), ('bc1q3tden82kfnr9yp63tcxmpewc99w06ej5jalm82', 2065), ('39gKMKVuJ3KaD9VpL3EhMjuThCEWpDpULU', 1270), ('3F1J3RGWKfjiYbcauZBjvgFcBUfWC8m4b6', 3000), ('1HSE5RKjKwRG3RjpyqGJ9dMTd776K7qMnj', 2000), ('36mZjPzZBWrmJ7JKh2UeuR85uA6XZeiwmW', 1065), ('39PCnNHKt5NXQA64trx5kh9bCANrwXHFKc', 1571), ('3GrFuvKHoPXd3nzmq3HEjLjGy5e32rEtTw', 3699), ('17uAER3bWj99cB4svo2E8FkiPqHT4BtKSi', 11042), ('1KnFRbLU2d9nsRoHPyt6zPdYhk7GqgsYDx', 1000), ('3QDd2PiJR8PypHAU3FxKDqD2UhCmhwVG4E', 6571), ('bc1q24kkx3n8lusl9gyqn3tefadcp26jhzfyauxy5e', 1559), ('3LUkdBQV4WMUHww5PnVk6bfuafPfSqJfKy', 1111), ('1FeaCsnbP5BC2pjdPab5DvU1EEKndp3Ake', 2551), ('178QoasFYabSz37jHSmzhye7dwjLqjkfTX', 11361), ('1JjYQ8rBHCoGv5J2VXVSGqp6Mga61VETAs', 14834), ('1NR1MwxiBCGgGwJqmRoJJfN7J1c5dNhcGK', 1167), ('1FkZzwMsGenWsnNfv6BZKqiirHs1nvgAjF', 1758), ('3QbSWc9WSUVKTZKQjUPDnNow2ehLVZJGga', 18000), ('326ktf58w3i7Ef2taPuTHoJXJmMm9wRxGv', 1843), ('3JfXrkQMKur9ubsxuLoYg6iPBQWPdr2R8k', 1841), ('3DWB2xNqMikQikcXHCZvohfseHresP4ZRW', 6668), ('3K26SU2NX3jw1r3fxemhTPWM4f7j9rmyM5', 2915), ('1K9nowRJncqw7BhHtQJLuCi8d3ri5WHPtx', 21258), ('3P67L2GxavagSi2wu4GpBNhpNnYiPAVKMM', 29714), ('3AAXDotywAFgt5xzxjBGcuhUR1M53kKgik', 9221), ('34D7JCpvq2KyFH9aBLfpru2wgGQKJXmnNo', 40000), ('3KxJ4mEzqtatbJ12K7EzJN2PqwLbF2FFYz', 1409), ('3HVoFkrYxrJbpGBCx3PMh7UV2LiYwFcCJC', 3755), ('3H6k4GZgLgFvq9dt41GuXc4Mt7XEPnzHT9', 6635), ('bc1qxx25wms7cq8s65m360ljf7lpq6xc4sx2kldg7a', 4098), ('32tzNq71ErrgA3oz1r2394Ha6ACpSnAQyy', 5725), ('179gPEmB37Co59oLmhBXjWcHPtxdhFN5wv', 1401), ('36CdezjSLddfEyB2zccdvqEJKR5q47f8AJ', 8564), ('3QiJ8GCtuVb7yzUbay1h6unjTwBVYecjGt', 1684), ('1DdQQpH9dJMgknoCUZzuG1uyUwb5NohWVp', 2000), ('1PvMbrdGJ7SdsuVe9dL9rHRxL5TdTb34ew', 4322), ('1Q3iyHNJKBUo9QVtvAWohKAzwKANa7sHeH', 1034), ('bc1qstak3vq7yzdvsrvnz8xkh2qwzsv39yqme972sm', 40222), ('15HDZ8Wx7iTos3rfe1A5pgjiCuiDmf9Qfu', 7150), ('3LzFANeFxqzN2E1vuHoMoBnw4SxtHLvMEE', 3661), ('bc1q3tu8e2tt0t4vaxu7sqmsunamjzsrgatptlna28', 1008), ('12pWH9CMHW3mD36txAdiktHfDFuXYFXxxv', 1119), ('3JENNxgDJ4g4gKcwjKDzZDsoGo9CYiCceY', 7344), ('39o6Ch7t9kAoEJFR7rEBouR7253QVekg9R', 2404), ('bc1q9dem4tqkgcyrdgkq8mxurjvxzpgsxt3zgy5sz6', 20961), ('bc1q2g0h0e0wvt7xvludau6cdtfqeuctula0amq592', 1000), ('3KoT4fv6zqKFMmL6iwr5Yb7kGuHcrDDLzZ', 1487), ('1PBwpJvg5cJg6PXmJXUy3yiYAhpLA26ng', 8061), ('3CgvzRnhfT7gvvETgyXypKRkTyBaZGdnVh', 20671), ('3CadtCkbo3zXctTE9Bg57w3CtuK7LWTcho', 1762), ('bc1q9f9dd02w2rw28d0wcgr30lusqf0u4yfm6nk28e', 38680), ('37gHv3WCvSAu6wNqij978MivRaBLVUwtq1', 1148), ('1bBCpaTkj9zehKPrB1G9iK73LhcTkNoLi', 1000), ('1NzjumS8y96FjiS3YmJYJE2x8mXwVdcn6P', 1099), ('3D7okjd8AvBB995QJExGbCKhstStVrT6Ls', 1000), ('1MZGq9CqSrzZ86Q4ifTP6Qmpj9zuszmC3', 15359), ('3Jfg8qrtYRsd1G8S11yeDcR9KTXTw92dxV', 4370), ('3JsZydGJhcWKTfodbCnLJVwM8V33W3Lb2N', 1000), ('3PAYYZPsQFKFPquakEXq9VYTWydxSoa7mc', 1200), ('39SAy1wgT2dT9LEoW9D5e665VNYXxvkLnz', 1000), ('3QaH61RbtAfaFvbedMm3Neaic5L2L3vuU3', 27000), ('1Jk7XgfwzRPcJfHGs2ygXWhQaAQNsVX8YE', 16399), ('1AKHBvQPY4SatptAdfLQEdXt9vaAMMdqeX', 1000), ('3KXZi2NYwLTabTqXwDtgNCHMbo3RxWoLRN', 2000), ('3CGdTmhN8cZj6xSiRxzdWmXoGzvMR6hFsH', 1186), ('3ABy8e38GqKZLTRsYdwNp443ZWcKEXxK1d', 4666), ('15zaffoCVeJJsgHX7QAGxehWXoPUVafKjn', 30728), ('35zzya3SjntFar5g349Wo9a963AoFGhcq7', 1008), ('36t4QuV12gM7FVAKufADAGfF2WogQFF8Cj', 27716), ('3M3w66gpfDxUVpfTWaEvqzs7hv8KHNWqpn', 1000), ('1EQN1eGVncomy2TGjeuD3P1eo6LH5WFQbt', 1001), ('1Niqxz9hfLS9b2hhZtSuKCUfKUvUnRnTdC', 34010), ('3FemyALYMKkFSRcxGvXj7a68rdtJH4ebYc', 1000), ('bc1qmv8ef0nq37et6acds38m3d4gahhgx6yx2ffgmx', 2353), ('32f24gswv5btQspvC1LpaB98QKnEzVFfJv', 10309), ('1Pa5Tun4XK6RD2rdYejK5MRWiWdotABDdf', 2835), ('15HZjn6QkJiTuNVkdTBAN2pcoW7VRzGmiW', 2228), ('3KXAqQxNnCyQ93J8j4KqbRfaTHP2ipS5r3', 1500), ('3HziSuS6yfYdr2vHr5EqaTYLZLWX9zo7XC', 40635), ('3M81yhukLcZS9Uq9kAKLW5kdnfLCT1vh3W', 2900), ('3AphMbtZbvGxrTGWDbtA1KxKR1RJa1cFb1', 16049), ('1CH4RutKqWb2JwNY6herTrsJbdj2hZh4u3', 2328), ('3DCGkH8JNyiaCZasr9LKSkQeHqVQn1BpKr', 1250), ('14DK7ip1xpWFZHcC66mE29dxaeNmBPgViT', 7710), ('1ANKVW4tMcofoW6JS2YVg2JTnqfJUhDAao', 1214), ('3LBCnSGHByCPi3is2aK9RasM2ztkoqg9tA', 1000), ('3Q1ZVUcuU4fBDTmHJsLk746TpXvuhntNbp', 33917), ('33GUJgN6ZnjSvhBKnUvvsrM1XVz8YP66xg', 23531), ('372Djhq8XhLt7oJA5jnrXFcUqtmwSzFoYp', 1000), ('17Md2BUJT9juzfK6PTSdCpxkZAWQi1pPGG', 3000), ('3Be8Z2QfFXDGLx2jpsEj48hVrSQx57cp6H', 8000), ('19rH1fHZv4cCDZs8RrF1CfbFWr4RsLeyo3', 6000), ('3CcxroWri7oE2Bc5F3Qtghyxosir1djWWS', 11828), ('35CSoHGp73vzf9uribcNN6w4ieSpTX6DJv', 9317), ('3HwDxzqZjYVCoj5TGfo6Gxg9M5dtH5oQ5e', 1234), ('3Lbf19XsrNMPig6Lx1yJ7SY9B4gZp8tXHa', 40000), ('1Dvr2pk2UPDJxUX5LcQDKrJprKDCXtCo3k', 1000), ('34dzsPcnjVRrpUX1Foxphppo2knshrM1vH', 10116), ('18UUUyCAXjoP7r4vHTsKwQqTFS93giQRfS', 12045), ('3JttwA4FeCpUKX7N8s1uLzVK4YRhdoeCjs', 5479), ('36xxWgHnjmhQHeHYp7nS3XUy6vGgDDQtHn', 2788), ('32W7wtsyXfjPu8t2UAmn4DhiTmzAeq7uW9', 7904), ('3PZEHR2gsDpm5iveUxn5PoCdGCCueS7YdE', 11338), ('1Gk5mzgY4m3fPayWQ92ogWbredvLu4TknY', 11629), ('18FPXrb9giS95JLpo5vUE99JMTDrRCUhBG', 13616), ('bc1qch7zgl7tznvudq76knltrxddh9x2ext009lxlw', 2207), ('1GTGCRKCdqpC5fjpi9cwwKRuDmKafofESr', 4242), ('39cpkUUC3tB8J6n8ev5D21UsRjebzjKAEn', 4094), ('1MAbe9kBkvbjmKzCFTXh7SVpWACb9MRway', 1135), ('bc1qel7ahl6nysf49g02seqa7ems8tpmhfcxcthllt', 5951), ('36AyfVQQ6TAmF8jUTsf4GUQ7qPRuKk3iDG', 5980), ('3JHchgu9RFeCW9apjkXNNmCXKan3HUNYb6', 1002), ('3KMuc6rmHkxJLoC1DJUHfvghDe2cqDJp49', 12522), ('36rK7c2yN9NG9o772n1tAg9eJB4vh4vwE3', 1000), ('1E5vvnBnEypoQ4QBPGesxoYr9fiZxPf7yt', 25297), ('354aDru9s9yBXMfkRBDzyXjggvTaoJ4zPe', 7344), ('1NxV8APJuoV7yhVinNL9mcpTbkJwKgWMP5', 3274), ('3MiqfErFWFhBW3CkUahJkGvTyqy3uRPEyU', 10891), ('3KLC1wepP2ovbGc1Kf7XxGKk77GCgDvYGe', 1002), ('39VpvCHwbN2XYNo1gF1S4WSEbmeX4tt98q', 1230), ('3AQwNy1XH5Fm5KrnwrM7FDMikYcLFt55yv', 14389), ('14ZMNj95Jd1GfDx4tR6NQGGfEcCj8Qwg1S', 8736), ('19DjRmaHtjfHLFHHtYshkG6UWmY4tUeTZQ', 1000), ('34rCEZu3Kvd21HCgKYs4guaBskJDQP2CiP', 5072), ('3KPYCFmAcdkMRDo2RUnxyGwac1TtF5dxAr', 1000), ('17JbYMoSUcjinwtvtgPbEw9Mnmo9fRYDH5', 31322), ('19wB9f2wqD17aJyVT2uLoq3sQ9bEyti8ta', 1314), ('3CfaTU7HZL5DyNKkKuiXsnVGgxG6QJjzMA', 1207), ('bc1q5pgdycvmqmkyw4va09xffzk5390ckjkz33uzyv', 1860), ('1BhUYaXK8Ud4RsspaAPNo4uM3hidytRc1u', 1012), ('17kvrLCioXBfTvhGmqVWJDax7mQdXBoBYj', 34381), ('13GeqgqDMEdZzzTirZ15B1AMk6VCPiqY6o', 10037), ('38ffUhvqBPmyVVAhSMKwe3DiZv5M8Qga6M', 3444), ('3BC6VSRYBjHJ4QWiro3Qt5mXUwZQepJkrS', 4011), ('3PcnaeJdp4nVL9P6ax35uNGPSB8YL7zFH9', 10000), ('368RFtWYd6i7Bo5r3ospNfUc8zdjt15UCJ', 1500), ('38z2jAPZBkRCuMogyQazaXhiphSMiYCKWr', 1055), ('3MfSvphLYzRKcKsmweLCLzEDVaPggkTu5b', 20052), ('35gpZ5DtgZGaBuJnfnCWueeiF9zKbrxGc9', 1090), ('1S5LQdebE6rU3C7C2CWspvwd7Fpc9zMR4', 8483), ('1NEqF3weVC3cd1Fx3GgVa6vyBoW4TD8wYk', 12115), ('3AfJkdjRg5sCR232Wht6QGiMW2nhTN3pZ3', 3000), ('3Mg7Efe7cbaTq1TLvM7UaYk3jx44i2NABF', 14999), ('3FXr2NjRaCVHArYx8SBpJjz3bKhEo6hzcJ', 2309), ('17TcK1fF7YvCKB8Lb6gMst4bshaP9U2DGg', 14533), ('3HQLqM5t6zNRFGVpv5Zj16U5A2KGhysdgi', 2000), ('19zDMAJsAFNEXup4PcNCWprYrpAuFRbwTj', 2247), ('bc1qpt7t9cmwefuurkuujdu9cms7j4ht7r04g68xxn', 2292), ('3EmCTbfRuq1nfSC6NMzJawhYk42LLGiseY', 1006), ('1C7nwgQTQ6ZQy9PhxcPiUYsSymGNu31rzx', 2000), ('3K1W7Zqektmd491ZgaSar9Y71SkeQg4ckz', 5161), ('3EUe1inqkwKKJqJtiByFJYar383SWZp7CG', 1000), ('1CNpExuftr3RiEziy8okBgYVQ2BtkcQcBR', 5526), ('12TYZHqyox9uGkFnwKJdL8kQ1ndoSQdpLC', 13489), ('37UhWqPx8t5fwz7W6bmXMCjCtJG776UBUW', 2945), ('1HL4dFrajmHMQStQgBNhe8WhS9wTVgtGZj', 5211), ('38gGizuRvNw72pKFeaCVUsAihcRP6745Rs', 4000), ('1PUASBf5jFLMR2YKHcrUs7kyesULETW28y', 4000), ('3CtFYgxvJw1o7TznmdZFQNudgjEHiYdbc9', 1037), ('1BcAS6bgJYVzHW8QPConqgqzTLJ8fDqpW4', 1347), ('3EvyiHWYdTSjT9qDDmHpyZ1h6zmwkAhUUe', 5920), ('3JEsxTJm7YYAwNg9qFABJNhx1KsjB7CCcf', 19600), ('133vv5Jv9Nceg6T8XAfzFHvNzzAdeq9xYr', 10000), ('1BuTBGuriKyhA5ZZXQA5tfWU8ZuK131LaM', 14951), ('1B4erSQjyZbuifxYj8fbaZpG3i8mda7TZn', 4500), ('36czvsTgzTKXnCQTRJ1dHx3Ni6p8y7xCGC', 4475), ('1H14Dpz1xyJQqfmKE7v4Q45nMVsQM6Do1u', 7770), ('1CofRSWNzSCqj8ZPsxBWc4HE77P5fqQ25z', 18850), ('bc1qvufa8re3ga8fqswpwtu8n88qgnm0ycmgf362yfltkr89lmrr5n5sn4yavm', 21474), ('3HFEih5YXLBfiHtYWRexdWitZkvqB3w9RA', 1216), ('1AZ2tXFYaCz5k3sAHWhd1WKGUeTaMA82PP', 3000), ('19ucndzYZ49uM7uyJdZfLuivke4Bvf3Zw5', 3699), ('3Cj8ZxRnf15uAcUPfWHdYPeDotUqhNw43u', 2000), ('17f6CNKxMyVvghc61KXDUv7huoqVGuTmS2', 9448), ('3N6oBpHC5CWDRqm3ehh8ceU5f2xJxnSRYi', 5633), ('3J2QydiXjHdBhbuFPJ6ddmtVpnL9pLch1n', 1203), ('1Mrt5tTJTLyzkkr3AJq4ksckEAfFWx57hZ', 2900), ('3CBSpqNvDoYVW4sXZPZANzSKHTz9cZfWab', 4415), ('36NrL8JyYuYnp5ES4KN1eH1GdvSPKLYgM5', 1005), ('1DKL8QHXEgCtpSLyDTfrUaqwf3dP5mb3BP', 8139), ('16Fun6geXk2o8hxyrqH866xGDNMaUe1So8', 17333), ('3NYGtRoTwXLSdKsGCdLjQXfna3Yn6ah2e6', 16541), ('3N8rwuYjThGNKrAHoHdaKTBtrDWEbriyFr', 2712), ('31xG2ci6Fhw11CBmFpoKHy8pJBSB5M85SN', 1456), ('1Q2RUh1f36dnjUxZeSNEUJWmpoCSneyb3B', 1385), ('1AK2a1kRTuVHK2RVyK1UjQHoytjFwrYGes', 3377), ('1D2deiMh9dh6Qv3T893KHFikaexXgVaSSz', 11670), ('1Ey4ZquhwnktEcbxcSZnDYB9Rkq4LAS8a3', 4000), ('1CDVioAEJWmhHcJcGo2T3jQYjuJ2nXFAJH', 3212), ('3D4ZCvYwDpRGMqJxMhwpAQzL6vibZR3ihS', 2392), ('1HpTzuLSrMXH2auK9mAxgzH8AJTNLfStjN', 1307), ('3M5Tz8xCwEfKWjse9f4ighsqNdYUFDUooh', 3699), ('16Yw9DrYprKAxcme43nEHxX7kTmxBSnnbL', 1000), ('3EJT2YkPMNk3VLUCBhvRaJrvb8Dw7jrYYt', 1000), ('3KnTjYc3T67rP2hPUwGomNd2FDgCwrx4b9', 14931), ('3DPfqcJSTtkBNMTsu1XwBeJMS2gwsfyKZq', 1009), ('3ApWRtWv4TLYR7TzSxDasGyNf9fC5FLF5C', 5000), ('3583TcLt15YLTYnG97rUSqx1UPYxbcVqKH', 10000), ('1H65UbqKdTmFzGmaa3WBSac1jSUrXMRDAy', 40000), ('1DowEnx71T2sL4BLWPvRjBYoXHz87A4u9U', 11000), ('1Gn7nxq36icUBMYXg4w7g6KYsd9CmexJDU', 1188), ('3PbGJY3pyttopC18faXt4UuPXe8UHnpApp', 5794), ('18G1sfuJbpimetsM9NWfcWVUw3VyAomS12', 15741), ('1FPb1P4HmTxuHDumvWrK5wEEch9cWh2opk', 1000), ('1CZhdofCUQm2HgGMtUG6KWiQsQGtXrj6D3', 11621), ('37WhU6ASv975GohGQLpynxNNkbwftf6gRw', 1851), ('3A6rUgWbX9rCKo9dAPgu1KXBSnpHBJeWMZ', 3240), ('1DtZX8QHKR3PuyLd2DpiG9gxZ9LiATpHYr', 2000), ('14rM7pM1qqPDg48YtL2rFuAexzCiUHwyVC', 1119), ('3JtNQAYpsM3DmXN2sbam7uH6VWT156hbB9', 15772), ('37kuYEFzUtUXFZ7UvC1uq6n1SapALr4NcW', 1211), ('1KC87fiLcW9svyku4zUeo9zKa4nbbBFfWo', 1082), ('1Q9vsbcVJy5NgcH2WHzQzFbiWyHbxi7X2y', 7736), ('3QQmQzRxaVfLu9HXNQZKXkv8WLfPRpPo1B', 1189), ('32Rxkv4zMwcBe7aVkR1a9U4tKgxJwouLut', 9901), ('1FgMazGWhwrPmgnK3HWe4XERMsg7th7dHs', 1034), ('3JSjuMMRtSUpYuXsPRtFePtspst3MFFs7R', 1006), ('1AAC5QkAnTLPhbELCXQiNPz4W91Q1E2vuF', 1756), ('3HKgcMKvyFBTbRsYbkKNB1qofuE9XyJu3H', 1932), ('3L9TL6nypAshyrAPywjXnTqAGWXKkU7YoB', 6408), ('1K5zcebMX3ZiGMjK1oTFacGjmpvc8wZs93', 2099), ('bc1qzxdxeu33h23ujyxg6uvddwt7v2kpyyf8n4m0hd', 1000), ('3QbC64aFWJZmsXupAe1uZR37qutQQiua5R', 1013), ('3PFdWzofcyvWYXWhxMajjcXsJGrnwRapUH', 2400), ('bc1q5v0ec5nkee0v8x7g8940hp770v69ur9kh6fhuh', 1012), ('35DmncA71Ako7u4joyPZQ1z8RBDwEvG4GK', 21866), ('3MNXSdzvtRWgeP3nZEdxTwFHxAAnzQU6uF', 36900), ('37yAFULSYrSmp7k1sY1P2igNqgUNvsTuMP', 1186), ('3E8z2vYXrqwpCveH72i4KNWEwJJwgthCW2', 1679), ('18Xj54c5EzJMLJ2iWiY5sACLVDeQpgZ3nS', 2741), ('13qBszw2Y5EmgrWgEtEW5LHMTA2JuEcHSL', 10021), ('3BeauwJv2EKKWvoVW7pHtxhMNPaE2SaVVW', 1032), ('15mkpNDFtF4BuhXHRQJ7AG1cvkU9qzwrtw', 11079), ('1QFjkQuPWamzNUerGjiGKjHqiTW8e1nhig', 2366), ('16dFkbLK77VLXzoKHhUuKvQDVATaCC7rRs', 2000), ('1JihauofwEhBgrcpreedpxaPhhvCkpMF3f', 29999), ('3LXDvvWVz8VEDKsac2WAp1vqyFC5LMB3MJ', 13563), ('3Ab56YyeAeuCRpuDoNBFfpLNTbyzqj3Aqi', 40000), ('1Bv4mHpzB1dDBhesGL6XJDb9SfeSWUNa3U', 1000), ('1GpsEpPUASGAFrGSDsLDv577GWj6i5tDWD', 9695), ('15HndfYsyJwhyyzYZEkWdUx8Dsvt1yxYwn', 2440), ('1GnFkmPvH1S4KvP71WZeHFPuQDN74ZnmXW', 8391), ('3FgnPn58tC8mpUsMyYBjuYdU6uyFU4ogBh', 4602), ('1DJZLGrytSzWfgaDSPsGMMBd9AKy3Zs1tL', 1800), ('37R2jv9B4Sd9Y2TDu8NUV6aqjB8eEor7cn', 5153), ('3CZtnj9Pb3PsztsywFDZsAtnQJGrNHwZzH', 4607), ('35XQDk13DcuFjHezFs3VhDgFtwt3TmL8Pa', 1417), ('112Ux2JBEGuKFGpTT9E4rFovp6ofbyCbVz', 4478), ('39QjkMDZFuxr4xNKJCL3kw4duZzx5LyoLg', 2544), ('3EA2GNso8d7E2d2QdPdxxRubSAAXzZF1WY', 2000), ('1SQabifGLqVxYGGYpcVjm5LFKN27cYQcD', 2464), ('3He1Bcn3F7R6eW8SMfxpCR9ukSQCqvf5DQ', 8192), ('12m8617oxBwx4AvcLkckRmgL5taUNpsLVX', 11000), ('3261V5AuPo37AQDbpF5DVSQdXfg1hxBC69', 5835), ('1Cn7oYwrRPJjPJbUzWrnYB12oygPiKDnDn', 11503), ('3D7hSAE9aL5cc8YzHauJ4u4aKeMduJJHnR', 3300), ('3Q8C6xN9zMiJuXC4fkmMfXooMmEax6YFK4', 1908), ('3DAwZUdeEBGXHWrfF27aGSw8b7kScc1hzv', 1000), ('3N2fghgRMSgE5MosujMTQ1VhzSGo7ody9a', 10139), ('bc1q34w62d3ss0vdkprm2zvsurf5r2546akz6pp2pf', 1006), ('35GwS4bUmnNvquswrQrAdsTiQt2qyf2ncK', 8700), ('19fNpfZ22DJUD1wV3j12JE8BdJJcNDrYBf', 1199), ('3DVSjobSgbZJEjLdPf8CgsBnzjq4R4wUQb', 8540), ('3ELV8obP9NHydr2sXdNgx7uBdnSGgC9PiT', 1000), ('18k1uzU34B1Q3gh6ojeqQ3YDDn1QQ7eDaG', 2903), ('1JY6YnT2raEai9eT6Ue4Sy5EGpmFmgyP4g', 20561), ('3GwG1c3geFdiiM2E24nu9aBsZnMrSYzvNW', 1003), ('1MEgWDf2Za5y3V8CorWLCA9NU1ezwABDb2', 42150), ('1LcgWYKfXHjTVBJWkxz8Jo3htBfmZi3ZEw', 5251), ('3Jyy4DSswUmhr2mELUbyBsqtZKBJdPkb9A', 1208), ('33TkRa9RCoGedo4yeoAw918JBVd9RYcEnR', 2500), ('33k8tEZVQwnJanWBYRPKgDMsgjRkzknfET', 24456), ('32YQNNbLMPhz1xPDoqa8fmPYNH4zJnhzGd', 12120), ('325doNbmH9vQshJqNDzC4mX5jifeKtwaxT', 2159), ('3CCBYQYoExAtqEJbRGnSK4kKAAT3e5ZN7k', 1000), ('3QYmZDACyAt37rhmtodeiT67xkH2UMtU3W', 1030), ('3JaYN68fbL3pX84gdTMDfV7Pesg7WCGd6D', 1595), ('1PMRUNPvqPLKk1Q1PiJq48xoVgiRKMedv', 20000), ('34BceFvh5ETfMpERhy2w1bSx4Ld4AJpoWp', 4000), ('3PFBJvUVVXvkW94VoFRWEjdkpAxH4YJzWP', 1356), ('3JzKEiyhoiSnK4FSKcwjBgE2kEsMDpn2CN', 7635), ('3G6ypE8QSSmgZkacrtcJXE6bfu64p19PmZ', 2199), ('1P1hCv7aR7LeQEk8PKXud4Y9LpqY6eSohh', 3784), ('35rnPS6qEdLUBEMLce7zoY1KDK1fLbGm3S', 1242), ('1LYy5XuTpVP2vwwJE9WeJZV4s4ibL3srvh', 1299), ('122PC21ixmzCawfd97GyDYscEWZnTuRPhT', 3100), ('3GrykapDZkeBYAuZTx2SrhgyUVXhMJTAt2', 30831), ('3B9nnHvB6GpL93b58oMkUMKBtAv6RrUXJz', 10000), ('3MtZDsx73MoPzqjw8cRNLiu1wCDVGAdYuP', 2746), ('3NM6YcKp4H1hN3cheLs983A6EmXG7fKNd1', 2139), ('17KfyfeXd8afwRqTBHtuGwfzTKend8X1a5', 1164), ('3J7yQTbDa2d1VVDocm75hqMQ8Tg2wpUcDD', 10000), ('39pnoKRqWiYGJxJdqiPMc1zYuoSSBYicoa', 1011), ('1BmvtM2RC4CD3wD2RpbHiL3BG6nNZWpnfN', 2869), ('33Atjrc2N7SBASTwSJifGWjAXMbT7YtMvh', 1042), ('1FHuZwwpPE9Hc6LMnnzfQrwC9umS1fyTEg', 1372), ('3BABCzaB2axpknCGMHL5NSf187TV9TajAj', 2998)]"
