,tx_id,time,inputs,outputs
0,0573948f6a60819aae52f10b9c5c1d6226e2ac076f9aa16a4c06ff2dbbcdbdd7,2021-08-01 05:50:36,"[('bc1q7unktjhgffxeqrd87nsr8unlp9qalwdkxcg595', 85562226)]","[('1LewjcQhXoe7eFnPvLSJHLhBKHtCoqQFri', 437152), ('bc1q7unktjhgffxeqrd87nsr8unlp9qalwdkxcg595', 85124396)]"
1,07ba91ed9cd7b98060cbdd6e1b61debe8fef61e4f3c0960383bb15d302a093d0,2021-07-23 09:58:03,"[('1GAkQrZ3UW4urBZfonE8hLyhaLAZ9y9fsY', 2033898), ('12nbxYHVgVdP4wVF9eoa4vb5bdLrR8yShS', 2225000)]","[('1Lmbw9Bt1JPhReNxr9jX8AwZUQdQMo2RrJ', 162000), ('bc1qugpqaw4gjwfaw0ya4arlyyr4v0yuv49awp28uk', 704000), ('3QvFg9BjToDVo1X7vZwaZvVNcp7uLWZDHz', 86174), ('19UZvhfPqr4AMKipSouRwBMvi8d1gf5vsG', 262569), ('1LewjcQhXoe7eFnPvLSJHLhBKHtCoqQFri', 557401), ('1FdZvgorQSwJ7kmwHXVhqVDuCeAuenv5dK', 411000), ('1DpSzik1mhGS3BmPmQct8wNuj3c1DW2N6x', 147000), ('35UsbuhZzwgU6aE9sTX3KP8AvAbRjhWmpM', 152000), ('bc1qn8pdd9hrlt9h44735kg3qxanuhhh3nrft4cj6z', 987000), ('1Aa1mKcK5NRhtasdxJTAsfBUWLneqmJ4nH', 718354)]"
2,445bef54430d0c86d52565eb085a7502f6408161d218432f9826d3699ca395bc,2021-07-22 09:50:13,"[('12nbxYHVgVdP4wVF9eoa4vb5bdLrR8yShS', 105000), ('1HtWvSfVKupJvwMumLMTJviJtvcQxLG6ah', 100065155)]","[('35kvoNQYpuCFWALZj7cpxZiNV5uwmbjZmg', 724967), ('1Gnvwqt4WcwKoGmPvNBrUuBBp9aWaNMehE', 669297), ('1ELri6WPZfPvLwNrXkYBGD9o6cuTQwk7FA', 1529000), ('1KQEBBnWSuEj7ybLL8UhJmfeWqUEneJQu4', 4491731), ('1LewjcQhXoe7eFnPvLSJHLhBKHtCoqQFri', 1086464), ('1DZaj8yWWaqPqZEWnV1ikgXzadNa7w3fBf', 91610352)]"
3,5c86355d57481e7df7f391100c01607cc76f8989b741a7da8944c23a5e32e781,2021-07-22 08:37:08,"[('12nbxYHVgVdP4wVF9eoa4vb5bdLrR8yShS', 90000), ('12nbxYHVgVdP4wVF9eoa4vb5bdLrR8yShS', 12292000), ('13FWekrEBXFnvNUQ2iC3FXS5enY2CMZG17', 12007752), ('12nbxYHVgVdP4wVF9eoa4vb5bdLrR8yShS', 90000)]","[('1CV3aLX9uCPnnjZcnDvAdS44hCt9iesXHt', 594000), ('3ESH42nu9CFEUCZ4SLzguGJm5i1hyYuHMz', 6421000), ('1LewjcQhXoe7eFnPvLSJHLhBKHtCoqQFri', 501690), ('39DFULkUBu3oEGkNjeQDQLccBVuSmX91Gm', 7279000), ('3AAQFeGcwUeUTffUuGYeeVKCDB5qNUh8sy', 1039000), ('18N8JWuLR2sa2xYEU3dsz6D4Bv6mdCbjTe', 193000), ('1Czr4woLf1YJSPMuDpBuCdxKpYGDpHCtuB', 100844), ('1GAkQrZ3UW4urBZfonE8hLyhaLAZ9y9fsY', 8249626)]"
4,314b51f3a17946ab6898b4eae257d561048b212ed180fb09155f475960554339,2021-07-22 07:12:09,"[('1CXve9hSpBuWvVa6cfEkHm1DLkRA7AivQp', 51486866)]","[('bc1qz0yrllpjqq782y79lcal6k7f892jy5n25kwx3w', 299000), ('1NLfoj6JcNQfb425GEXbyXLWb3ELoUTmgr', 598000), ('1LewjcQhXoe7eFnPvLSJHLhBKHtCoqQFri', 211156), ('18Go1gDZUJToPScfWt78PAJ9yD3Db8VPfw', 3179782), ('1BtuXC4A9YkdywSWVQb6jLBjLMY6qXqVDT', 224000), ('1MApi1tWQygiW4CFEaqp25GdTDNFZ5sRxW', 572000), ('1BWgtCvgvh9vuZccWguA9nLvgsVnGDqbbB', 821000), ('bc1qx9ewkxuug0vqam528n92ke3eqfu0us3lugype6', 325000), ('3Nna8hfsFND3U5gFrU13FiHhnXMwMy7hfD', 92000), ('bc1qhj83qvt3e8y998c97e4vr6exx8c60dq0m68a2a', 470000), ('14cePE72YLEz2yFzu143gPcmHxjt6LA2d8', 90000), ('bc1qhgh6vwn24psz8jm6hkj09fe4nghtua0xs0ekqa', 1253000), ('bc1q5wmysy2h27l0t6fxu2me392u8wusqv4h3rlzpx', 271000), ('1AKmxpM8BRRTzrK1AAPdPZXd8L5Cy8PgZu', 269000), ('1csL4MaA5LnQDxeaCqzrwSnVBn4p1nSGG', 4316000), ('3QBZqmn52wy9tmBc7XwV9nssJFCbUK6PNH', 281000), ('bc1q8lskpd5k7ptx5se38k60h6vu2ggdqasvlnufvm', 1412000), ('12XAaH1dCQUK6Nr5jdPvJCw9e1QmdGFt3S', 7125259), ('3QBZqmn52wy9tmBc7XwV9nssJFCbUK6PNH', 6862000), ('3AyiZtir4HWUpeMD93jXu4AQtPZtn5Pyhm', 92000), ('1PGU4S3MqkCtqzNrJXJZAyS9HBQefgpYSw', 120000), ('3ChN262YRK5f6RFNqitVDD4BYJ1JAurPAL', 299000), ('bc1qqqwgzc0j4kycks2md3jkax50vsrhq4h9k8jc3p', 722000), ('3MdRVpzeeA5rADfPmejC8vMiKUTijq1Xmv', 566729), ('17FSdbFvcp877Dn5JMbWtQidgkdNySMrK4', 173000), ('12j5bwiEnmLiS3iw2AZ4u1cckbMebizWHm', 299000), ('1NeWjMdN3acSmGtLVH8fKmmhAzB5qhrA6c', 1523000), ('1J3gpN8T9mJZ6n9tydAxyMq17BdZJZSG2u', 598000), ('1HtWvSfVKupJvwMumLMTJviJtvcQxLG6ah', 18306354)]"
5,b2256c74e8a80e2a7fbb2afb2f2da2b0c8ae56c33addd2f054618cba9dbe9f75,2021-07-22 06:27:44,"[('12nbxYHVgVdP4wVF9eoa4vb5bdLrR8yShS', 5520000), ('1CXve9hSpBuWvVa6cfEkHm1DLkRA7AivQp', 3235884), ('12nbxYHVgVdP4wVF9eoa4vb5bdLrR8yShS', 91000), ('12nbxYHVgVdP4wVF9eoa4vb5bdLrR8yShS', 90000)]","[('bc1qnug84p5c9kknc0f9tpgdsyq83lqwsa69y3jr39', 188000), ('1C6rcBszVLKQcDpWevyRoJtpxhpYfFwZ51', 91000), ('1bvFzyiE7KFmzKBpNcxDCnXUPfDovT2Vd', 898000), ('31tUKDU3QSUDf6RmWuw6BKa3YyDor4WKtg', 292898), ('39iin7jqmXkthiiKHm92GrzU9W1YzsMA9H', 462000), ('38sHxjacq8j4nQFfupf3qP4xw2D2wCnByQ', 298000), ('3Nrj2v2UR3Q64Mzw1ZyYXfCFUzNNYDeLAG', 562905), ('3JeUcQcfSEVQsRdJc4p8J5MN9FHoVMhpH9', 996000), ('17b5tt6q7jw1jByJoMugf8bR17EVrVdDA1', 1492000), ('1LewjcQhXoe7eFnPvLSJHLhBKHtCoqQFri', 559414), ('bc1qahen4c3sqh43mg9qxz8nwj6alj44fagdnvemj2', 471000), ('bc1qlf968597rm2gx9yvur33qqm3sm8eutkt872cjx', 210000), ('1CXve9hSpBuWvVa6cfEkHm1DLkRA7AivQp', 2298061)]"
6,577081d7d42e5a627ef6207106f4ad92512b31e6399c00d1f446c3adae83d6fb,2021-07-22 05:24:56,"[('1CXve9hSpBuWvVa6cfEkHm1DLkRA7AivQp', 21590315), ('12nbxYHVgVdP4wVF9eoa4vb5bdLrR8yShS', 92000), ('12nbxYHVgVdP4wVF9eoa4vb5bdLrR8yShS', 92000)]","[('3Kx1S3GkLD8VSvgC2my2fnJJ9xuVbqWhkB', 92000), ('1LewjcQhXoe7eFnPvLSJHLhBKHtCoqQFri', 693964), ('3D2jztQbEP8RNx9x2Jz9TWLzsAhxVCxwS7', 1514655), ('bc1qzf2ymfyj6z4k2vl5t6r23slh38sr2h47jg6sv6', 157000), ('1NfaaCjitjQum13AtrHfeNz1bmU3xoa5rT', 86584), ('3AMMnpz7HSwAjru3vjyG2KKpbGxtUqSYYF', 305000), ('3DD7iAvmrVayBcVd3qtz4QyVgS2yzVVwYH', 3370175), ('1B8P4eyaeo5xRxiJqWx755dpBAejQDwHNj', 658000), ('3JXGDwapHUSgXQsYeaEZCQKuXNHrPqvsqe', 793000), ('bc1qu6fqjepeqwah4skc5uhzeewp4cdrrfz6ckp80c', 1035000), ('1E42NE8dRXp69s55BebPqXNTHsGGHmZ9eg', 12976321)]"
7,19d62482b4eb0012052f7384960bd59141ecf5ec3bb288e14d32400b2fbd60d7,2021-07-18 02:29:46,"[('1CXve9hSpBuWvVa6cfEkHm1DLkRA7AivQp', 6648008)]","[('1LewjcQhXoe7eFnPvLSJHLhBKHtCoqQFri', 1541903), ('bc1qc30mz9hexn7tjx98jhaws85guk0nul4my9jg2q', 1711000), ('1J5vHFPTmg1YaY7j7uisJhhAobJdSMijgj', 178000), ('1L7Djk3Lv2W4BvU1FZMLpDeFpxJXi9WeTD', 90000), ('17wm4NixmQCxMuBneBFDEfRpsqd5P4JmHg', 892000), ('15ytn5NdHJ5JD82L3NVSSBFtBiMRan5FEF', 148000), ('3GG5kMUSbSDQBVpELNcGMCccC5ch6EAQgY', 145116), ('bc1qprc7tz4q7ku67x3rhep9y6dhnxp3np9g7pdkme', 343000), ('1E42NE8dRXp69s55BebPqXNTHsGGHmZ9eg', 1549213)]"
8,057feaab5a3c86e3ee287bde01f43996b4762e807d4f11fa047cd39e969e6799,2021-07-18 01:11:39,"[('12PLd5qD2fG9JAwF6Gyss8Sdqb6P93sKHL', 3425652), ('12nbxYHVgVdP4wVF9eoa4vb5bdLrR8yShS', 8237000), ('12nbxYHVgVdP4wVF9eoa4vb5bdLrR8yShS', 14730000)]","[('1MoaMX98CsE7JPhxG6FHb8gUXFXEEAbJiq', 2697000), ('1Jfjs3fWe6KpggVT212Y9frnHZSeWoS7Dr', 1495000), ('1MBoR39j3jXNXotHdMbkHYick7ky2LmJuh', 91000), ('1EALLzYtG96Bz4qgypFev2mJym5uEcC1sg', 666302), ('3Cny8WQyCTCr4n2WGB3uT6gwLXv6CNWfrJ', 314450), ('13jCTYYKbFgv4oiMnS3YwCfmKGdBgqmfLt', 1493000), ('17PJZM3jqEos1N3MMYCpBcQX6ZESkLmBJd', 288712), ('bc1qdd08h2sjew7jalvkz9z5pm56z3mk39q499pl0n', 157000), ('1LkHjrRRTgxCUKsTHjcdcxEqL7fEskqdsd', 91000), ('19X4i74iMt1oKLHfaH1CkhEMuva4fiiLfJ', 955000), ('3NNtWa9dqwd1vjSn96RfpM34Ho6BFyeQun', 92000), ('12ziomdw5Q68hzDi4MNNNTob8bAq9jF3ZM', 2245000), ('16nWvrdxHwK15VKoY73ZuDWX75JQ4faNUE', 299000), ('1VpP48H4unjS8oFaFrZUEn2v7nytnqM3G', 4753000), ('14AxHsdsuHnc3gUeM4iM1XJWLX9yoVBqiE', 599000), ('1LewjcQhXoe7eFnPvLSJHLhBKHtCoqQFri', 860313), ('1Mz9gg14i3pZYJb6k1BDGhayv9AGhqhHjB', 91000), ('1LGvTLkDgym8PorFcg8c8wnWNjQ8VrTYEj', 149000), ('3PaaGmh8mRv21BPsbbDiB6gvtjXo18GqUF', 122000), ('17WEF9mfVMNxUAv99EYdwippK7CakVsUie', 463000), ('3842wTvUkBxboasZMbJNQnZ1NmqiVQuVJS', 618000), ('1P3wMiUFwEbHkWycwDikN88bei9svGFpm5', 2248000), ('3QmDer1mNCJ5aQMCcfqge6Teoj1mRqTdMQ', 1298628), ('1Jo2feDYhP2RLdSLbVY1NbxP49wkiCcVWN', 285000), ('3Kxhh5Nw2LtXvFEHjSkDs4GP4oQm6ENKLb', 777000), ('139tw6rc4h4aZUaeCa8HhjWg7R8vn1VMSH', 3099509)]"
9,69bc37c558a2f348c90101537a92ced18e91c3ae0a41671d1328a0907d8bdac9,2021-07-17 05:38:59,"[('12nbxYHVgVdP4wVF9eoa4vb5bdLrR8yShS', 88000), ('12nbxYHVgVdP4wVF9eoa4vb5bdLrR8yShS', 42811000)]","[('1LewjcQhXoe7eFnPvLSJHLhBKHtCoqQFri', 876791), ('139tw6rc4h4aZUaeCa8HhjWg7R8vn1VMSH', 41977533)]"
10,bd1911dad60006ce56284155af1c2751d92c730f3c93cc039b9bae4cfd68ce4f,2021-07-17 04:56:29,"[('1E42NE8dRXp69s55BebPqXNTHsGGHmZ9eg', 420692248)]","[('3JCST5pPfhHqht4Y1riS1jCn8aBQNZqgQS', 744688), ('3EZdC2EU7Rm9uSARuCSsRjx5mt35h41wuU', 201000), ('1LewjcQhXoe7eFnPvLSJHLhBKHtCoqQFri', 579805), ('3Pba1qbKqWkWZvH4njrxmnsVUAzr5AZCem', 298414), ('13FWekrEBXFnvNUQ2iC3FXS5enY2CMZG17', 418832233)]"
11,190239b613aa2eba49340f99afc646b048bd899ba2040e3d1f52d3dd2026cb9a,2021-07-16 23:31:28,"[('1HtWvSfVKupJvwMumLMTJviJtvcQxLG6ah', 9162972), ('12nbxYHVgVdP4wVF9eoa4vb5bdLrR8yShS', 5879000), ('1E42NE8dRXp69s55BebPqXNTHsGGHmZ9eg', 26411069), ('12nbxYHVgVdP4wVF9eoa4vb5bdLrR8yShS', 1345000), ('1E42NE8dRXp69s55BebPqXNTHsGGHmZ9eg', 38789706), ('12nbxYHVgVdP4wVF9eoa4vb5bdLrR8yShS', 1347000), ('12nbxYHVgVdP4wVF9eoa4vb5bdLrR8yShS', 87000), ('12nbxYHVgVdP4wVF9eoa4vb5bdLrR8yShS', 87000)]","[('bc1qjrlffxvw648vchzdww4ym5m8ak0pxqp40ym7qw', 955000), ('1HmF8c4j9yNNTR1xRz12vharape3PV99UT', 1664000), ('bc1qqza30eh826t70sjf4vkjxcdwe03fkj6yepglpf', 1213000), ('bc1qn0plalfqfv7hfqdz58dypf3073a37e2ffjc08k', 413000), ('bc1q9pejmrzknzuzx27e22523myqg8h95uet743mdu', 159000), ('1CPWfCf21jcZhPqXq7hTc8ZRW1N8Mg95tv', 935000), ('bc1qeyjf4tduaw62uglq8xfftxshrjk6jfxfvh20fh', 337000), ('39Ht8huUcQC7adC4WKg5htPFvbHjBD5oVu', 1303000), ('1DncGaMBvERCriUy9NH5q4bK8pRd2hy8WE', 908000), ('bc1qr7ljhd6xnqy6jmkwn0dxwvmv0uwyjvd8ac8r30', 6062000), ('13gnxyYzDmruqRHGd7Se7xZXEGaBc49HSD', 1514000), ('3JqmX33fDi4zxtay8Xpj43qg3NVbPnpkjf', 4542000), ('1M63oGCQgifEnSu18fhhuEE9TB3Px9FYEe', 197000), ('3GpHjtsyoJTQJHrTXvDWCTMR5qPFFhR5o3', 3028000), ('bc1qsjelf3q993r4ljdel9dyr0f09da5mcany8dygq', 210000), ('bc1q36w7dynmnzev8p6c23434de7835jucl46mf7p7', 1283000), ('3MoHRRJgqk8bwWxZyrWs3iHArP3zSPfdmu', 465000), ('1LZTUSVZpVPu23EwoQxGmoGobH24FxvW7Y', 92000), ('bc1q04lh7kxxxqmve2d75xma4k4lgly0dg0rv8ttat', 1429000), ('bc1q7qv3f8uw63rlngl4lsg2cxwj99lznt7spvfunz', 1271000), ('17VW33Auu4wqRfu97AKuGQE4HPbnoknPto', 98000), ('1LewjcQhXoe7eFnPvLSJHLhBKHtCoqQFri', 1367612), ('bc1qeceezanvz49ereepvr5k4r6zzkr646ytcdl9ay', 476000), ('bc1qhcpnupj45nd43lazt0ln9hvwd2jgmtnwrqutez', 317000), ('12Uq3VQbEQJiZiEgritTFBrbJE5v6JKywm', 2507000), ('bc1qm9dma87h40a9l6zq2t7j832h3ge5ynkazgxkk3', 5784527), ('19GNvX5iMtk4zMRFiJ9rFHYN7HcmveRrRm', 104395), ('bc1qt7nsj3f57ttws0hmgamz4m00hhjw93qsf4cp4r', 6191000), ('1By6D31gutbLZJ3XpDm3g5N51dUE4McpTz', 136000), ('1Aa1mKcK5NRhtasdxJTAsfBUWLneqmJ4nH', 37900373)]"
12,0573948f6a60819aae52f10b9c5c1d6226e2ac076f9aa16a4c06ff2dbbcdbdd7,2021-08-01 05:50:36,"[('bc1q7unktjhgffxeqrd87nsr8unlp9qalwdkxcg595', 85562226)]","[('1LewjcQhXoe7eFnPvLSJHLhBKHtCoqQFri', 437152), ('bc1q7unktjhgffxeqrd87nsr8unlp9qalwdkxcg595', 85124396)]"
13,07ba91ed9cd7b98060cbdd6e1b61debe8fef61e4f3c0960383bb15d302a093d0,2021-07-23 09:58:03,"[('1GAkQrZ3UW4urBZfonE8hLyhaLAZ9y9fsY', 2033898), ('12nbxYHVgVdP4wVF9eoa4vb5bdLrR8yShS', 2225000)]","[('1Lmbw9Bt1JPhReNxr9jX8AwZUQdQMo2RrJ', 162000), ('bc1qugpqaw4gjwfaw0ya4arlyyr4v0yuv49awp28uk', 704000), ('3QvFg9BjToDVo1X7vZwaZvVNcp7uLWZDHz', 86174), ('19UZvhfPqr4AMKipSouRwBMvi8d1gf5vsG', 262569), ('1LewjcQhXoe7eFnPvLSJHLhBKHtCoqQFri', 557401), ('1FdZvgorQSwJ7kmwHXVhqVDuCeAuenv5dK', 411000), ('1DpSzik1mhGS3BmPmQct8wNuj3c1DW2N6x', 147000), ('35UsbuhZzwgU6aE9sTX3KP8AvAbRjhWmpM', 152000), ('bc1qn8pdd9hrlt9h44735kg3qxanuhhh3nrft4cj6z', 987000), ('1Aa1mKcK5NRhtasdxJTAsfBUWLneqmJ4nH', 718354)]"
14,445bef54430d0c86d52565eb085a7502f6408161d218432f9826d3699ca395bc,2021-07-22 09:50:13,"[('12nbxYHVgVdP4wVF9eoa4vb5bdLrR8yShS', 105000), ('1HtWvSfVKupJvwMumLMTJviJtvcQxLG6ah', 100065155)]","[('35kvoNQYpuCFWALZj7cpxZiNV5uwmbjZmg', 724967), ('1Gnvwqt4WcwKoGmPvNBrUuBBp9aWaNMehE', 669297), ('1ELri6WPZfPvLwNrXkYBGD9o6cuTQwk7FA', 1529000), ('1KQEBBnWSuEj7ybLL8UhJmfeWqUEneJQu4', 4491731), ('1LewjcQhXoe7eFnPvLSJHLhBKHtCoqQFri', 1086464), ('1DZaj8yWWaqPqZEWnV1ikgXzadNa7w3fBf', 91610352)]"
15,5c86355d57481e7df7f391100c01607cc76f8989b741a7da8944c23a5e32e781,2021-07-22 08:37:08,"[('12nbxYHVgVdP4wVF9eoa4vb5bdLrR8yShS', 90000), ('12nbxYHVgVdP4wVF9eoa4vb5bdLrR8yShS', 12292000), ('13FWekrEBXFnvNUQ2iC3FXS5enY2CMZG17', 12007752), ('12nbxYHVgVdP4wVF9eoa4vb5bdLrR8yShS', 90000)]","[('1CV3aLX9uCPnnjZcnDvAdS44hCt9iesXHt', 594000), ('3ESH42nu9CFEUCZ4SLzguGJm5i1hyYuHMz', 6421000), ('1LewjcQhXoe7eFnPvLSJHLhBKHtCoqQFri', 501690), ('39DFULkUBu3oEGkNjeQDQLccBVuSmX91Gm', 7279000), ('3AAQFeGcwUeUTffUuGYeeVKCDB5qNUh8sy', 1039000), ('18N8JWuLR2sa2xYEU3dsz6D4Bv6mdCbjTe', 193000), ('1Czr4woLf1YJSPMuDpBuCdxKpYGDpHCtuB', 100844), ('1GAkQrZ3UW4urBZfonE8hLyhaLAZ9y9fsY', 8249626)]"
16,314b51f3a17946ab6898b4eae257d561048b212ed180fb09155f475960554339,2021-07-22 07:12:09,"[('1CXve9hSpBuWvVa6cfEkHm1DLkRA7AivQp', 51486866)]","[('bc1qz0yrllpjqq782y79lcal6k7f892jy5n25kwx3w', 299000), ('1NLfoj6JcNQfb425GEXbyXLWb3ELoUTmgr', 598000), ('1LewjcQhXoe7eFnPvLSJHLhBKHtCoqQFri', 211156), ('18Go1gDZUJToPScfWt78PAJ9yD3Db8VPfw', 3179782), ('1BtuXC4A9YkdywSWVQb6jLBjLMY6qXqVDT', 224000), ('1MApi1tWQygiW4CFEaqp25GdTDNFZ5sRxW', 572000), ('1BWgtCvgvh9vuZccWguA9nLvgsVnGDqbbB', 821000), ('bc1qx9ewkxuug0vqam528n92ke3eqfu0us3lugype6', 325000), ('3Nna8hfsFND3U5gFrU13FiHhnXMwMy7hfD', 92000), ('bc1qhj83qvt3e8y998c97e4vr6exx8c60dq0m68a2a', 470000), ('14cePE72YLEz2yFzu143gPcmHxjt6LA2d8', 90000), ('bc1qhgh6vwn24psz8jm6hkj09fe4nghtua0xs0ekqa', 1253000), ('bc1q5wmysy2h27l0t6fxu2me392u8wusqv4h3rlzpx', 271000), ('1AKmxpM8BRRTzrK1AAPdPZXd8L5Cy8PgZu', 269000), ('1csL4MaA5LnQDxeaCqzrwSnVBn4p1nSGG', 4316000), ('3QBZqmn52wy9tmBc7XwV9nssJFCbUK6PNH', 281000), ('bc1q8lskpd5k7ptx5se38k60h6vu2ggdqasvlnufvm', 1412000), ('12XAaH1dCQUK6Nr5jdPvJCw9e1QmdGFt3S', 7125259), ('3QBZqmn52wy9tmBc7XwV9nssJFCbUK6PNH', 6862000), ('3AyiZtir4HWUpeMD93jXu4AQtPZtn5Pyhm', 92000), ('1PGU4S3MqkCtqzNrJXJZAyS9HBQefgpYSw', 120000), ('3ChN262YRK5f6RFNqitVDD4BYJ1JAurPAL', 299000), ('bc1qqqwgzc0j4kycks2md3jkax50vsrhq4h9k8jc3p', 722000), ('3MdRVpzeeA5rADfPmejC8vMiKUTijq1Xmv', 566729), ('17FSdbFvcp877Dn5JMbWtQidgkdNySMrK4', 173000), ('12j5bwiEnmLiS3iw2AZ4u1cckbMebizWHm', 299000), ('1NeWjMdN3acSmGtLVH8fKmmhAzB5qhrA6c', 1523000), ('1J3gpN8T9mJZ6n9tydAxyMq17BdZJZSG2u', 598000), ('1HtWvSfVKupJvwMumLMTJviJtvcQxLG6ah', 18306354)]"
17,b2256c74e8a80e2a7fbb2afb2f2da2b0c8ae56c33addd2f054618cba9dbe9f75,2021-07-22 06:27:44,"[('12nbxYHVgVdP4wVF9eoa4vb5bdLrR8yShS', 5520000), ('1CXve9hSpBuWvVa6cfEkHm1DLkRA7AivQp', 3235884), ('12nbxYHVgVdP4wVF9eoa4vb5bdLrR8yShS', 91000), ('12nbxYHVgVdP4wVF9eoa4vb5bdLrR8yShS', 90000)]","[('bc1qnug84p5c9kknc0f9tpgdsyq83lqwsa69y3jr39', 188000), ('1C6rcBszVLKQcDpWevyRoJtpxhpYfFwZ51', 91000), ('1bvFzyiE7KFmzKBpNcxDCnXUPfDovT2Vd', 898000), ('31tUKDU3QSUDf6RmWuw6BKa3YyDor4WKtg', 292898), ('39iin7jqmXkthiiKHm92GrzU9W1YzsMA9H', 462000), ('38sHxjacq8j4nQFfupf3qP4xw2D2wCnByQ', 298000), ('3Nrj2v2UR3Q64Mzw1ZyYXfCFUzNNYDeLAG', 562905), ('3JeUcQcfSEVQsRdJc4p8J5MN9FHoVMhpH9', 996000), ('17b5tt6q7jw1jByJoMugf8bR17EVrVdDA1', 1492000), ('1LewjcQhXoe7eFnPvLSJHLhBKHtCoqQFri', 559414), ('bc1qahen4c3sqh43mg9qxz8nwj6alj44fagdnvemj2', 471000), ('bc1qlf968597rm2gx9yvur33qqm3sm8eutkt872cjx', 210000), ('1CXve9hSpBuWvVa6cfEkHm1DLkRA7AivQp', 2298061)]"
18,577081d7d42e5a627ef6207106f4ad92512b31e6399c00d1f446c3adae83d6fb,2021-07-22 05:24:56,"[('1CXve9hSpBuWvVa6cfEkHm1DLkRA7AivQp', 21590315), ('12nbxYHVgVdP4wVF9eoa4vb5bdLrR8yShS', 92000), ('12nbxYHVgVdP4wVF9eoa4vb5bdLrR8yShS', 92000)]","[('3Kx1S3GkLD8VSvgC2my2fnJJ9xuVbqWhkB', 92000), ('1LewjcQhXoe7eFnPvLSJHLhBKHtCoqQFri', 693964), ('3D2jztQbEP8RNx9x2Jz9TWLzsAhxVCxwS7', 1514655), ('bc1qzf2ymfyj6z4k2vl5t6r23slh38sr2h47jg6sv6', 157000), ('1NfaaCjitjQum13AtrHfeNz1bmU3xoa5rT', 86584), ('3AMMnpz7HSwAjru3vjyG2KKpbGxtUqSYYF', 305000), ('3DD7iAvmrVayBcVd3qtz4QyVgS2yzVVwYH', 3370175), ('1B8P4eyaeo5xRxiJqWx755dpBAejQDwHNj', 658000), ('3JXGDwapHUSgXQsYeaEZCQKuXNHrPqvsqe', 793000), ('bc1qu6fqjepeqwah4skc5uhzeewp4cdrrfz6ckp80c', 1035000), ('1E42NE8dRXp69s55BebPqXNTHsGGHmZ9eg', 12976321)]"
19,19d62482b4eb0012052f7384960bd59141ecf5ec3bb288e14d32400b2fbd60d7,2021-07-18 02:29:46,"[('1CXve9hSpBuWvVa6cfEkHm1DLkRA7AivQp', 6648008)]","[('1LewjcQhXoe7eFnPvLSJHLhBKHtCoqQFri', 1541903), ('bc1qc30mz9hexn7tjx98jhaws85guk0nul4my9jg2q', 1711000), ('1J5vHFPTmg1YaY7j7uisJhhAobJdSMijgj', 178000), ('1L7Djk3Lv2W4BvU1FZMLpDeFpxJXi9WeTD', 90000), ('17wm4NixmQCxMuBneBFDEfRpsqd5P4JmHg', 892000), ('15ytn5NdHJ5JD82L3NVSSBFtBiMRan5FEF', 148000), ('3GG5kMUSbSDQBVpELNcGMCccC5ch6EAQgY', 145116), ('bc1qprc7tz4q7ku67x3rhep9y6dhnxp3np9g7pdkme', 343000), ('1E42NE8dRXp69s55BebPqXNTHsGGHmZ9eg', 1549213)]"
20,057feaab5a3c86e3ee287bde01f43996b4762e807d4f11fa047cd39e969e6799,2021-07-18 01:11:39,"[('12PLd5qD2fG9JAwF6Gyss8Sdqb6P93sKHL', 3425652), ('12nbxYHVgVdP4wVF9eoa4vb5bdLrR8yShS', 8237000), ('12nbxYHVgVdP4wVF9eoa4vb5bdLrR8yShS', 14730000)]","[('1MoaMX98CsE7JPhxG6FHb8gUXFXEEAbJiq', 2697000), ('1Jfjs3fWe6KpggVT212Y9frnHZSeWoS7Dr', 1495000), ('1MBoR39j3jXNXotHdMbkHYick7ky2LmJuh', 91000), ('1EALLzYtG96Bz4qgypFev2mJym5uEcC1sg', 666302), ('3Cny8WQyCTCr4n2WGB3uT6gwLXv6CNWfrJ', 314450), ('13jCTYYKbFgv4oiMnS3YwCfmKGdBgqmfLt', 1493000), ('17PJZM3jqEos1N3MMYCpBcQX6ZESkLmBJd', 288712), ('bc1qdd08h2sjew7jalvkz9z5pm56z3mk39q499pl0n', 157000), ('1LkHjrRRTgxCUKsTHjcdcxEqL7fEskqdsd', 91000), ('19X4i74iMt1oKLHfaH1CkhEMuva4fiiLfJ', 955000), ('3NNtWa9dqwd1vjSn96RfpM34Ho6BFyeQun', 92000), ('12ziomdw5Q68hzDi4MNNNTob8bAq9jF3ZM', 2245000), ('16nWvrdxHwK15VKoY73ZuDWX75JQ4faNUE', 299000), ('1VpP48H4unjS8oFaFrZUEn2v7nytnqM3G', 4753000), ('14AxHsdsuHnc3gUeM4iM1XJWLX9yoVBqiE', 599000), ('1LewjcQhXoe7eFnPvLSJHLhBKHtCoqQFri', 860313), ('1Mz9gg14i3pZYJb6k1BDGhayv9AGhqhHjB', 91000), ('1LGvTLkDgym8PorFcg8c8wnWNjQ8VrTYEj', 149000), ('3PaaGmh8mRv21BPsbbDiB6gvtjXo18GqUF', 122000), ('17WEF9mfVMNxUAv99EYdwippK7CakVsUie', 463000), ('3842wTvUkBxboasZMbJNQnZ1NmqiVQuVJS', 618000), ('1P3wMiUFwEbHkWycwDikN88bei9svGFpm5', 2248000), ('3QmDer1mNCJ5aQMCcfqge6Teoj1mRqTdMQ', 1298628), ('1Jo2feDYhP2RLdSLbVY1NbxP49wkiCcVWN', 285000), ('3Kxhh5Nw2LtXvFEHjSkDs4GP4oQm6ENKLb', 777000), ('139tw6rc4h4aZUaeCa8HhjWg7R8vn1VMSH', 3099509)]"
21,69bc37c558a2f348c90101537a92ced18e91c3ae0a41671d1328a0907d8bdac9,2021-07-17 05:38:59,"[('12nbxYHVgVdP4wVF9eoa4vb5bdLrR8yShS', 88000), ('12nbxYHVgVdP4wVF9eoa4vb5bdLrR8yShS', 42811000)]","[('1LewjcQhXoe7eFnPvLSJHLhBKHtCoqQFri', 876791), ('139tw6rc4h4aZUaeCa8HhjWg7R8vn1VMSH', 41977533)]"
22,bd1911dad60006ce56284155af1c2751d92c730f3c93cc039b9bae4cfd68ce4f,2021-07-17 04:56:29,"[('1E42NE8dRXp69s55BebPqXNTHsGGHmZ9eg', 420692248)]","[('3JCST5pPfhHqht4Y1riS1jCn8aBQNZqgQS', 744688), ('3EZdC2EU7Rm9uSARuCSsRjx5mt35h41wuU', 201000), ('1LewjcQhXoe7eFnPvLSJHLhBKHtCoqQFri', 579805), ('3Pba1qbKqWkWZvH4njrxmnsVUAzr5AZCem', 298414), ('13FWekrEBXFnvNUQ2iC3FXS5enY2CMZG17', 418832233)]"
23,190239b613aa2eba49340f99afc646b048bd899ba2040e3d1f52d3dd2026cb9a,2021-07-16 23:31:28,"[('1HtWvSfVKupJvwMumLMTJviJtvcQxLG6ah', 9162972), ('12nbxYHVgVdP4wVF9eoa4vb5bdLrR8yShS', 5879000), ('1E42NE8dRXp69s55BebPqXNTHsGGHmZ9eg', 26411069), ('12nbxYHVgVdP4wVF9eoa4vb5bdLrR8yShS', 1345000), ('1E42NE8dRXp69s55BebPqXNTHsGGHmZ9eg', 38789706), ('12nbxYHVgVdP4wVF9eoa4vb5bdLrR8yShS', 1347000), ('12nbxYHVgVdP4wVF9eoa4vb5bdLrR8yShS', 87000), ('12nbxYHVgVdP4wVF9eoa4vb5bdLrR8yShS', 87000)]","[('bc1qjrlffxvw648vchzdww4ym5m8ak0pxqp40ym7qw', 955000), ('1HmF8c4j9yNNTR1xRz12vharape3PV99UT', 1664000), ('bc1qqza30eh826t70sjf4vkjxcdwe03fkj6yepglpf', 1213000), ('bc1qn0plalfqfv7hfqdz58dypf3073a37e2ffjc08k', 413000), ('bc1q9pejmrzknzuzx27e22523myqg8h95uet743mdu', 159000), ('1CPWfCf21jcZhPqXq7hTc8ZRW1N8Mg95tv', 935000), ('bc1qeyjf4tduaw62uglq8xfftxshrjk6jfxfvh20fh', 337000), ('39Ht8huUcQC7adC4WKg5htPFvbHjBD5oVu', 1303000), ('1DncGaMBvERCriUy9NH5q4bK8pRd2hy8WE', 908000), ('bc1qr7ljhd6xnqy6jmkwn0dxwvmv0uwyjvd8ac8r30', 6062000), ('13gnxyYzDmruqRHGd7Se7xZXEGaBc49HSD', 1514000), ('3JqmX33fDi4zxtay8Xpj43qg3NVbPnpkjf', 4542000), ('1M63oGCQgifEnSu18fhhuEE9TB3Px9FYEe', 197000), ('3GpHjtsyoJTQJHrTXvDWCTMR5qPFFhR5o3', 3028000), ('bc1qsjelf3q993r4ljdel9dyr0f09da5mcany8dygq', 210000), ('bc1q36w7dynmnzev8p6c23434de7835jucl46mf7p7', 1283000), ('3MoHRRJgqk8bwWxZyrWs3iHArP3zSPfdmu', 465000), ('1LZTUSVZpVPu23EwoQxGmoGobH24FxvW7Y', 92000), ('bc1q04lh7kxxxqmve2d75xma4k4lgly0dg0rv8ttat', 1429000), ('bc1q7qv3f8uw63rlngl4lsg2cxwj99lznt7spvfunz', 1271000), ('17VW33Auu4wqRfu97AKuGQE4HPbnoknPto', 98000), ('1LewjcQhXoe7eFnPvLSJHLhBKHtCoqQFri', 1367612), ('bc1qeceezanvz49ereepvr5k4r6zzkr646ytcdl9ay', 476000), ('bc1qhcpnupj45nd43lazt0ln9hvwd2jgmtnwrqutez', 317000), ('12Uq3VQbEQJiZiEgritTFBrbJE5v6JKywm', 2507000), ('bc1qm9dma87h40a9l6zq2t7j832h3ge5ynkazgxkk3', 5784527), ('19GNvX5iMtk4zMRFiJ9rFHYN7HcmveRrRm', 104395), ('bc1qt7nsj3f57ttws0hmgamz4m00hhjw93qsf4cp4r', 6191000), ('1By6D31gutbLZJ3XpDm3g5N51dUE4McpTz', 136000), ('1Aa1mKcK5NRhtasdxJTAsfBUWLneqmJ4nH', 37900373)]"
