,tx_id,time,inputs,outputs
0,0d0f93cbfff479849ed65d8ef397133fcfa64b4b708655713b7162186bdf0141,2021-06-09 05:14:17,"[('3F33rrmd5D2AkmSxkvqLH2gVcJHo1nbKDZ', 623621), ('3HUNr9a6byZjHsJFqts27SPQUs8RVVnbEp', 624108), ('3JfcxQxkac3FEbA1Bk3VRDESvgwRuQCBJq', 623700), ('3PCrCQxeQmPZDkVQ4W3qitq3i7zw2a2n81', 624205), ('37T6SHKKA73hzZXajV9qe2BdFsuYLzsYus', 625000), ('3ACwn6WmyCcUBh5rsjPvKoRxyM2PoQiywf', 626393), ('3J6uLm4McVzznmoav8cthWkoLbcLyuJUrE', 625600), ('3Lx1aEbH4whmBgkHkNn1CAiDFPtMdmCXP6', 625081), ('3HwE7DKWz6ddo54TRnmuiBqhMDVFqrJB56', 626770), ('3NS6skmRmeY2uuwcjXreSCPUgnQUdp1DPZ', 626643), ('3AeXyW5JXGm5adWpTRJ6pUSz7yaFP16cxw', 626125), ('3JifrrYuYAnQxQeFkxiidxRcoc4eZxwECC', 629129), ('3Ne9JUcYHzdpMAmexRCcXMJDgXAHMULRPp', 639418), ('38PuWsQ3FAMHfDZunzecUPNv67gMhfuLYP', 627863), ('32o8sFdvhiqrTUDqodyidse3iiLiUEFbCG', 630000), ('39dAdYmLPY1Q5rhFLFF89jtiLbfmYVeZqE', 638596), ('3DTwThoafhWaQHWw74xJUWELY6qhUncKRY', 625824), ('3PKfzwpwVGGiJWQWAucMwf28vt6FN8YBHt', 628114), ('3Nq1xmFzYzW69wW9NZ3EJktaeu9j5EDb3u', 628712), ('348NKqF4PUD7mAJKPBeYL92yaZF4BLoxdL', 627657), ('3FmN8GskJ3tBzQzZxraBdgHUdmMGBYsfLm', 626745), ('3K7HpztC1Upfu9fhvav5KMLvJGmjNBh4GV', 626387), ('3MHq6arKNEdYE2PmVDqLmCkH1f1EeDrnNV', 630682), ('3Cux9CgxLxGKXExHUqsFcKZQYcN5MJJzXT', 629968), ('365ZfV74mxbE1iCKKBFn44aWzpcwwXAR9p', 632608), ('3GN3PzzBiYvWhrZGk9TZHSnKTmZSYbTcyK', 643929), ('3EGHUobvZ3f8nssyqiRw7Ew3n2wUJzASi9', 647369), ('36yjevcaLsmhWT55ZgKWeTRQCW1XQ1269i', 632500), ('34wetQJs8rK2zMnGBJF5FSohvGAKFwRztD', 628565), ('37zoG5iKxvzVfbqZ28P86iZGWPHemVD7bh', 635320), ('3EHPxU5LXcgBCyyWv8cvsZGvAeytRfvU2W', 632201), ('3329Rig1xtj3S8PwSMzbsB9oDdKmmKAbk5', 642228), ('39ywwVPCQi21xikriAYgRmCVDq7mQDwJ9t', 640000), ('3DZKkZbBjdjAABrmqX1zAcAiifbQGejF8T', 626671), ('3PHxSZsQ4ZfkZ1xGgwi9mx6bogPdWJJnFs', 626359), ('3Eh1nBTrWxHUomYN8uMTF5ehcEb7gkmCya', 636762), ('35xk2PTjMzgu291hFeYnyPvwSfuQukMpxk', 628989), ('3GNY1bEUgVTxvQfzCzWV1cGtbVRXZhZkCg', 631927), ('3AqS9CBQ1ngg4x2ccfqFUguc3TMngCkSPB', 633183), ('39WZFwpwYKexw3ZsyKwkvDt6ZqYFVfpT25', 632000), ('3GRNPdyqaHnfrEvvzJTH9A28Zx9oAKDPA9', 635985), ('32h3Th6TCMezL9rn8Ad9CE2ecgL1LPNyzX', 631939), ('3A7buc4PRbnuAcRCjSs13Vnt7ZPBsbJj4j', 632232), ('3NPFHD3qCPLuLpt9nKGxCksUbEe5rLE8xz', 635811), ('3Ny8DaBUdP1pyHZGchqtCirFiY35jqEgLo', 636999), ('32zQ3Gj2faqXBxtvF2pWmMKx59Lus5Qvis', 631598), ('39fSzFh3ycQHmFziJr5DTXJSVjjHmvW6mW', 632872), ('3AKn1WGoEGhAX8PMCmSV5vTybKWA8Q775u', 632113), ('3QJyAEHPf4USE7UJbRv4dMkFZh1DHGVF2h', 639482), ('3AQHh24XmiVJuU5eJhR5wSimp7W6eCA6iV', 645370), ('3QNhUqGRQH4XYALH3q7tdmHJKB47SfHWMH', 635542), ('3G17R6C4oJWYS9cyjc7g1ud2n5wzf2imm6', 645021), ('39fwWrrJFC4N7agS3LdhWJEeBnpKewkfVP', 644198), ('37vMgs4xqyywDCVLxKesunNT8ubRMoWDAx', 656001), ('3JfcxQxkac3FEbA1Bk3VRDESvgwRuQCBJq', 669500), ('3QzGEveW8eYHewTeDNMM3PRtPmezbuUmYu', 647002), ('3EduDxygSGujkn3kWc1AvfGJUvQoMKaxue', 641759), ('3F3NBav2pXHdsyj8AJQb6h3baPX4oWJWe4', 653891), ('3JFAAMbuJscdZ2kMcxfGoD95MwmqN3nvVK', 630361), ('3Q9TWmqkfehg1JSNKGEgBWb1jbtkjTruHk', 645608), ('3QAYnSfYfE74XWxh82ZFDNXRJomcEjeb8j', 651154), ('3EMLropeeSR59u1SvKrP925X6NjtvsWCRS', 640747), ('3EzfYniSYAXSY7oVmp6f5zws8H3ueDJXcB', 651635), ('3DnUfRFCoGLc3sJA9dND4TFJws4JnHifUV', 655305), ('38GY8RgWUN4uJJKhmc5i7mg54gqvMRLy4i', 645762), ('3H3gkm5RWt24MLTJnW2prUhFBDqRqQKvM5', 646369), ('3Q4fD6aXXhyq4HdtdnJRTXsveP55HbPfVu', 644460), ('3KgtgR4Sq783PEuwpF3S4B2CMSr3Q8EZrB', 634200), ('3CaSYA7c6teWC8Jyn7Z2BvjwtNxgc7bPw9', 628531), ('3BKbmP1ECzfD8qanmmRCfLhtQqqyPbDoQy', 632011), ('39n1CuBiwQueGdRecPKSU5Ky77dELnSw56', 644325), ('3Matwv14cfZ86Rug8vJ3g8T5doFpoZbSH1', 654910), ('3KFyaYQjdFr34f5qbDQhRzjk1JXuzhEP1t', 643759), ('3AqLbfDikznVXTjjShX15PSD3UMeeqzq8P', 630000), ('3E1VFk296sLD2oMzfFdSQNrTNDo9Lxu1XM', 652000), ('3LspUSWzgJv2vxPPyQ1KHuTEE1r9SyjNHY', 632759), ('3BrvtawaAFJ8JqReevtYBmG5YGnzzfgTsq', 652011), ('39peMH32E93oDwehKF9dHoEJBX79zRbSGP', 639556), ('3F84SQvzXt9sAvkFMNMAMbbYU2NcxWkQWx', 645546), ('34ozW9rgsiubjT13aByK6Jg1MSDTuBcjxB', 644362), ('37T6SHKKA73hzZXajV9qe2BdFsuYLzsYus', 660000), ('3Fr5afNpDNc24ENepmcY49a8iBoRMVj6f4', 640695), ('3MP6ELD4E8YwEfuAGtPM7PxpScCMm45ChM', 636860), ('346uNfHTU7ZbsNLAPq1FT8dPcc3d6b3Hpa', 644661), ('3DMjXSY5wLL9xSivzFKpihvNWc4VxEgwgn', 632188), ('3Pn31U9yjV932MvQzudkTSruna8aACmHf4', 641047), ('32HtUDb4hxCsP32T6hD2ewVaa6bfQqzsrM', 639615), ('38uy7W3spUt7NCKRxVwx24F17wpApBaamP', 650000), ('3NXHj3YbEyfUNAyoSbpzBECbaQwjobTpaz', 659927), ('3H7VmPKTamXVvrAJN49H7sYQkCKsyzdaNH', 644693), ('34AuNGLWbbwoDhEHZdZmKd8MVgHSwGucn2', 657670), ('32nzhMxBnBHKajnHFYdNSMEJCZCuvtBCEf', 638188), ('3PHzTDfXpCsxDgxd92mKGANNuWjADNv9DQ', 640521), ('3JJtFCjRvAhdWJRGxG9n45rA2rPjNeS2Af', 641063), ('3C9p4E7mySvKx5YuRUHf6V98vaGtT4nZmr', 643071), ('3Q9XHFnVp5DVeiuZ5XhSH3zzz5s2HqriPg', 662220), ('3FDPKr2Qs4j2yYWEFBLpBrK9VT1TjyWJTy', 650479), ('36nzpaGDahp6wsqLBT2edFNPXwoEqbRdMp', 645484), ('37zn1VbEUFHC8k8S7fDrFtcTh37CsqaRca', 644640), ('3MEpBELWQz9VqdStyeYE7RffWwZsaaRWVU', 656290), ('3KFyaYQjdFr34f5qbDQhRzjk1JXuzhEP1t', 670000), ('34KFu2hd2CqCB5YDjtm7xmRawLbB7GmZ56', 639379), ('3FFA5ic5XFgCr1rvFwUXg6iozrSPoHnk1R', 642718), ('3CqtJMeHsDLVYJJCtSanKL1rci7CycGEuY', 648202), ('38uy7W3spUt7NCKRxVwx24F17wpApBaamP', 650000), ('38TWs32ErdVSEMjXnkXSpecJSBy9X2pBMx', 656068), ('3CrWXpvUzQ9rnHXzrEA9ZHxXLdM5b55zcS', 651218), ('338vdDULgvETToGGaZ2Qxt64u8LNNKQ8Qz', 665176), ('3NB2EvLCVqL9AE2yhzG6yaS6d52ZgZAVGH', 661383), ('3Bf4dYkgxysyEsQZPemf9aBHY6sCU3kFCu', 674388), ('3CKx8JW4jNXVpCxEnyc9VdDmyT78YHyHwv', 671262), ('34i2xTtLxrFzgqTbwM2FuomSJ995wwvAAC', 649840), ('35ebRua4QomeebqFnnZf2BWksLfLyM6WUL', 671999), ('3FK2tChad4sMrdhjjSz4qGs67TiHD3eivm', 670739), ('32jPFncW4GDb8qBFyXDPSswfTxS7hrTgtY', 642668), ('3C7VNRHKhDvJLpof5eReHUuvhwvpB3hQTw', 665961), ('3Bhz4fJqgoCZjqEWZ74GEfKArZNRxVT7DT', 665225), ('37oZMo966DwEUb56H5qDVZQskxP6ZkFtmk', 670000), ('3A1gj8TDy2XFwuS89Q8oyT5a4PN9RsrMBp', 654471), ('3KurocpNXdA1HXbUJasVYpSAdqBytsYiaq', 667722), ('3HDkF6LWaMGK6wbG9ndoMYj7J3CNtW3HUn', 647625), ('35dW7NKtq7GKKznFhChNmDY3L5uwuBE778', 663588), ('36FiFf6iibFv56UhX3YQs8LyzU1oBiHDCe', 667102), ('32ZGdrg3myuq3YBpZM7RTjzQetPFxL2D8w', 644294), ('3C1NMqWrTVA82cCFoaiAaj9YmKErTh5jKE', 668899), ('3GskU1dMuU6RWZ9BhmJGCYdS6jBuT3pmax', 668190), ('35BNXG6XRoSjxyK3BZ72crPa4N3Kiqz6Gy', 652176), ('3GXQEHPWWC9VddkYq8GxBHF6TfDTeqtrdZ', 655769), ('32h3Th6TCMezL9rn8Ad9CE2ecgL1LPNyzX', 660000), ('3MwJKmY8WfeCa1AED6ZufQw5BbxRTUtkzt', 669517), ('3MpQ33in5urQUgGichoNUGqggmAmKiWWvY', 657865), ('3AvYcdtozXgeTAmk5MJaymhb3ui7hjhPJe', 674934), ('3DZYXNzqnRyvySje7FE3ewPapmZtGx9LYo', 649769), ('32AHiD55DMQHQs3EFq4ENcknATiQBmrHYh', 665600), ('32i38SQrh7uLQnVF5YB9aBBEyLfThHxpMa', 646267), ('3Hvc7tYsXw5c2dUyBp6ywpKuuzDyhp7Txo', 662700), ('3ChndDz5wx5nLtNghe4ZaqyYji5ev1eEKn', 672165), ('3B45EhpYpQmzeEKxKXHdp5oHa3sez5Djwa', 648433), ('3AWyjSgmqEWpDug9T83xuMNWibaVDxgg7L', 662243), ('36Yavfx4RciSTkK88uLtqs4MeCbZFPQix3', 649054), ('3Mr88EyGFpdbySFEofMQBMocVRaDLTP76S', 669068), ('3ETBf7nbejXWAjPFMh7DTdnfWLmNb7U3Eh', 668652), ('32LiosJDXgowP7XfXezyqxvjpYMQDrPZ3r', 658026), ('38ctGbgGzS2CPSD3c8nHy86Vin4tZ1KYGp', 666709), ('3F7t3kQ5F2Do8PWN9DBp6g9icRS6GqJRhq', 673827), ('3CJon4dhwEdN1XKykBmiDvz3WncuCnzsoP', 662171), ('3PyjGm8Yb9g8xe9EQRnymFuHavtoik5hSc', 650000), ('37t7B9jgBsp9DFUt6dpQLHjz1XU7vnbFVM', 658792), ('3NGE5mdiVs4GD4ccaDQM2HVkyTngqX96jz', 674109), ('3ChndDz5wx5nLtNghe4ZaqyYji5ev1eEKn', 659876), ('3Bg6WTYxEeAs9ZSATVzEznRR3ZLjTArjf6', 669490), ('39mMGceJMwBvTnHukZEcQ2JHCzxo3gbJxa', 1268832), ('3Pbryhow3TqofgRtZAi4rdd5yLPRgLNcXM', 663881), ('34ppFvY3BVwwhFLHhtJmRNarjQs3WqAebT', 671986), ('3MJWvkNwwcKxHDHiRHp41FbGs7FAC4XMXH', 654030), ('3ABLdVDWoUn8HZzPfGURgYjVhojeykLKUo', 650000), ('35Zf27pAMiBquDeBLSZiMdVEL3a6DonyfD', 674538), ('32h3Th6TCMezL9rn8Ad9CE2ecgL1LPNyzX', 660000), ('36ir7BNXFPbw4Q4v7WjGYVkzNVgAi7ZQJ7', 664416), ('3DaDX2kzgaMpT54yB99GGHRZpGd9Jzxxcr', 660088), ('34iG6j4v2m8E6ECpUPekB7zQptMxHgWNf7', 668896), ('3DyHm1LeXLzYz2KYkS6kReC7YrZkXQkpMo', 2416622), ('3JKCh7jAA9izPHcyqj2cG9sgZdw5avXzsj', 667404), ('3MQda927dnwBVDaxyRfCXcjoMr7Tz9ncGi', 656738), ('3FDngSP9UFtmimL42ByG7Usheac3t1b1bF', 660000), ('3C433w7xfT8GZbj1CedP1LrehydyWxKkyM', 674206), ('32WWMX6m3DdL88voXTeLj2DSWKXTr9bJ41', 642290), ('3EUe5JNpbEiwoVSoKU1FZ8CBrebhCLjBsm', 652174), ('32AKym7Utt5MYNrjqAYmWxKqrB9rJG8yfW', 662096), ('397H1sLFtSdGXQeKgMgRETgL7B35hJqibi', 668000), ('3AQBZ9KLkghrSQGgeW23JJoHvBSG1yb7ih', 663633), ('3DWVSY7BW5yR2SzXCXnYs6ji8Xe9si9ExC', 1119296), ('34EqeFb4xCQFV8McAdu67fvXtw4YpEQtb7', 642000), ('34s1fqtR4wRzrqDkkd3DFJfZQ9CYzrAEKj', 674795), ('37rvoNt97oVwhi4Q2ypkDynk63Jd7YFfsG', 640448), ('3JamPRwkk4caCrvK9pQAPF3kGjxXaU8WSJ', 965253), ('3F7qQvAL5oLkbe44biDhGSmQED7saE9vaN', 652891), ('3NWmKToW8ZRYGqtUNNx43JHRZwvfrt8L5H', 673828), ('3AFM6CuwpuNbc91wwpmjZDiSwHakZTUK62', 2112181), ('3A4KEUZpEGwsTtjaKiRnV2pFYvGdiBY978', 660000), ('3QNsVTAd4ZBTAcWKiJMjBa25wizMgfPKPd', 646672), ('3DaDX2kzgaMpT54yB99GGHRZpGd9Jzxxcr', 674826), ('37VFRXGa8uvJySpHu1e5JhxervvXiNPwUN', 669406), ('3Q4fD6aXXhyq4HdtdnJRTXsveP55HbPfVu', 639425), ('3L6oVjjd5ibfBbDhWb8UHoAa247UALK1Xw', 1259615), ('3Q69kegCeMJMhSFQhbd35mZQdN7mmCjZ7A', 942138)]","[('3HTZSwMykYMULoHfkRTJ7vx91PjQNCDXvg', 931436), ('3JRgbZ6d2pMR3p37uRYW3VNCvDEq12kk6E', 125000000)]"
