,tx_id,time,inputs,outputs
0,931a5fabde5506e8858110ed96af4022302777f88f6dafa6f45f4f78fea74b3c,2021-08-03 22:51:21,"[('3HYQXHvKWXKKKfCJgVPQVHGeE7ztKKdV49', 2610435), ('3Ev1eHNaSnTk1aVTpd3YNUdryRVZmm9x1T', 2644200), ('392qbBjTduMwRpmkVr3mhcETRRifaEQQ6K', 260000), ('34dCnv2c5yV9sSdhhExYYdTUWrmroUYLSr', 417972), ('3KyS8ajyTHSLHFiLcixHbMLR1fFyVHL2aM', 758409), ('39bKtSDruBhnpj3dVrACU8xCrvCzhWKVjA', 245525), ('3J34sJNruC2BuE3b991i2sgkqbUKEjV2eZ', 393678), ('3KScpDwjGjHC7ZrLt1L8FPHpdrwd74vZxj', 180138), ('32jP1vmfrKQbpiy3ePy9SPT8oGrPg75xA7', 458028), ('3CQ4JcFkzSVkpnefVKeGrT1B93UFHtihm9', 972888), ('3JboyGzYKvoYgm2uHNeJk8WdfuRXR5wtf1', 2552199), ('3LiDj5Li5fxdMRev7TreEuTxmnzcNfgQJJ', 23068473), ('37eKeNzaDbWKwoxLWhYuYvFJv2iBjKxENx', 98495), ('3Jx3Z2eZMfawC2Y9ALhUXHJQY2xHvn97X8', 999970000), ('3JbwXgs6a3gwH6C8FSDbfrDgNfK9jRxbTT', 211085), ('3Kb3D1g6UE6ED9ahgg8SwoyuVpei6weuPS', 8966895), ('39D5WnM8fjefgUHm68nyCdSjbZy63jSRJx', 199094), ('3Btg97wiR1XB8QKpNUtSoQR1cBdPbj9yGc', 575491), ('3572es6TiUTWfTN63kSKZCLC3ENH3saQMP', 260371), ('3NHnkjL6RkUUY5gS68UzUAFSHdBYuxznRC', 1498102), ('388Zv2H3vtaVvuNk6q8eL9D435Vxiiskbo', 253407), ('386YTuzxafdvq1dUncBXUvKATFKNRdqoFH', 114480), ('3D9RkGxLpr4UNTr4r1m7vgHJwSexrP8ZZE', 2013167), ('3JNNdQyJCPgbwNUiTJWyFkdWxySf4Gw2CT', 403459), ('3BscucsC8cqAENBfRXmp4ybwbmk5HuVSS7', 1680000), ('3N3FBZfbvMh1k5CNBwtH3UmbHynEDRebhL', 78713), ('3Ebnt9KWZzJ2zR1rf1krgFheY6Gb3seGmG', 440000), ('39cXnbjaij1dk3mhps1eRKseEeUkCKYH1r', 111672), ('3J6gnNDDxUyqA5V45ccsfhDqnWdScpb162', 98127926), ('3FtEQsWRzp5yuWGvGQeVKPhHPBurZvQa7C', 106007), ('3FSGL39XhS8GofVXeoC7jvoyDdxMBwg6tb', 500767), ('3Bd8sJvAHn7dNxLSGQB6sTFX7G61DtX9fm', 99900), ('3GM28Jz4kQEw53fQ4ACCf4bdG3Xiwnubbx', 4987879), ('3NRjAnCt2NYXfXue5SKBAr3fYaA9VC4M6s', 1270713), ('38PkuaGfyRgefUABuV23NabDfExrTVxyN6', 135086), ('3F3LbSpfkP3fJjgqZyai2yXqfypgmmQ6Jo', 401475), ('3DeMGvdzc3zozyC3AoNSXKtQvFQAYdWeiH', 521700), ('33M9pwtnEB94wWqYDtNkSsrjUzAV6FBJot', 3771712), ('3NCz4SQDjxaVzqZheF6qv3N92c1hKMncFq', 510745), ('39JcygxyUjMB4n9nr7caihwv8rP8VvuQnf', 251875), ('3LA6BRVUYQVtnFEPoSwT2d2fww3QiL4eGJ', 5217467), ('3LWqchJRHUsKevNkn9nEsrA6v2QB1VSVHo', 259000), ('3DkFg7fhTHW527KqAvSHuhWGnExuCrENJ4', 521147), ('3AxBYFksBtkBuqHiX28Qfkrp7vnSvr4qVU', 2612348), ('3JcDgnGWSLz2R654sJouyGLmorQMhCNE2T', 10734897), ('3R1nLYovZH59uZ2VyhUFgpbW7xki9ownvs', 1563010), ('3FvV2tLPHFp9txQMszEh8DBjnLnJdgzQmX', 252343), ('3DpH59assoiGBJWUPSBufk8SUMp66Qhvxn', 250000), ('3Fub37DdECqmMsbs8TCMdvDUyNBjfAWfFn', 249164), ('3Ce2LpFtV4pXdPTBpzYxUnmFJ9NtavNYrB', 2084882), ('3GvzeBUvsxCiZKb8EezYPUzifJBbHM26ek', 133260), ('3DH7jErfnR6CUU4TJ2QYbV2c3sGf4Qir21', 4414217), ('37881q7P5Vw3cmDF4vWFxBG14YxC2xhovy', 1000000000), ('3Qbib8x3QV7XGnP9xJLDWo6Ece4Xxrq3gg', 273535), ('3Qu7hsb8UZ6Ywz3wYMWBuCxVFc7jJdUXx3', 678063), ('3Nmk21NAmD2KJw5Sys7BTMmQhnFhAS7y1L', 371050), ('3MGqFK68M3yYjHD2B2adee7mKtbZwTR4xT', 1042667), ('3CSe6A9TMr6Y5SLK7SsoiwdLcm9dZFUsQk', 655435), ('3CffAV8vNsNzNyxPDGj2MvVCiJ6eYZsU6m', 4994969), ('36wd4qMcRr5jmv4wsSZ363YLGJ2Q8ZNVgk', 835939), ('3L5mviGBCziSzmB4yi2FVEhkAfLmmqG8AA', 152268), ('3Jov73d3p42vkXCoLJe3dyfZMs1CRqSXNo', 6049994), ('35EUJEMhnCFMuPZkWFoyzaCZ8AjJzK4aFE', 80000000), ('3LYDd2QpZnJC6eYcEHN5nZ5meMsNr8ZiMG', 361189), ('36fHsSRG6bhm2mb1duSMDHmg2yXBqmRGAm', 572673), ('3F8P1esEaocdjYY41hHP43uipeLp7hnUq1', 134662), ('3JG8EeBJjXqppiaNQKuNS4KzEKFU3uFRpA', 2675699), ('33n7Ezv5JuAf8a5EWoP9rd33zGXTJEzwhZ', 283669), ('37YgRxFkFpJ2KyfGhiaqm7RHf46w5C2jfq', 5000000), ('3MT2aY7Wjrv7KgF5g4gGXgqrYmjoXq3UH5', 7756258), ('3EuD8ogo6nPqY1knYkrE8XNXNAhndnQ5QG', 3515088), ('33y3VJ23Z6jNx5QUkq3SHhmDqLE1q5zpi9', 13835281), ('3Q4JoU55TvdHnNtgSJVwTdPXM3PfPgCfqY', 122670), ('39BRnWCjNiyzunKvSYdk2FBNgvZ6oZgpmP', 584061), ('3FV3aiGrtnJ34zNmzyioro29RtY24bF2HP', 131647), ('3Fxkcox4vqhuNXWYAkD2gpgURzwvzVuN2Q', 819969), ('3BroaEYKsKy3tCX74YQqKYVLjhXjVf3dko', 82563), ('3DM5KCHtH2k93PXGe5YHoPa6SLkKzWyYMq', 62915), ('3PUGwUGRcbYxZyJH4esLgccpk1XBuWV5gJ', 3646808), ('34WdnnHDix1CDpmdeH9vRrwE2C7aG1rnt3', 1172261), ('3B49TJjV5sGsn4F8Js73aXAvhwrGbb5Pj1', 2575025), ('34fMfoX11zpRA9eRkLzduCvUAWoZvAKAGi', 127298), ('3DH7jErfnR6CUU4TJ2QYbV2c3sGf4Qir21', 234490), ('3KQAn8i3WLSx1nfdBz26HV7kpD2d7L7zg3', 2573063), ('36YjMXTbNj5y2dWTjrsEhY1aViFrjiLpTV', 871675), ('3BAwbr1evZh94sqahSXiy1EkTa5GdDxm4p', 120727)]","[('bc1qx65xcxz6dfsge2g4eaerercslh83y66wrpm79r', 2332708236)]"
1,220e62d3894400740e7510903287f00556bbe36587e339a78d18d0d297a80551,2021-07-24 08:34:00,"[('31mmTEWsQrRpnuP4HF5bJZgMNp5Fn3Pexr', 2629212), ('37iuq4uxojQhUNBMseXawURN9tHKrBfzZ6', 500886), ('33Y1QRbG9rmAQyuVoHcutpMYA6C3Dk64gz', 216606), ('3KpmYv2GNGbpjVRhg3PD6xq6Mj7CdR3RYp', 1450895), ('3QgGeDLDNXF6oddaw6JSzXn4xv8uRfqK28', 298459), ('39rqTiybC82j2Pg6fFHDUjYLTjNw2smXGT', 2960168), ('39ibTrxUEBPZi6DsbmvQXMcZFHaeoK1kgH', 295955), ('3LkRAJyzXTMu3C9dbQWAZjDoa6KSiQMSXS', 304722), ('3HA4SpQqFvZpUEdtNTKX38rm7F5gEKagsx', 478616), ('31vhquv2N1nhBAwF6tEU4VTVGFiuqx3Cst', 288521), ('3MzSozbBVzTZiiHjRuYgvnXDdCU1Eh5q2e', 1596196), ('3HtuKEiq2AER7jagcCLywogTczQ8tdxuJR', 820807), ('36RaVyKYiAKjabBxWqBkWmprzgmmRq9H2Q', 1182915), ('36HYrxMWgkEyKjRodv1ScNoRpqddstCSUS', 871407), ('3DwBSSWVWLeH9B9QLYtDKFmcTaJBKKm5ga', 351012), ('3NnjQpd4xe8CkvLBveSy5V4x8eujHyTexS', 295916), ('3Cbmyd3cZZsE2HQFv2u9Gmb5xmFHD2cCGR', 110269), ('32wJFYYk2BBRaxrHHFHHa64vrwEhYNBzkx', 636589), ('39XZ9hX8CAN31b8YjPembLWRopkBvP1Jqy', 576028), ('33ddS1qiobt9VeRrzxSAmmH6ne6UkMM9cv', 306460), ('3BmfzGGp3ey7h2TJm9yuY5vm5jQ7FXaWio', 295500), ('33p8EVojKu822HsaPeAZH7iGHeXMjMjJpV', 665097), ('34urYfDucLSVezY4p2XFB5vhPzgDMpPjTf', 364405), ('3EZjfCZ9N1DWNEv9Jr6hKQKjDYtqJjSEWn', 694059), ('38XwSTZnbiTiEk9N1bJrJh3Zwu6JAPh7SX', 10455620), ('39HwWhRGh3eesuRGvqPvE54YaeXdsTMz9Z', 50000000), ('3BX5iSWDAaTDGW1tBnEx3fw6Bm7rPDGvji', 1707088), ('3EofJ8ar9xbPT2vddLq2zYcp64MTMETKHx', 5000000), ('35vAjnznMAm1XiA4Vosm5gfmQTaPNUeCyi', 2911050), ('3FpSma2nHfEcha66qCcx6oe2BMSAnbTpLd', 724177), ('3B9KA9EkVA2r3PiQr74YCkPtamq7oebWFd', 214538), ('3QqqwpqfsJVuUXRhiUuJ8Kso2KdsUbkVe6', 553739), ('37qHiRnkVBj4qhUAHUHpmT3xZSRsydBXdb', 74780), ('3AdRsF3g6gZAbfrzYkapotHAoPjKb15geR', 209935), ('38asQD7k3svbzLamviULuNwnA2mQkAcegh', 2060212), ('38jMDSmXBytzCa6Ryn5VhKS5MmoN9FuqWg', 73924), ('37881q7P5Vw3cmDF4vWFxBG14YxC2xhovy', 93000000), ('3ELqiuLTRp11Ws4kXHfFhK6D5RsiuwTLA7', 2956364), ('39HwWhRGh3eesuRGvqPvE54YaeXdsTMz9Z', 50000000), ('3CAuEL3M1RnffmBAYdAZ37UibYxvuNZ9wZ', 69055), ('36npCgddSeFx479N6FjT88EcJybqHPc11v', 300628), ('3P75AGMEJhwovfvkwvLPCmDESQSVKNNzyQ', 178573), ('38ghtcw9QHMuGbu1QDP4pPDMk5fw3HFLpK', 688560), ('3KcFoQ2faViyPJLRY32yDf8xRgJJXTAWF4', 1194598), ('3Mff3T9utf4HYLw75bC6z36nbhRHvoTws8', 280411), ('32KuG8BRu3WVzPEYb67cBV7RUrSWvdjCMM', 1453665), ('3Cjk6o8dY5NcEbdZyvCpeQAbRWDB6prLfw', 600000000), ('3GSLHjvLwmZae2UDrJEV2kDekcYhNDm5AV', 1139345), ('38RC55kmuqcmoCeVRyPJFMj7W8rpNrea8r', 980000), ('3BoLjtqQDo2YUkPmvcRdmpJN5dSDk2GuAQ', 52617), ('3Gb4QCyqPqhNowF5cKcS7NRwqCRmuAZNJm', 299684), ('3QY7fphbkgWuRU7fbDXfT5QnS9NCqSMqcW', 258201), ('3J6g239v63K7MLWEJ2FitYiLRZUBdFm5rz', 283239), ('3F88Pg9ArU11RepP4THSPkaJ6GyWjrtWoE', 2667362), ('3EM2P9bBWUWYukwvv1zrhNwZChy8F6zTdG', 90900), ('3AnmEGEdh4aUPWneZJumkKyu1g5umuoy9C', 282189), ('3MzSozbBVzTZiiHjRuYgvnXDdCU1Eh5q2e', 4789515), ('34bU3wccfgMvSPLmjft72DXu3bWKC61ScM', 29521), ('3MDSasdJREJ9AGZ6aWkh9t6fuEPxx9Hcpr', 77768), ('3HHMQ962jxwLzWiU5NT3wck8hdhJjxZVPS', 1563508), ('32dTtwu55vsgWu2hsHeEnuqzNoo1mVvmLr', 2500000), ('3EQc2HYDZRDrnEjqfthq3BdZ7reAarFrun', 295765), ('3J3JwD3NE3q5onwA2XPRQYKC7sz25c2De5', 9620594), ('35XUGyCxpiVkeXY1XHDxM6MAwz9oiYtMCx', 1598560), ('3PVoiXQ9zv2HW9vfKG8o2VevPBTGmfnv1B', 42178611), ('39EXEQcEwrL2QRBt8QULdAZtFcc6hKmR5Z', 288860), ('3EuHgmRNsTPFo4iyVRXp13kaZG42jtRCvi', 1014650), ('3MgvRUB7LhBAyNYr7EPEeEXLg6y73qhBCE', 737890), ('3NVodkdpKg2FRWC2Tcn4jd7vcptN5pUi9R', 854516), ('34eFmPsAE4gXWVdWLrc4tiDRJdwKwuJnCh', 145000), ('3P66GzWitamAWbz9eGQJJmoiWhGJ7JRstJ', 1015820), ('32rKhNjsHn5ZEmxgTP1p8dguC9Ho8rXt9b', 74020), ('3PaBZjuXCswipNVMYHymP23BDDQ5nHGh7c', 100000), ('3MktAgXepfMv8P6bLAdBpxAfTmojEy52Nz', 2757614), ('3HMAe4HsHSuxA3P6RZGiJHEn5N8bZvpFEo', 399000), ('3FtNM5v1jLqVKsj3XNU8bQQjbyvzTPgnKf', 25100), ('3L4aeqnmJR5CYvw2zKM7nemo9J1vHCmCrg', 20742), ('3EyDsvEegBSRpD1K9gW42E5pzbyFQuqYSG', 183436), ('3B7VUySipLzjtK1bAUsyh4MBBKBjcBJesq', 73167), ('39DXoNcc9fhgnQAgkWb554XicS7kchhJ7v', 28056), ('3JnARvoB5968ku9NCfgCV7cgEqGE1mKijp', 276151), ('3PYbXiKZPRtMipaWsxR59mPoqrP85nB89h', 6016780), ('bc1qzgtx905a2rthummv5ersar2jkkx7lyakuur7rj', 2832112), ('32spyc3tvrZxtxEZevf391RfsE8YKp2rFe', 493248), ('3DNhPbn3ge41Hgwact3ViRYJfx3aYHeoBT', 382366), ('3Gf9GxZgEcSE72RcnEtRKMpUZ5JYgyidHV', 19959298), ('3QW8ZnjoMLD2QnvdtkE8VEvnyPhJuwLyEi', 152500), ('3DyNCVvX6ZjMVBsYgWcNjBpzRSnA5UFHUs', 2000000), ('3KPHMsTaY5cduvU7MxiE88AQmxJyXVAo57', 30865), ('39rqTiybC82j2Pg6fFHDUjYLTjNw2smXGT', 297740), ('36TtfepgEVWyniBdYy9QNgk4i1mseLSSU3', 220500), ('3MeUZAfiXG7csQJvzFv8CxpGubYFRYAzZQ', 58905), ('3DPe73X1zXRrpZ6kEqofv5h1URyEZ8YnAz', 10839688), ('3LWkyChHAcguhUeFdBVDg9HEj3pUvYb43L', 4349524), ('3QQoZQ9Z7iWCZPGnmvs7vTSJmSrLCTGiVD', 172910), ('3GfpoDKpQXwx3HYsk1RhqbU79k5SXbrUiP', 298307), ('3AXriqi4d77k74CPRmG8t7d2uvsxeMq2qg', 27000000), ('3PaBZjuXCswipNVMYHymP23BDDQ5nHGh7c', 600552), ('3DB1kLQbomMGwXPSaZGG1ZKXQP1S8t8GoP', 69293), ('35nFmPoHAu6VrKS2NrYLdcJ7b8bt5RFQ6y', 739356)]","[('bc1qx65xcxz6dfsge2g4eaerercslh83y66wrpm79r', 985512962), ('bc1qx65xcxz6dfsge2g4eaerercslh83y66wrpm79r', 9976449)]"
2,66736d4e307411d758be7451c3cff35963b6fead29db4bc8b860d6b8be93e8b9,2021-06-14 03:17:16,"[('37XTSRPkTYGKFeVa754RmErm2Yphhk3jXs', 120766), ('3BGUi4fRzfHRHg3zoE7bev2wm2B7rujeBk', 976619), ('39thf2EfTQ888Zreomngqjt3RGYxzgQjvh', 382940), ('3PPk1JDLNu3wCj6QQJ79awfmvuPy2urxmo', 453656), ('35h3e8CKc7m6Dp8mPzJinEi3e7yuDGqot2', 2748256), ('37ejiEgv5rRAfTiPoEfkyeY77VCReyhXaE', 38311790), ('3CkDrHP5tANCCEcit21t7XaXsQMhctGkwd', 722600), ('3NoKCQu9Nu7CACXXnaHFu3agtr2ztGkvmb', 700686), ('37zRC4tHT2uUAr8YJNcqTQqDoayy7Numzk', 560000), ('3Ew8z6hB6ZfMyyKE5bheiMAVJxtWmbYaTT', 2468541), ('3BwAbYHXM6cNUp1L18jg3R9gw9VnZTCwwU', 6739272), ('38y6oiXDfT3f89hbtDw1kMj9qP41AUCbG6', 58485), ('3EDgvcVg1yh77A9rFH7nhJgMBPRV861wbc', 501981), ('3NMMRQGQUQbz1HueyubwcoHSK8XPxcZ6tH', 2150981), ('3KuDDx21qYEqfVLsLMYKsMJhgibzZHYNTz', 200000), ('3HunkkFNo9GQbQP3i9bsgMnsPNtS9JYWMa', 26459), ('3EFcS47BF8M3fub7XZ8VGUc3X6TbkmFybr', 315665), ('3N4Ngr6AomFWGdrSd3oPWYfhbq8VJTKPeG', 256995), ('3BK9YivSBMpcXe3Ca1MznRtJLcMWZ23NAf', 579199), ('345YSve9kSK2NpKqVXBfcDEEEQ3VGs4RkC', 248778), ('3FUbLecpM6Ywiy9vrc6hYKk4VEs7RQ9EFk', 2428448), ('3McwQoabdJxuuim7UQJA43FSs4mWq9Yy23', 98479), ('31vhpC5xTMDEb8TbgaagRpdbqj7GFrDGoQ', 372346), ('3GzSkFszQVT5139TdFfgnUn1UEbxpATVYx', 28913532), ('3FfbLZgFjVwbyymeVQyxNXR67b3H78aCU7', 53956), ('34pNqvNFT255aqn5XeeuvbvWh62nxqbaoM', 1995943), ('36yywgAFLf3cimsU66pEVY9nHbFJcDZ2Dn', 241693), ('3Bie2sNoK2jZaFcnA1ZWDHzodKEuVsYFku', 23790565), ('3Mi1rU3TyLEXAAgMuj3eVYHhbtjdEFdiBK', 1100420), ('3C1WF2qZiZyRT32H3BNgVnCxkit1i9VXPr', 139183), ('3JE3MmFG9hFfkobJb7hewMCXJ9QPvVRm48', 249586), ('3Dydhn8hopsYpq9VZTUTjwaAYXbLbYDrqV', 382879), ('39jQNg6JYnPArDzHGDR8pdRDyrZo3Z47zc', 9632016), ('3DLNRr65Rmrq99jQjp5UfzCnTp54e8t676', 256826), ('34ZLt9n1K7kKPma49RxyCcuNzWxUYDQo5P', 168734), ('3E11atWfJzTZN7uUTkFCdbXRDso4SRSyvm', 2915231), ('3K6qoR8WgSkgKdw31PZrCym6EyHL1sa2vV', 2582598), ('3MtztYzGsFeRUt3LJ5jXLmCehNCMm4QFkF', 1865281), ('3Gx7YMsjiU5AMDquPSQpSYJKmip4Qsp3PL', 598732), ('32ZxUYQUYbL4sbRBnDw8zfSF4NcE1HQmyk', 529972), ('3EFcS47BF8M3fub7XZ8VGUc3X6TbkmFybr', 378823), ('3F7VADRX6rAVxa9iB5gUJk2oTe2am5NWRA', 3812117), ('3G9bUTMM1Dwdc5adLtxuE6wrcQHttyMw4y', 122441), ('34vCWNJT5cnx5qcHHHwzzH4gYzoHCoYFZ6', 360000), ('36yywgAFLf3cimsU66pEVY9nHbFJcDZ2Dn', 62752), ('36jzdaxnac3piQF2KSfYkoVx9hncAdqWv8', 489648), ('38xCrcYmagkPwmEYBSf49UPr72VTPcAmqF', 254835), ('3PXskiqZrptm5nMyQ9L52RCdDu1ugs4PzV', 112258), ('3AEhApuTrMeSfBcENXvppYJ4NJYGZdFwz3', 207558), ('39SFfamr4ibr156Gu2vZdaqF8sVCq9t5Zs', 998955), ('37v5P2J6U264sMV99soXUEfgzZgMUKEmUv', 38387), ('37eLpPf18vAv7aU8apDHE4DozTrMAJ8ej4', 94400), ('32uyqfWQ7ne2V1M5VN7hnPUvhUM8rbRtFx', 216900), ('3GY6j1rVi2FQ27u5gUUtRGWiM6pFvKetvP', 25344113), ('31qX6WaP1G9HDaRUBMCYV6qpGr8c5XFCai', 625765), ('3DLBjrd88dJ27ouBwCPvg4oEKMVhRvcwug', 1036800), ('3LCHbw3F4QDZhniJJZEaXse6B5xoKdMMyr', 129040), ('35XJFmfTHP7KUeuAic81JUbYxjnWLZumiG', 1148385), ('34wbF52yXn5xMUNNMgjQcCDTKZ43R2Nm8S', 49960061), ('3Q4UjJn5wJtLx5kPTPpdDjwKU4TJn6ryUe', 620350), ('35P2cssmH35VbE1sxhmr7MkbExUsvf69oX', 101319), ('3GfJn4QvrHPwhF6DpRuCSTY4KQjHNuDs9s', 64000), ('3BUhoq8HyxmJYNarLVh5gMi2G9FkUxwZdh', 4543256), ('345YSve9kSK2NpKqVXBfcDEEEQ3VGs4RkC', 250488), ('3JHNMTmTUHsLfPGBBBHHFN8fQ7vDQYBkGW', 20000), ('3LhZdWzWSh3LzyjaDUGNFBkYXarAGtrJ8K', 12742391), ('343nFvjKcNyhQJcrZp7C9h92jT9UePzD5u', 977261), ('31xkY28AM2YuDhH8CJGtXrXYRMF7RMAmEX', 16359), ('34Q8LVoZC1rH3483e9etqubJywj82a2ckq', 245095), ('3E6twK83CzG4K2mNMTYbrdcjdaRd7bxPcR', 2455047), ('3GDE4jDigy24HrvWHP41HEVZ3VxuCEi1wc', 485205), ('3Bie2sNoK2jZaFcnA1ZWDHzodKEuVsYFku', 54021647), ('35mksbDHQ3ZYxrk4FvtbcDcv81g2voTx6g', 1761058), ('31in95dYHt2zX1Ka2MCevDQoyouAKGqbMS', 121610), ('3D5MFMiHeuWwpNwykoUz3zRWNo6GiMDbhD', 729661), ('3AkNvDdMKzx5zGrK4PT5uns8mFhFQyCFLL', 1110000), ('369Yzuu6kz4fH1ocjEwyJV6TUXuSp2W8bR', 326737), ('38TU2us8DybjfLCew24JwH36ftHryfEh21', 104509), ('3NHDEgVWogenQupkwi6arx8jtpw8freM3W', 4900944), ('3JJ7M4dyJw3Gcoh5FfNykfGWAEVfWi3PSD', 109599), ('3GaJrBTTcihDeR1YxxoXrBNtoSB9rWrDvu', 64214), ('3F3f9jkHDALuqVbe4gZmcxyovg1Ztj6Vim', 299094), ('37881q7P5Vw3cmDF4vWFxBG14YxC2xhovy', 38575500), ('3Q1y6sqDb2CDiH9MFJsiMceu6CqwSzD2Ef', 267600), ('3KaDobuWz4YCRXfQVRckwEqKaeF54w7Ntr', 50717), ('32ASoYaosPmxapmgt1vQHTXoAHeS7dnXtz', 285544), ('3HKihdE1VWCxFAs7LsqG6jw64GP8kJDzqY', 58658), ('3QJqQAvxGSpUUJV2GpTcb1tj6BQEjpWwt4', 512438), ('38FbSqsniVVtuz8da5atkzfH5B1j61FGmh', 2520406), ('3J3AkT3kfmhSmPBUoNrk7243WgE5SPbquD', 2005782), ('3MVaJTnCZ6ty6LCEjL7oewNKfXfRumHaQD', 40000000), ('3MapdcM3FC994LyT6kmAb2cGGz2hX5Cvx2', 498959), ('38chcqHcoasX6amf9cZWcna8bama3XthP4', 100000), ('37nhu66HHX9Ydz3ok9mzpbj6ssMNzeqMuS', 4593600), ('3B44iwUTnhtXGGYek7nfjaj12oEB167ieH', 700000), ('3CfYJjcRqSDJuxQS3sHA1ZU9rZ7HYMcuwk', 400000000), ('3NGUBU1Nseney2LAqC3fQ4GQCrDreT6wLF', 177255), ('3L9XyK92uMQ58KNFsGrS5pLABtLTPXF9gx', 20100000), ('34wAxg53x2cPPCkwVqAu5R51eLnmDXSMah', 2525430), ('33gQzCWqCk52Dom3JboeB3REhgZuWw2DSX', 666776)]","[('bc1qx65xcxz6dfsge2g4eaerercslh83y66wrpm79r', 811941836), ('bc1qx65xcxz6dfsge2g4eaerercslh83y66wrpm79r', 9712781)]"
3,f81ae2c87ea88cef0691edec3f4f1b522f1a6ede3ad0318d76aeb1eeba02044a,2021-06-10 06:48:47,"[('38AozystvkXT9YXtLU96MEXGZ4wb2o8u7a', 100849), ('3992pDocdDr6vxfQtwiFMZ2Tr2pzAPL1Uu', 547676), ('3FABzhA4dvwthZ5aQWXEdJXdk58xHwGM85', 103781), ('3NJnHE6FoXcUGYp17UkcdYNAGdhb5ySME1', 242713), ('3L3o9GDSYYX5Hueb6kzjMfkBJEGJfiK66r', 1000087), ('3FV3CauMy2wr26V4sDexbHBZUY2JM9fjeY', 200000000), ('34iKYPKsSWjsV9hkghdtExftmPRPuL4W9x', 3000000), ('36vAEezj2ydKpsd1QmMX4wqdAaJRPKeF5g', 1360000), ('379nt1BJtX5jiyixcbu9U8UvjLJb5NHXGc', 1284600), ('3Qz1XrRzFYVmEiVY97RBnPP8BG8oiYAnuU', 260588), ('3JRYuU6M5ugX39iJNeg9efVtCUFVCYPtU4', 2296432), ('3BXcRXzLYi9FQ1gMSJw1AMKDmmRUHhTgBa', 136287), ('32zWFCu9psWp55K1KdNMhEbbAaSksKV9iq', 193320), ('3ETNTG7esgbJ9SEMxciAZ9ZnknaXTjzWL9', 53941), ('35SPYzyixPhu3jSpLFWTfr1pv49z76GjEz', 163308), ('3791D5pLC4Cf76GmTaDSWAbiYzmeS3ytXk', 128933), ('37881q7P5Vw3cmDF4vWFxBG14YxC2xhovy', 500000000), ('3KK44XhfTw7MLX8LMi2oEXQRRTtcgofoKQ', 27990903), ('3F8D1rr3bEvB1SnQKh1msa8CWJECqKuake', 3070000), ('3CynUR8a573jBX6notbXeWnJmQGB5KCoMY', 91879), ('3EukKT8P4TQzKnYPSP6S6o6BUoe7p2SmcZ', 2424922), ('38y6oiXDfT3f89hbtDw1kMj9qP41AUCbG6', 54562), ('3QgBMbvYLAyNT7xykQ4hizU9t5F8zaXtPo', 99900), ('36NvPgc86TD7B9K8uezmTZVbEnWqXPkGAa', 135653), ('35SHBreYWEX2B3j5mfZHT53EycrGMEA8iX', 260802), ('3PTQxyMV5w41hdWrJnggsca3Ab6r5KMUNm', 1074037), ('3M9KrxwSgLcH7JdodTznwFWrkVpRRtkhpb', 1886913), ('33KFFK1tnFn9B9ydfsjsJmbMNREZAbm3wu', 4679705), ('3Hg9UFnTVXdBCt5rMRx8gx6KQDg34Nwbxm', 27309), ('37pvnAJpG68QimERAw4hNbNu4q11xj1cKR', 88943), ('3QjQ6V1nwqw1WifWqAY4K1szr5trHQHMGE', 273086), ('3Be2jm5Q4zXKkFwegubmP6LW3ZAAH5wspo', 14443700), ('38mdmuuan3xKRP7de6pdiCLA12L7jrZ3hP', 177462), ('3MQMqzvKRX3DtwaZ8LGUtjX6qjRaFSzHyU', 684000)]","[('bc1qx65xcxz6dfsge2g4eaerercslh83y66wrpm79r', 758336291), ('bc1qx65xcxz6dfsge2g4eaerercslh83y66wrpm79r', 9890601)]"
4,2f53ace736e96e14387282a62e0f657bb1756b4ebcf6aa3b603a944ef1afc64c,2021-06-09 13:00:53,"[('34o6YT1rJhcs7dUiEBknW3omqGDsei2nj5', 132067), ('3PjLqP154Zf4FV7GX1uQwbeXPSfJL779hs', 500000), ('3EK9vhVBRDS6zzPyupM6zwmvCSKYb5uagt', 223470), ('3PvbE4vXwfpcnYraY7jzVGJWUceEetJVTs', 5830380), ('3GX2iCJ4LjE6Uu3en9pyC4pendUhKNuk3w', 935569), ('3DhPWo7JyPkkBpA6MEkmiv4vUwBy1YNi4Y', 1212600), ('3MQLyWYr3CAB2zeM6YsJ2kQgFgY6SZBsHX', 141230), ('3KoU53eL7P6FtVo6Wo9b4CxbHL1Ki7sHan', 243000), ('33JgPZXLQHmJsC8Nkg9dKDYntPz6kfbT6f', 9636602), ('34nMghDpfbbTEpdY33rVFEVHD8WUhND4Dy', 646160), ('3LpgYPf2TSsx9kECek1vUCYDSkGW5GoRhC', 4402673), ('3MiEWnhoKmxzVfbhC5yh2wG6VBxQdEAbuk', 455118), ('39nZUXQgN6y1p7kFMwVf17vEUFXTxphJvs', 14223467), ('37XmceDN37CmKyU76QWy1pccsRjk6WKUoH', 1275000), ('38QJutaBYfdGRpU5uGmyXtEsDBSzJcAQZk', 1314491), ('324UkRmfBpmZusDWKJk7VvFQDiK1ZxDsVt', 290280), ('31hZZ9m1eu94GrouhPJvnQhxqisG5aoFGa', 1557039), ('38XHbxVakZ3R27ZX9EECTYJAUtTb9Yw8pg', 309347), ('35vHD5bzbmVchpc2SvYA1GhP2BWzSPmSno', 2993854), ('323uEZeBGMT7PgwA5W4Aaqh4vFfPteYUWN', 169620), ('3LDeJYewiYZQ7u5hWrFo8CivAAp1scCAhP', 714260), ('33N4Bm1AmJGbNSvw2YJ9ewj7qjB5PfgUEj', 412095), ('31wvxyA6fp6k4GRb3us4Vb2uNxynhx9C6z', 10099553), ('32JUfpcFNnNGhsi3ZCvYH5q8h6SyLTN75v', 1748842), ('3Gm4sRhbjCJmS6DYbghYCRet8XnrpgLFht', 732629), ('36t4ExFtHpyP5sqyBE3q3GBf2ojVCKkLiA', 1984228), ('3QrTaQSD2jYY86VxgbQSC4bAE2YEMSzFuR', 2899700), ('35WSSvEErMDrN64z9iJVzJUsDATeyr8cHD', 12854000), ('33XjUjf59izxECntvXq4eSrysw5dz78dst', 4000000), ('3Q4VNuomXeGq8fjD1c8WHXJwzj6n5ybHn8', 24289611), ('32CguX18KYJv8b8ZabowWPVQnpmrrh2jSJ', 770100), ('3BSvavqFignhFAUUMgPSHnv4cFh93sA9xv', 135160), ('32Qn1xh5CSi4GmYSt1zvL7X7z4gmKvNdTk', 1750762), ('3QL5z3yTstjXBpH9QBjh97gQhWsfR4LP6p', 369628), ('3H4imP61ZXYQdpPgWhGmjkazK4hFhHSmGz', 19943000), ('3GL7cx9u77Q8NXbZpV7VcnfFPS6VFuJ9Aj', 528507), ('37GUsh74crv59mzh1xr2FX5rfBQhARWUpC', 4800000), ('32hDHnhnxB6mH6T6KZLspzKoappyRWAaDS', 617005), ('3N2aoKo1F5jC5xboYXEY2AgtBz2FKouK5e', 865669), ('3KpdgBFeqe4ynqgMHmqHf8URgtQojPPZNM', 500000), ('3LBKa3DCDQ4WNG6RtK78y34yaTczetrckf', 4943000), ('3DtPjBpDgH1K7VyZPYxEHSjYqp3PDD96s7', 432804), ('3KNi1a4K5VxiVu2dbpcZU3GQDaJ69bqse7', 1407270), ('3GrHdY5hMQFS4HtjqWR2q1m4AYn54Ruymp', 637036), ('3Lmoy6HJhRxz3mSrTkcPcqowt33wdx4bRS', 1856901), ('3E68sJMxxdC3HxQApJXY6BDZem7TYV1eKD', 618000), ('37881q7P5Vw3cmDF4vWFxBG14YxC2xhovy', 61187000), ('3D4wKmNPPx6ygjfveTn3nw6bmwNZ8CEzBm', 137416), ('38ym44XCuwGiK5mLyNnE9uT9FWZ2F4oXUG', 918488), ('3JuFycUL6HgYupbsXWuWxFXmJTafMukvme', 2815660), ('3DSrsFpSjUfQHpPiZHwMDR1Pr8LuDzrz9o', 5856850), ('3EFBHKm7z15nCzpfLh5UcWiRMdJrANgMTL', 1086594), ('38Lv2XXSNqLBqHWSX5wAbDvKVxxKTYfEp5', 21057500), ('39tAMqYH1RfVxcqGPHS4pA5pJQ2BjNfyDp', 567553), ('3N7oHhvhCLz1iZz97g2RkTu8Kk4jBjfwc4', 3445118), ('38qHRj1BfXLYtHtuYxBRJS5eArbzcbUsXt', 955062), ('329ycSVjBwjEJijDBGA3bfiXQqPFf5W1Dd', 353785), ('3N18MPSsjuzcmffFe5WvhGonbLBF1RSqtF', 1256756), ('37zGnBnbBMVR6W8rWdK53mS843XNAELuGZ', 100000000), ('3AhSPh9Gu8LAkkvNUGTDieufHYSqojq1Za', 841487), ('3JEUFYFCVFCoVhwrcWYW1ymivNNc34AhA4', 6046500), ('3QsjRFhHFMoKtFhuiYjJY1HmcncaiMSFi3', 392180), ('3NmJpR9CPAW7XLBJXnBrupf6yb44pKAcEE', 251759), ('36RadL14qHQg8pUsgiYZLAPvhZxaKhLXN9', 302411), ('3Qay5n67R2PMXthhNwfCnG6NAzcSJPHc44', 409278), ('3KPAQdEgvhDAN58CQELcFP2oeYCqLRvHBn', 401409), ('3NYPa3j1PxEihqdc68te9NeUaZHWR4AAiY', 1566962), ('38w3mRXYQs9qFmCZFAuN4ZG1ta3ReQkMLD', 15000000), ('3LD8EjWJRray8QusaTmdjUPkmjFRTqGDQC', 5781257), ('3Mt5RR1vCapkk7r5wWofQk5dFg3sK9T8Y9', 347825), ('32XS13de5iWzkXdNwUitdtjMQHrmMSLwDs', 5524911), ('33CaAcPsR4QHrK1Rxh5MuHo9zjzuCqkTz3', 1021937), ('3QcKSznnS5eGEwiFXXEb4hHofaKmYXGNVA', 425891), ('37DWMsceH7h38hi7zXGE8jxeTJPcKAZvoE', 225123), ('3AxB218ybqZMg7qVCBW7pGe5CGen9qXBhN', 20379032), ('3ANo2RYFCfUKrWPFrz55A2nNf4aAAiCYD3', 2997922), ('3H988ukohwAvZkz14NXTga8p6fMFrnBziG', 426887), ('3LydYaXkKY8ieZ2isE1Kh3Kd7KVU2vgd3x', 286943), ('3KUB9Y1omVAtgGaVK2xkYwJmyKSd3QiQAg', 290501), ('3MBS3g9Wz8gHLzV7eFDyaPhnKJGgdoKCSo', 1700935), ('3G22PfNyBLL5XjJUNgvMRD48StU2EPqoe3', 2021758), ('32s8MseTxGdueM23NX4B9M7tUwL3spAGrm', 431511), ('3HPNvA74etzgEqatEEYZNN3Wx4zyGVtfpN', 293341), ('38sNV6bLj7y8HQQU5njhnHPTBaDV6Smxhj', 438765), ('3BhRMTQREV2ha5nviGyWkgQTBpc17fPdXr', 1157622), ('3GgATPJ9yXDNP3icRpJ9Pkx1qGN8twyxy7', 219797), ('3KseC8Td7yXXfAQ4dsomH5wU33xLhZCHWk', 16011000), ('38LAgVXb7QiDYvwBQf1rHMW5GKzTteyPbd', 22944366), ('397aphKnaUbDT84Phu4siX52JDGEfth9yi', 204438), ('3EqdQfixy5dPDqZh1Hf98HioTxAsG3siEc', 10487987), ('3LvSrcfnqcGFARPic9BB3WSjboCdptJjZf', 1489915), ('3KSohMTMDTxwg7ZmjyQLPD27snGupfZaib', 386585), ('3Jb9tLP8ymG6NTRHu43JjF3PmHvBV2HtN9', 7480000), ('3H5qeS4na1s2xtYwFnWueteXKpBX5CJGhT', 1386900), ('3JE5KNMonLnKj3MFgF4XL8XeD6GLj79Tcf', 1434765), ('3LotJXnbjZK13zfYR4GBhPzpMWG4MHjNQD', 101955), ('3MZqZVNYboSy8SHsCgNG1whY5d3FDSp6de', 161012), ('3HHMQ962jxwLzWiU5NT3wck8hdhJjxZVPS', 577978), ('36dcNwPFcL3fhqYRyg6zsEPXVEhvaGeZZg', 1728096), ('35P1NDeTBPi9q2RVLBUpWPDkRQqf9JFTUq', 60000000), ('3LfKVk2KmXnfwjsCbqD7nwCaU1S3rJoPEy', 5769731), ('35hJjjpvQcBbwPFvfvZdTibb85nzwh5Hnq', 4470000), ('3KTU96RWRMT4eXw49ShwgB3WukK41r32k7', 424959), ('3CYt1BUx6mVuJNyXptYWxvCmDVtKaNTPUQ', 141545), ('33LfjjMBcmvWaR2WCGSeRQKCF1J3xDftHU', 139838), ('3F1Fcw7HB66URU6XioKqc6khViJgowQg5g', 736391), ('3Jptpbw5rKhV8rVUVbLmstLSSkPpLDhxBp', 113789), ('3P2WGTgmwQUzQtoE1P2qoBSYAXowqtS6Jn', 900000)]","[('bc1qx65xcxz6dfsge2g4eaerercslh83y66wrpm79r', 552151408)]"
5,ab5b3c4d2320bff9ea7952bfe56510fcb42de453578ee29cedb774a50707480d,2021-06-09 06:39:51,"[('395ManeHpeGG6D1Jt1Eseu9A51AzXw2ykv', 228642), ('3AnupgWRHSfTRV5kLQ82rPJ6fTwfNX2nfg', 597441), ('3GgofFUT1GvisKykcu6GzZACxfiXf8KRQg', 76309), ('3HjtjSbRBZoRFJhgoQBNz52cs165Qmzz8j', 369013), ('3PiWHBbnE2qkLn8FtPQ1SKpzY1AyuWBnzd', 2904700), ('3CZpAaHaktSqsUS1exhYs1D4HDUEmi6Li4', 519873), ('3AxD6Ucmg8MTWCuheSjvSkcmZvuNBsCxmd', 612761), ('35kvoNQYpuCFWALZj7cpxZiNV5uwmbjZmg', 13179), ('3GpioFHhkZ7gkxjNQxQXZchFyUHFhdG1DU', 149310), ('33MdcBt6ffdsQtP9SVecxcomtPKViFHJEM', 521677), ('3G1yq27cDxuTvUrnfNSdPyYNKuxyEEzena', 199880), ('3D8wvFDCzSdmqiSnnqTgX3AXrdMaganodT', 598426), ('3Fi5UdSrcUdd7kLz1uCyo7ifveTdjwya7h', 3909191), ('3FnqcdriPhsXzVUvv1AoUtk6dFEg83UF5V', 314022), ('3DKUZN4cNnTesRdX3ss5T6No5TA9RBfWPt', 82100), ('3HPjpvwmTZA91WAsNvKjKejwrxQhefouu2', 442631), ('3CqyvN9JdbNcSSymCKcjC81Te15YrzcCJ3', 6023011), ('34VZFqZ5PvTyAG5PFxwkViTzzUSNs18FCt', 1325678), ('3DP1Ep16Ynyeqr8jmC4sgDXRUQLnoTxDUB', 361398), ('36ipp4Z3pC82Zx6E6CMvzVhnozJVDantUw', 156031), ('3EAe61usshfDz2589xdjCJdkDzvh9wJDSW', 5941611), ('33UnLV46kHnA88h6VQo52sDzDE9aj5C2Gy', 2971387), ('37881q7P5Vw3cmDF4vWFxBG14YxC2xhovy', 500000000), ('3CBUBdN1oN8j2T4puPf3vBE5JcCCGaCVbt', 619865), ('33bhCw5bVhstAma1MLEwx1Mm8dXcQEABn5', 20739), ('3DFaJvX6NWqqWjYKVmPeL41VwY9rwV3acr', 1065682), ('3DQxpLnKdAGvBfGxsdXaibziq9knp5aBJW', 1505385), ('33iWUMcBeDgDCLYDCdTTQzws1kjzsGAKYJ', 13898), ('3GagnTFY21k6tBTDNhj9mf2PrBBRSjr7An', 170300), ('3AMKBUtK4AHQLxghAVxXTzrfToCLh33QdP', 1260000), ('34ZLt9n1K7kKPma49RxyCcuNzWxUYDQo5P', 5592704), ('34ZLt9n1K7kKPma49RxyCcuNzWxUYDQo5P', 37290491), ('3CFm8qF3uqi9ovg7zjLaXWfqqBnr91uyqY', 1250494), ('3HFgq4hKUHiZiikfbSGdnnhVNfZfohAc4T', 153255), ('3NL955NuTLpTcTTDbcLm6qxZsGMa7gN3Fh', 112308), ('33awi75cwMauye7UDJmHdYhww26CzAhos5', 2547776), ('3DkGikoV27y8HU4eLirJo6a2YqULCKUxSZ', 150000), ('37pHicwUxxmdTeUg5HkixHstycd1HczAtv', 20589), ('35nWqujYvvLsZtfu8FSj7h1w8Kj7rKE5Ji', 267837), ('3BN5b3uUAULNKNbEMfshq9XXtAPUtGM8qk', 2600000), ('3CDZVc4XG3a5gUti7EBnrVyXC1GqkR1M6u', 435497), ('3JsLQcLv6246NNi5c6BPieXrcoVR2yhf1B', 1000), ('3QQZw8fMWMLEv2j9njLhHxSBd28brYRgkw', 599836), ('3Qm64XnfmYwPeJM5tAejxM7n1FrDwVy8TA', 596624), ('3Avz4FHNyhUwamzk9Bz4qupAUQoqXc5gZ3', 294467), ('341xZcXsq4sTU3KfumzRsWP7j58TQiZPWB', 368722), ('3FbaQffdmLngC16PkJKQWz7wme3gwTcYgH', 178383), ('322a19iikDUp1YHSzQLid6iLFaW1XM49Fo', 823257), ('37DWMsceH7h38hi7zXGE8jxeTJPcKAZvoE', 349397), ('3AxD6Ucmg8MTWCuheSjvSkcmZvuNBsCxmd', 1087497)]","[('bc1qx65xcxz6dfsge2g4eaerercslh83y66wrpm79r', 9926789), ('bc1qx65xcxz6dfsge2g4eaerercslh83y66wrpm79r', 577694274)]"
6,0c980b71867ca2862782bf8d4934aa47ddd4663a36eb88239b8ba45fec6af0ea,2021-06-08 23:08:12,"[('378wPwrUYfjP1oPqz1qGsURoPUxdfedW6A', 110879), ('3HrNybskbhmBFXsM2L2Lph552xYv3WKTFf', 732658), ('3CYt1BUx6mVuJNyXptYWxvCmDVtKaNTPUQ', 291406), ('3Cu35TWmXcdjoaxGa3q5PBqtZvPzENBaBN', 617973), ('371o8SDs7cVqCkPvcieQzVKYMNSefhvTwm', 208465), ('3NG3byWB9BTqp8EmmyWbmDXtKyvoLR3Ucf', 141450), ('3Mkh4KsoRY7r24PmbWknoL1EAe3NAeSFhi', 2840123), ('3LtBvdSkjyDeimMEgJnbCbFfuttENEFbWG', 53000), ('31qgUa1wmHhe8pYhUVNNjAB22HjzkXDcDu', 176875), ('34CJhPSefrPraDuvdKTyWamcYLDfK43qKJ', 539032), ('3JmRBFDD3JCjTqPhWuhjwy3DG62FCC9NY6', 1124017), ('37881q7P5Vw3cmDF4vWFxBG14YxC2xhovy', 59225), ('3EupCx8o7xsyt6PX1nSDcAMqXHwUavVmbX', 225806), ('32iJF5GK8n6pWiFbvmV2Wpu3wuB8cxj5WF', 1025991), ('3LKxB5Zyh6hFYU2wrKGK7oAe5VgcX1Ms9E', 290399), ('3P3pgHv7vwPfRrnuHtEQrYeu1QpMALNLLK', 1451093), ('3Cxcqsno8h6uL5WHz5GKG8sxYeqFnyJRKh', 20061000), ('34YCfuCorefRcQRZbfiRWD1dB9qPYytqto', 4823779), ('34ZLt9n1K7kKPma49RxyCcuNzWxUYDQo5P', 1086308), ('33XEHg4bYFHqJjPH9xEwc22ppWDMnNG1jm', 522492), ('3Lh4yt9t3deh223VvhPcjd3pnJPae8wgfq', 4475100), ('382nwW1gCiNjzLzMJgrj9N7cjCPWPL3h1i', 369663), ('31qADiRbboAAs1pGSBmBjS2JqLFGw2xGwA', 170394), ('3LMZU5c9LqNUnQN2HGkefWrHhkkmG1kURa', 784113), ('327RtD1ozvqKmmyYUcd1BAGzq3aup6q11f', 1474677), ('3AMqCfTVt3opfutXzyApWRsHbQbNbjXsh6', 9950000), ('39n3YYe85B5tTHyKhE92568HzVsJEVnPDk', 68740), ('3DipMPrcKRJyuFY8jupxNCjSGn3jGyzqad', 922697), ('3L8SRPsL4bSXvMMybeSGHgzx1bTjno4tPc', 5719858), ('3BhnNc7Em22nZJLzqprcBVucwdFpenZLWK', 111294), ('3GAADSuSFfvL4Rrc7X7iBvtt4wovbxVUMg', 150760), ('3Qvybwcwbs6to1usRKJ48sAR8xVZASJgnH', 7416692), ('37zaSkp1SAz4BVSakFRVf3i4Sz55pjwgGJ', 298339), ('3CWcx1pRa7YARVCzYAnxPivkiAH6dNnmbL', 15999), ('3FYX935d6D4RkYPqw3e8gTivAR5ekifmzq', 726005), ('3P3pgHv7vwPfRrnuHtEQrYeu1QpMALNLLK', 1161569), ('3CxSCQEpbUWWtWELAyLNeNr68mEYkkiCpA', 1248830), ('36PdrNCipxzT7YZw3T1J1QPbceXYUuSrFU', 5003000), ('3LvSrcfnqcGFARPic9BB3WSjboCdptJjZf', 1427431), ('35cbCc8p6N7HEkA9KQBnH49n7o3Lnp6r8m', 101626), ('336DupM4c7ZB3MN4q3oJd9BnhvfXbwzktk', 460336), ('3DDoZqaFwUTP5zXGoMrSj9baE62p6vRGQP', 303595), ('3J4eKqCFo91Eh64QisSLqbBrBdh6KcUYiU', 301493), ('366WwPD13wCENYSdgwwwJ4rhZt2Sb5wN9r', 6025210), ('3BqcTGZfgiBVTf1ieuWWfSFZfKCffnQDv3', 150694), ('3KU2Hcxzn6LbRqrXspb6j7KMwxdF6sesFJ', 196000), ('3N9ey2cwQGFz7zUueLW85ceMrRgxVyMidn', 8200), ('385o3ftwjSqKzahPQzF8YeeZnsoBJmn4gq', 1752510), ('3Cu35TWmXcdjoaxGa3q5PBqtZvPzENBaBN', 526167), ('3QaNdY3QfiyAhDWA19X6YXmifa9ci8Cbza', 395870), ('3MyipKmFDcUyVQNpssovdmACZXsdXh9kfc', 1409223), ('3EupCx8o7xsyt6PX1nSDcAMqXHwUavVmbX', 1229443), ('3AobB29qMVkgAXyrBu2hFAmD5AA2nqwKvb', 4242867), ('3HB2Qpf7uVAdxcGi2F9yyLSwgBkNH2ZXvB', 2220926), ('3GAJmKpGLFSrvNnteJTDUyyiMszTripJWJ', 73214), ('3Kt76twsPWtHNPdWzTewepweAgSM7YHpME', 140877), ('32uEQkhsMN4fYUcTEswGAuLGqhcpEZRfP4', 55839), ('3LmdWJgGMrUCNChciVk2xapCccEQphWDa7', 61180), ('3Ec2BRSUsNLQCqWH9NJxbztAsHkdEJqckm', 5102238), ('3FmfjNYgHQftU3crEF9RGq5GdS3wm1V7dF', 1506600), ('3KtKuTwNKH8JdG2rYrUpq7nJXY7Su5YT35', 1710655), ('3DY3PQzNEt2898z8LfRQCPoSLNTConTSqP', 2117815), ('3CZaYZzHz9UvN7JSKGszuiEUDMp2EPLpsZ', 35656), ('3GfkHXCGVabBForW7Gs5FDr8VntVivHu86', 61440), ('3Cu35TWmXcdjoaxGa3q5PBqtZvPzENBaBN', 3514370), ('38MfPp8XgJFdouQ3oGrX1f68eMWXbd7mZD', 352667), ('38p3TKKeyB2cGQpsScyQHSsLbW2MyVQ732', 91650), ('35HUBrPHVsmYb8cBL9xTakBVsebbraoEdZ', 826468), ('36qZUMx4JF5Pt32tBnfJQKVc8EFt9LBmMc', 4124042), ('37reAdCnjqX5iQSAbDsy9CbSRCS6W2U4qa', 7071), ('34S8AYwYHBKmKMBsgYhG73Z2nC2qywnB5K', 142923), ('38WzK7kUqTDwUNqhM2FQouv78aArcMRwG2', 38574), ('3AqNFJE5RkVxiYexmzYTjN11rTSLjYfkMi', 151649), ('35q4fkSuBCjw9Xh3M42rd5hfAVj3EoV8dD', 297279), ('372KFzCvt6SPDzVRubkqjrFo3ekENEVFqs', 72876), ('3CGatHQnvbxg5VbGsEtysK3CfgWDSsfAGY', 49256), ('33N4Bm1AmJGbNSvw2YJ9ewj7qjB5PfgUEj', 141247), ('37K8U86X5JQEPoQhCjJARpxoksQ1drHPcS', 84940), ('31x6itw75EoF7cZ3XEcW6uFGmXZPbgx832', 141567), ('37P4uDtHs89DCWe3gXKkB7N579YxNhK115', 353916), ('36FVif69bUmVvPFAemZe5vLXELE3xfC3BM', 1607188), ('37eyt47cbD8y1dkP5LpPgFctfWCmQ2NuYV', 1408434), ('38jGt7Da4rSEGeMrA8Mch8Jo4yApVb6LuM', 145199), ('3F1G6a2rnbDtpiPg1P688Z6adDaTA4LkVC', 504469), ('3HXdp6dqKTLK8DrHskVVe4DtumhwJE6BN2', 464781), ('32HzUt3BJE8MY41d49ApGEqTv6MYmpx3r4', 91485), ('3FMkcqBxyh8XHTZDjjFUY8yau9qz9Pi9ew', 343000), ('3KB5ToAXswdjjFJdX8FXBkdjTmxdzxsVBW', 1221000), ('32y6nwsB3qqpdiU25tgncJUhNKDYdy7TLM', 99900), ('3KH2NPq8TTtDMoXGc9iXAz3EGdWDNp2qmB', 99900), ('34DrnYuCYEcKfLnmzMaUAV2XKqYWNirum7', 300000), ('3BiEsFKPvix22hvuMFMJJcT5ZGL9E3TCGp', 2400000)]","[('bc1qx65xcxz6dfsge2g4eaerercslh83y66wrpm79r', 117142657), ('bc1qx65xcxz6dfsge2g4eaerercslh83y66wrpm79r', 9821825)]"
7,75243bb38c7ebd6550593ac2d3c3bf231213efc3de65967c38e1e6e936da1e79,2021-06-08 22:44:51,"[('32twpnQmCr7GGjNVqMxLxbKMHTeuXZpoYh', 117015), ('33zQnriUr6cHqfvYcEDss3T5C2T43DpRMy', 342358), ('3EwsBEzXyXyvw1GZwGYgbjQrRjeFNreU4t', 400000), ('3J3x5bxMo34DfgxED13H29egVZz2pAbu8n', 594000), ('3G2WxZ73bterKZNFoixaK59sjQMp5dZXDF', 996621), ('3BDu2DeM6gs1Y8Mjy2CgNPnGKmrxzbYy8T', 100385), ('32jyo3eXSJQVkokZirPJ9r1bgUppvL9FjL', 179241), ('3NaZ52KBeVtCtFs3Db73NgFDgyYtWYwEEa', 110807), ('37881q7P5Vw3cmDF4vWFxBG14YxC2xhovy', 300650222), ('34HHZHmMyEiS9GYEv5jYjRtuHRTtvfShMi', 25796902), ('3GiE1hXYCtyr5BoqUsktdvr3HCTjpVabG2', 1136800), ('3DYGo3V39NAsPu7Caq2sny6HC2oFJAWT5r', 312842), ('3NFfgqvR8LDNj4DBKd2eJYQt67sSbTcUe1', 3459106), ('3BtPTUFvUVPAtgMcDoau8cj7sSDTwMYCrt', 1439990), ('3Qy7hQHHZxL1e4vZqoU5srwzjfZYefsqKB', 339716), ('36bzH1xxPZkqi7autPR4zneJHW7VDabwXC', 7366558), ('3M4CqoNHEwMWskP1bHECzgGMEpzLJxa74k', 2927100), ('3GWdKD7KB3SGid66K5UndmfFsV935m1C55', 807400), ('3EnPKyS8BG4F8dq98o7HEdxSCZ8VyjqM3h', 1415056), ('3QrfP5szZn9h7qt7DocNuMgEkoiA7z8VTi', 457383), ('34v7egXKg6Vmsk7tZQ9g62m1ET3EPQw4Qh', 1429357), ('3EwsBEzXyXyvw1GZwGYgbjQrRjeFNreU4t', 2000000), ('3Cg5vVMgQFbxjn8wxubniAdVHR7kW6fWUM', 486051), ('3DHhFrpGBUjXZHdtkZoo23sBQBL1EKBQbc', 182220), ('3Bmy2MmDAPjZZ8fnbJvXdjkA5hrcBGzLFX', 1463656), ('3HMVVm9EBMFGH8jBup7K9sduPsYfUR43Rv', 162000), ('3CocyXCBhZrNUxkgocR2tEPBBza3eesZca', 291276), ('34nMghDpfbbTEpdY33rVFEVHD8WUhND4Dy', 252160), ('33YAeMCkv7hiniLgb5QshddFb6uWbZekN2', 2972000), ('35SSSYP3ZVknrZxM8T6cgRPkdb8Y3qkGLZ', 284441), ('3N2QGoe2zf7dwYC2RKBMdWMoGRCkE6Eu3w', 3660000), ('3QeuECziLtkKDdJyG6kLSPJTkmFzDKGWgp', 206457), ('3H3ttrDN9eQoE4xbErMkyMBQQ6KEhXkqXH', 4860067), ('33uVJVyHkRXeX8byx42GvGQo44LKMQDyoG', 2453160), ('3541ueFuhwERwXjaDu9CJGt9CcZkqr8bQq', 9062364), ('33C5WAczEpotyMAdoS9BE3qCtHCRKELBvZ', 2000000), ('3Fdki1g6qY4n4M51DsNVwvmR2qaPdPiwzv', 1168559), ('3Kg14MQtMPBezqzWsfQrXWtU9z6gni6RT9', 457490), ('34ZmFWZngA7Kx6hrBbfeGSd7P5J3RGD6Np', 654058), ('34938ef57gWhnBQWy6Mwa7A2CPinHdXhWA', 2978218), ('35rBakjr3MfRia3NtqeSLUjESoYAwsPMhr', 111964), ('39jykAAuTf8c1Y2TsS1Gw6AeXfFTmDnhwi', 10079752), ('32KHWpopJTSNB4qhd9UPVLUMWYFheUiupd', 589914), ('3JSFjhKd4NBdCYsUHqFcusuwsfrJU4hxj9', 408399), ('3Po9aSRqE48uvpgeDoTKvzXdPYmdpuTyft', 1633400), ('3FzKUHUhrhGdm4LWYA5xmfHvoWwWyz8gqD', 2908605), ('329guE8McNtsw5HpiFwiABdmBSaRy2N8Xd', 36304890), ('31qvnw7GnMMTqghSJHP4dkDVKoMUUwLN8t', 976579), ('327kGKompmdSmrNkruU49FzZqx2pGiihvw', 5042500), ('3G2WxZ73bterKZNFoixaK59sjQMp5dZXDF', 55541), ('3F9T7ufgwyG6YMpQTEdSjthDJALXDFNhJB', 584745), ('367isYUWJEyv8qujyPPHGfQY3TV3JAnoZr', 100000), ('3MjF3F5iHxEZQ6xYuzXvQiZMGZt9MuBcJd', 593828), ('3Aaq4qL7hjhBUE4QKYuJTp3W2t2x9DPQka', 745709), ('3Cz6bduit9fW6uvpzR2hp6tcwbdMFyA7AN', 101275), ('3BxgYpGYnEsdEY8bVU9svnpmSXZUqTAyZS', 1804373), ('3CakbRuf1J2VTuhTXSv6TPPUyMV1kLeQeb', 280130), ('36kN4nThKHJ3YkVML9qqigDomJ3A9mZ8yD', 284232), ('3BbZ4X8HW7PpUxzSP68MMVRZvPaHrHbwWD', 1643000), ('3C2gwtgAjt7LHJwjf7ZB9VSbkuUfbCDs4P', 146173), ('3Kj1Th1NNbgh3aBd5oPCDxexHhQkjmAiXy', 2862241), ('3MGzAc2kqaNdPZZkX5gZmDoymW2gSZ3t87', 2836118), ('3BC82dqi3fKJxg3LDQsRVAXk1CGxeFaKYH', 178807), ('3DRk1HeB1ixmSipn6iT2E8RRxrkyQdkmW4', 113293), ('3AkyhXLDd1ZwVFxERNoTkE1NZJ4uJUZpE8', 349826), ('3NGj3bFQfFyYqmn4yFuK6NtHaaxwa8KTRG', 896823), ('3JCCdZgzdGogosKb65pqAe8dPfrHnqN2CP', 769473), ('3MQXw6pQGCZeEDWP6NsGb8pakt2Y7TmVJX', 5000000), ('39QDDfgveKomGffYMYb4dE9nE5kxRHLB4f', 2483814), ('38BRkxA4Y5XQAt2xCR9VLyAXybZFm7L78n', 2926641), ('32x5gYkiFoK5KnfaXwwVUZ5m2mJk1DvbwZ', 1488981), ('3PxWr4XzuWDBzsizfBqmyLXqSEdo3PSwqw', 96986), ('3CRVgQWs51nsWdaY6LBkpuztd6PwAstnkQ', 285037), ('37m23gexgAD7Lj8oPfYtmoNRCn1zT1Co1W', 236869), ('38deBx9xBGtzQBBgkr9PhBBu6PFdWNRpA8', 1049777), ('36ZbkPnwNfaehkraCHptcUc6hivnuZq1UB', 4386583), ('39kYhVLnEgTpkhhUpCwER6a7JMJfPnBPan', 1626714), ('36wE5YsCYimHDbWJLsp9GNMnLvRqWKDMf8', 2392399), ('3FSBwvngd7YpKJJnxtF4S5SErTXhrxD5F2', 48798289), ('3FJQ8DuGhDx6faoiUb38nSykdtCWjJG8LP', 350000), ('3GCu5cVRwfyXZTPvsLXhT42JWTd3BnAwN5', 104659), ('3D8nwwLGEMCi4uNDf1CnCu6Poy6LBu8Jnj', 150487), ('3F8nV5qPRhhEPUWqDoDdNbPRRnokccy1zf', 727058), ('3PWxf6m1LSDpj19rkpuU4TjSx3eVeJxAEP', 124697), ('38WyERwZ7BS8LMRpRB43QGu857MgWrb1Ui', 1621354), ('3B9xf9h2t3o3uenrt74Ly4zfaV3KGVzYiX', 100435), ('37N24jrLSQ3kCvSDUwa7bs5hVbFGQUUBns', 2021773), ('32szFxFQU3ocGn6xoBvcoHMMCNqWCTspE5', 90000), ('3AaCvWXzxZVuPeUN8PWTS6CfcrPUEp1zWq', 117671), ('386HV7skJaRdH7kCfvjFF8BJEsB7G4HMLd', 105602), ('3BvEXbgB8awDtVin4FkuSzpGTfCnnAxLou', 3962901), ('3ESMYFZ5dChfGFZ4N8jnfxjAfMjQnxThKC', 499000), ('34DHMQ7udTtFgHA4Zx7nygbJHqcUjxx5qP', 148445000), ('37HXLzcAy5gA6utsMH2iDDDjizQXGgXmHZ', 3862104), ('32Rj944aKZABybABZnRWTBdeoAxFhcJiR9', 338511), ('3NohUkLEcq9HqJFnKZ5R41NFYg25YTgb4o', 156375), ('3ByvdeAj4WnC2mpLCtqngDzekKNfaEaCR6', 1519241), ('3Nthc1pxDWPt8ko1rSjEXmacMJqJCHgUHq', 951170), ('346aEU8CDT36q2GqPi5Cf1JAwerd1V545r', 20000000), ('361vXeXMSTvVYMvSa3Se6St2sf6yp2cZCh', 749242), ('34igK5vQrCgWpYSyszfz9jsmfWGUYrxMD8', 1431020), ('3PiCvnSYx96dPAKa2T2kCCoppuySRfPM8x', 319948), ('3QjfVA35dc3VaC8yKxJsNhWb4XHJNfCFhT', 2935901), ('38GdF5T3RiVsQXEa5BsroTtc3URAT6Mmdz', 657325), ('3E6ZPWm63AU2sbg8Lo1RVbg8j7fpXzZXdp', 100439), ('3JJc26TQH7K3hfDW27xL74TwcRWfLTptmG', 223216), ('3EAehuuMuE362k16vMjvrA4PmM6aGH5p9A', 1500000), ('31pXAbcFCv2MpwdNDeYGfh5dRN8WvNNc97', 110557), ('3BeVk5aHkuNE9XEEwGyijakeiyn9TFdwBM', 150000), ('3JiAE96EjBVPwqAuiTwR8taW38WTVCdaFS', 279908), ('35GZJukjcwW79AS6ASG7Qx8ocvyb77XvTT', 268713), ('39S1BWhZnpD5rTg7anYmXXziXnTmph6cFJ', 142410), ('3EwsBEzXyXyvw1GZwGYgbjQrRjeFNreU4t', 1500000), ('3ByvdeAj4WnC2mpLCtqngDzekKNfaEaCR6', 969150), ('39HwWhRGh3eesuRGvqPvE54YaeXdsTMz9Z', 50000000), ('33N4Bm1AmJGbNSvw2YJ9ewj7qjB5PfgUEj', 851577), ('3JrbGBNfNdPAQjhTCyX2SnWzSnkZ2PTfpK', 85074), ('3BoSvLdmf5LyGnyXkXKKp3BbAfsJs3T9ZC', 415353), ('36E3yWAcY1f5AU22RFNdhC5tziAkw3GBri', 143146), ('38SmLcxdxsHbR3btXbYACh4gaoE3n2b5bf', 194000), ('3DNZcvaBcsrQxJ5Gi9nFRXZt5eK9PoggG8', 145291), ('3J35BqSPmYoTQex6heMYUFcUZTXP3wHoeX', 1150000), ('3JxCwTYFpGo7GFzcJQ688PTpaXftJKCS1u', 8799100), ('3GxgJexKJWVHFHCRddNB5YR2XZVWhQ6vCD', 1489277), ('385o3ftwjSqKzahPQzF8YeeZnsoBJmn4gq', 140153), ('33UWN3r8scZh123ggKKNKCLW4KjHBkmg84', 3960000), ('3FtaDAVazuMikZNEbF723jq7az6gVcLbru', 178971), ('33b6S58629kfHodu82guuoBNbYxrfzNXdN', 66694), ('3KCYfj3vPdLtWMkNTiwNMrx4ETM7jS7QmQ', 740141), ('3L5ZehdViYkPL6Ee4W1MKBsBE5J1DGDaNj', 314618294), ('3LR1sr2LE1iJ9bauETuaUS8coU2GJiaqDn', 326845), ('3QaWKD5456nLoZARftAWkj9RAGLhtNXW7o', 3030925), ('37tz592gf5JeMb2QbZsVarLwJZQhWTQGwM', 2386635), ('3MQXw6pQGCZeEDWP6NsGb8pakt2Y7TmVJX', 600000), ('3R1f2g7VvsDKnkmpiJkC1V4qLT9vvbqNoP', 3019105), ('33G8nySheUQP3Lds8z21Ux9Z2jGyZzXfqs', 3106567), ('3Q7U6AzRiuKJ6austHo9yexHNv57eZweYN', 1800000), ('31qgUa1wmHhe8pYhUVNNjAB22HjzkXDcDu', 404961), ('33e4iMbdT8Yknu2UGRPvBFyxKX6FG2xrr8', 153116), ('3BwAbYHXM6cNUp1L18jg3R9gw9VnZTCwwU', 2901770), ('3Cu35TWmXcdjoaxGa3q5PBqtZvPzENBaBN', 330970), ('31t7tqcZjTmv7zLc6GHvibwyQcNRmPVjzW', 878905), ('3NpSFNS4i9XGnsJoa4ZWF4aLiVKKqifBvb', 296796), ('3KLhQRwYUFeccc1NUXNQ8c7Aci1naAu7Lm', 3183880), ('34xMn7ooGWPhiigCNuFShy171V3gSBmeJj', 88264), ('3H4bY6PwXkvCm2HHS27YMcYEjop5jf8sVv', 208229), ('3AeQ2gT6cCZUwSx56GXCffmsVAxXPcsjWa', 147243), ('3AsPznqzFK3ihpy9oPGDtenqNcxHFi5aQe', 88718), ('3J8r5p1sX8ak6RLwvzJ7FHHA8Dh4Zke6ac', 291066), ('3GTmoek7EAhTJjSBBtWF9vVTbcqvF8fnUS', 1848564), ('33xrzjnBTdeC6seZQmQR4vBBT7MJEupXaa', 536180), ('3HM5VmDQkEeUzaoMhpt3PiyYNF9qgihGa1', 312717), ('346F69MNxr7W23j5wvuo2yAPAibNnPgbXZ', 923788), ('33ft1s31L7e3BujdLMUZ9bwMJF8wtt27FW', 97110), ('34EaWYnr3DnqjWVkcCfmAMVXTpR1HkdTsf', 265686), ('3JP26yKM2tM8z32qzgDswZKhHpiptArh5D', 1675583), ('3J4eKqCFo91Eh64QisSLqbBrBdh6KcUYiU', 267418), ('3BBgBe56cgiof6B6k1bRXBrgXMsnMDi4Zb', 142330), ('3BUwc2UmAVsDYtDaQkchZnBCsEbThyN3iE', 2202698), ('3FHzRqQshUcEKrdEx2DyZrkw39AHLeAQPQ', 5837867), ('3Ch1VF2kcypxcz7jFpGErVWu3uuv7gke3S', 1943435), ('3FT39bQepbasLdEVcwVSXko1t9QxTyM31T', 2371682), ('3LvSrcfnqcGFARPic9BB3WSjboCdptJjZf', 2851518), ('3QDf3pnn7mbxLM2ezqzuLhWn8LPKKN586f', 436705), ('3Jptpbw5rKhV8rVUVbLmstLSSkPpLDhxBp', 194507), ('3G613fZoN6Tuwrh8AycMCiQR8HnHCrZWkQ', 634099), ('36xqt97XZkUkf48mAsb35wDWCTm8qsuFuJ', 187125), ('37AsPJcmGD34vyCU7v1kjUdnmWidixA9Ht', 706721), ('3PgtwKaqh2WVy5rFHgnjReUojKr7363kHr', 252486), ('39FDpjzWauqBRiPSGSF6gZjNFoR56fe5jj', 970889), ('3H9qVzX71q9AcQtiVSxA7BpWeo1iffBajy', 141735), ('37rodhZ2U96fsxhjAoMufCAkERqHjhhTuh', 700000), ('3KcX3PW6KmBrwMQwqMLNJQkS4sQ5MXiR3i', 710541), ('3Da31gtLCvWt9ZCBY25UUvcJXxx2CLS7Ro', 8978293), ('3DqFq5jDA6N2B8n92Qt4arB51BkTkCFLTg', 536000), ('3Ec2BRSUsNLQCqWH9NJxbztAsHkdEJqckm', 1609483), ('3Gw5N1oNDdgD7jkLWnXHqidNRRC9FKV9Rd', 694124), ('3MqCdWGosFYs4nKTr3hdGbMbX2HH4xezJn', 1408373), ('3PssHvXCUAEjmBBEtKq1dhXNaTHXX6yTbu', 5118213), ('3F9mrJnUYTYF9eRL9GFZyhm3popdrvGiab', 164465), ('33KswGHR1ghp34Kn1VXVrAX5ktd97YPKeu', 404464), ('3D1PSzPhPR8ffQv22zHN1ormMCrGobqKuV', 580000), ('3HQQZVY5uzWxnE8sMNSBNSFnWKZ3qhWxfH', 82099), ('3JWkxpgTBfRY9RZLkEJ46xqi1CDTrn6CLx', 2348503), ('3NbhcPEb4D1gZhq9jXqFq8D9qAYT8vxZoS', 174902), ('3HrNybskbhmBFXsM2L2Lph552xYv3WKTFf', 291460), ('3EfYVcqWPA5b6ZPk2mQ9BzNWbaiDr18mB2', 216060), ('37DWMsceH7h38hi7zXGE8jxeTJPcKAZvoE', 235465), ('3PK5551N3B5uKJZWYUPJHhEzGnCATadMaY', 91735), ('349rdb4DByU46yn6FvoyrTSee1V2fKvwaq', 426911), ('35vkBwpycaCmNHPgZkk6wJufNowNbHffrx', 1543557), ('3Nq7ASUkpRY1BJ1qD3hvkrEusqChRPB8gd', 283136), ('36Dtcj5HZUrAonFZZxXAB4cfCmtXV9aiPS', 611102), ('398Ui9TzjPvDwzZ8UmF2NbYqgHZzGs8NMt', 148998), ('3CmECnHFZmXhhvbZ3Dnxt4ESEYZzPwXJ1y', 2658042), ('3FvRhx6upsDeXmWUTP4JBE1S6QiJrGhfuj', 4999242), ('3FbKT3dQYEQYuUsbMZjBR31ngbWH5uL12q', 1022141), ('3Kez38TYh3Cke8ydXtJZv5ZgaLxUxWmes2', 1843656), ('3PU3s9hoi4ZkAqhkCWPf6gvnS7xyA1bNqq', 762880), ('38hA7GaEdn8Tr6ErhA6AAj2saVUJ8jroC4', 109175), ('36vQ5gPDfuhxHVZMnCwpAG9Fut5C8EKVus', 1215168), ('32oLw7REsuNSz9hdVEuUKWHsR6jRJusjKq', 1177061), ('32X2c4GWwdhzLN8Yw19dZJc1Cdukou763A', 2941164), ('34ZLt9n1K7kKPma49RxyCcuNzWxUYDQo5P', 276965), ('38DQEFMQhQjYnHU3LGrH2aZgwrZTFXwXqP', 313160), ('33RnveAGTFyK7oNBrJQ99UL6t2cSkzTFgL', 3625172), ('34nMghDpfbbTEpdY33rVFEVHD8WUhND4Dy', 1326160), ('3MMcwTcDSnp19XR9P8geFbxKWJaYktZDTF', 731466), ('32WL47nVTztgiVoFigUWw7CtCavnWNoon8', 146012), ('39Ptt4L3XBdbBX7RWpeinAwFSKZANWcKYk', 68752), ('3GQszdmY9aYmgvnAGvLHNBGFo34N1EbCVy', 729780), ('3QcWQmbowZ6HCmJ8RDafhu6ftMZAF8R29z', 1250691), ('39HwWhRGh3eesuRGvqPvE54YaeXdsTMz9Z', 50000000), ('36iZN3nRruAVQmccHXkFnCxZbGLTrZhLWe', 211126), ('3C2oc94CnLtwftapzcqAaiCtJXzyggzVnU', 263542), ('32guNJqV6Jchi4tmDqnQYTp8MuumjA9tMK', 290000), ('3NdkACUxqmuMFWPAyQTtB84iCX4qof6yHf', 154180), ('3R1DAAtWEqRUkBFV5iQwMZXXKpWtnP73ja', 1347895), ('36iZN3nRruAVQmccHXkFnCxZbGLTrZhLWe', 1263336), ('34rWybzewdrKjFnxsLpk3cLwMgq6FFvz4w', 50796), ('3GpfEjuk3sPF74xEDqtfaZ1Qx9m7E6Wui1', 5334645), ('3GETEc63EkqbH7y6zq5hi31fVB3PVmQZGL', 305099), ('32xFesq7wAyWXMZ6tiuEXnzvKjkAmrLGKF', 1426677), ('34o3fJwPc3zftsgS4v4yVyrh3WgLUV9oi7', 1038632), ('39QQrhJ8r3iX6GzRyzbVGcLis818RS1Nkh', 539543), ('3NEP7MXcbLHrxuF6duaZoQ5x5vhx1YuZeu', 131890), ('3JYQm4wVwFYMAR2np5eZXS7Q15d6ck9edc', 18879885), ('36pGFUeEWRVnhHYLNA3giViz6A8xDiNnbQ', 895799), ('3HWDy1wDGXuGNyds3UhKgsEkYrLvazBy9P', 284142), ('3H8L5uw2vCTLXe8JVRsxHey8zteV9bpmZp', 768480), ('38kG7mMVmp6h6ZmazezWUdygSywUCAmV2r', 677371), ('3NUXHCLYWEsnzDYMGKm9KHgP6cwvb521W4', 352420)]","[('bc1qx65xcxz6dfsge2g4eaerercslh83y66wrpm79r', 1293076405), ('bc1qx65xcxz6dfsge2g4eaerercslh83y66wrpm79r', 1048)]"
8,f3a1fe0b509596171abf64365ec696fbc09b5aa68a49a5797153ed5c72659a67,2021-06-08 22:44:51,"[('3Cu35TWmXcdjoaxGa3q5PBqtZvPzENBaBN', 330859), ('3A9AoLP28VjWQUKsbJHkD8NVGrTQTuS8nP', 49495918), ('3PtEX1yGKeKM3RNxWq479FhihLKvpV7ntd', 873682), ('3Q84GJTJ6m8KJWpLi6VnNJDVSin2ZuKXLi', 840537), ('3B3WDz4nuMKqtBqK7iPjZKMUgmnfwFKnsE', 18270), ('3BVat7WCocxa3JgZzMpGq79PZk5a56DiVc', 1228100), ('3M6hG4Cf9CnJDNyKR6Wygspn1SV5ZGZSqW', 14368771), ('34m3EuzN69mbKHPsqKqrv2wCSPqRNSs92B', 2909300), ('33NJTjf3ggeH3wKbrhhtWTvE3pXA2axHxB', 2528750), ('3DqDtD3czxDv5auGtdv1Q674Es4fhUJSAz', 143556), ('3Gm9QvkWJeRACPgr3EWAtNCe3JAikPsd2s', 574225), ('31xq7ZsJrHcAmkJgv8UGCWemrxDcQFF4TY', 2861866), ('334hSTRykDTFigCw9NMgajQyvFu5qFgvXM', 858560), ('3FiCcZPrqdQ2YkCgRj1CjRu5kHrvqfvjUu', 197061), ('3NoX21e9qzhjHDYpKxATm4YvN59y8qkism', 45035020), ('37xit3mJ1eaXckdNnWkTbZm12Fe1N3YYeW', 534002), ('386C5vBcLQARg83tYGRzXgtnK3jj7JFBDt', 3068838), ('38D7Jw27t5WeiEvQ6v2sDWDD8a4PinRL52', 744628), ('33kBJqjEv6r43LyYvEvQGzFpCvXAhYsLT3', 2994909), ('3AsPznqzFK3ihpy9oPGDtenqNcxHFi5aQe', 32740), ('3JXKL1m7LLtD7NXsXeGgeNRmUjreWyXp9a', 63341), ('32XCXC96nd32SiGsC9Zaazpt7k6QoFDUNQ', 871248), ('3PiF5xwkBUUyvSRZmjTJWudsB8xQ6T6z75', 1385662), ('3Gx2eFCwVYLvo8zaqwiXRsJyx4Pg39SCPL', 3543000), ('3A8wFscGqK5NUz5kzRUyuf37UasiZTAWmR', 316715107), ('33xWbmbAwmZwhTseEFBgQhN2utnUmNmcSw', 452258), ('3F6hPCZJoE1iYMQA8Mo3L58xjkSt9kwwq9', 145106), ('36TE6zpzHKNpvYUVrxCFDu8BsJjNL8ZJyV', 467551), ('34CcaD4JiXCGjwiArjDh3MNr6tuBbjJLva', 4413000), ('3DPd4v2sWqiqMpeH6raaCZYuv39d3o7csT', 1141402), ('3L1i3oiz9HEFAmooEFhENTeMiSZFf1X5Mp', 2718515), ('3NKGvriv3A7k74qedFf3DvSwy6rYBa4L1Y', 740000), ('32MpL4x8PrdbRcB1Q4qjsxKroPy9V28vos', 320227), ('3LSSVKzkWqw1GkdmmudXAMTee3jpmyAMDN', 1318568), ('34g1vaX7EVeK8PbqeA3UUx827j1bEfNjoS', 60533), ('3CQEMYJTL32HtVhKr4hgXDiBXM35BPBKew', 949703), ('3Lcuyg6cDSF9BqVhCBzPRzmE35MFFAS6RG', 243000), ('32xckH5yNTzmsoYdyQBjQJtCUkkYDcDomV', 26455), ('34938ef57gWhnBQWy6Mwa7A2CPinHdXhWA', 2973919), ('37881q7P5Vw3cmDF4vWFxBG14YxC2xhovy', 59298), ('3Bf2Ue65F5qHYBBauFJHCWumLoVgYM6JJB', 834839), ('3GDp8caFneLKAAF3BVfVUPw2AC8NFdhATr', 895010), ('3EQgwLp8FCATLP6Hd2CxBwB61XWxCfBoyv', 377784), ('3NmVVenzTJUASjx3mPsiJckUSHcZsTipkq', 1523818), ('38zunPdxRLboSqCXmSUR6k6y17vQQmK2gf', 200000000), ('3FZkPGVjzphafpsvNPnSEvLc4WB6svxrpF', 30468684), ('3NQ2LBSQ7PcmhzoGYgNUPTbxKJo2VcmaAT', 1400000), ('3DURQKeB8c8qMynYfoTRKthQoSo4yKtWPi', 8669198), ('3BGtG7w6uMMM1Xmobqkb4xDVcsirfDHU9h', 4130989), ('3FuDLRhZTQ9a1PexUVHG2xrjibxtDSYBWj', 145027), ('3G1ov3nUXTfxE8W6Nf9bjHddnvUHni1fVT', 1188404), ('3J3x5bxMo34DfgxED13H29egVZz2pAbu8n', 603673), ('3FRQDwo66CVqrfDcJqAVAgdatM3PSwBSnq', 81409), ('3A1JkMyAa5PKnr6ay5ZNQR8AEwUZe87HH5', 100000000), ('38XKgn3PrZChck4Ux53LRQb3ATH6euLBGL', 200000000), ('3QhLu7KqaNv1DiyQN7y7wNX8XA4xJ3fkvq', 3182373), ('3DJQXJmVaiowusJeHzCuoeNVAyPLpTv76s', 455390), ('3LkLgWZuFWex3iah7uLGFphC3BoprZ6am5', 2646204), ('3KYs6UfCLww32DUSXPrkgSHgGLCQoHbNkk', 148647), ('3MayCzBEY9JHhjEhcDNt4j8GYMU9dddsro', 146835), ('34uoWjsxKKEjJ1SZhEU1DfYEUPocYfLw28', 297701), ('33LGVerb934zTsy9s7KxftYbD5t6chSz2H', 148824), ('3K66Zh3RLmEUJ6aQHzLraKNojkW5wWRLu2', 742141), ('33vQ3Eja1JJM4zsWaVKgCuUXgJXRsZjfbG', 17679792), ('3H4bY6PwXkvCm2HHS27YMcYEjop5jf8sVv', 100745), ('3DZi4oSkSEoL3Xz4DkQdTXc5kogkSmpX28', 8537400), ('3F3f9jkHDALuqVbe4gZmcxyovg1Ztj6Vim', 145481), ('3HEfvhz62WUWaeXpNeABjLWdNV1Yqbo8ab', 101467), ('34513F5MFo4RRKTLKRwNZUDqMFsmFzrHxw', 905613), ('3AMYYorGVnKJo5BuRuc2EbmxhzF1x5Mw7g', 598740), ('3EQ7HypsxwsM9gR5UA69VPAz4eAwExPiqH', 2000000), ('3NVpcetoPt37pkdinhUd1TiZdh5cNLhFtq', 283331), ('3629FTRWscC9KmAsVvG1KNmKLxn2moymwb', 14950000), ('32szFxFQU3ocGn6xoBvcoHMMCNqWCTspE5', 30000), ('3GgXCwKiTgynpfcrNUGHxTBkqr81xEdbG2', 100000), ('3Md1bJxpw6xk8HpvsPWrPvrKmaQEiL8rFq', 226663), ('3N8uw7YV87eyaSaaZrq86nmL4DWRWBgcR5', 173759), ('3EYsSC8H8BBwEynTvUUpK4GXbeeeCohytY', 121580), ('3Lw24s9mG7jETzb6AGEfj3im4kGLosSANT', 700910), ('3CbjVJWDPTqB6tCT93ed4QLnHbjHFWQR9B', 913777), ('383Lw29Q7cNEVRq3dYvbewPphfMQRZH94w', 9500), ('3G3raLneo6rcaZ512QZuEUD79bfGreis2H', 1421699), ('38f9RuEdg8yhxEZoxzgG1PhBS1nx3PkcCS', 3024907), ('3359K7K3MRKxeZEiWBZgaLYwHoYCswUANS', 38023), ('3BFCZ6UJy3FHSCkH2pjTQcvbjRCGo39g1u', 4470381), ('3JXbsEKaS6U6oP1brkzqxGTW3mGKWb9s27', 88651), ('3LvSrcfnqcGFARPic9BB3WSjboCdptJjZf', 1415539), ('3LMZU5c9LqNUnQN2HGkefWrHhkkmG1kURa', 118201), ('3ND77Ujsdv1kNxED3Ba3aWzhPyCsRfSY69', 500000), ('3DhqSr1skN3H5MJnmpcXWP4H7m1UC95J2X', 2948722), ('334dJUiGsqdD5pv1DJaQd9XLx7Yja9F8zg', 282925), ('3PZ75n5gYb4USZFadCinEvXGaViSu3VXQL', 2955869), ('3772vVHhbV9pUhqakkSmtLeuwRzmtfx1oE', 726887), ('3GC91uB3pMPW5h7voMAcNCstKqzYEMPzDi', 740947), ('3Gji7mrRgCFeiBgXLB8XrfEGK2JSawnPSt', 2043000), ('3MeqgHGP7FLxHFBYwbGGhrJn111KSTzGB2', 368209), ('34Q9e3ZCaGUFpZ7r5KZYcvE44g39DMkeVs', 6581409), ('3NLoodMCw1QvmX2xZmwYU6FkisSDiuRL7x', 1154180), ('3M3XCFCBnEAn7CqoGxokXwtRaJprHaqZNT', 290637), ('3Fi5UdSrcUdd7kLz1uCyo7ifveTdjwya7h', 291631)]","[('bc1qx65xcxz6dfsge2g4eaerercslh83y66wrpm79r', 9806465), ('bc1qx65xcxz6dfsge2g4eaerercslh83y66wrpm79r', 1093375010)]"
9,13f5f255e0f01cc679b7b41711490a0a8e185d4a9216c58f945ba69d607def12,2021-06-08 20:21:09,"[('3FDvT95fJQe684maGR54o5hDyyxP2DU8rA', 1512000), ('38Xg6QHFecTHmf3Py2M4KpxBQbRyV61rPA', 358819), ('3MUEYy1mvScPqwBwscoa9hKSmJGUsQKC6p', 153778), ('3MWsPB8AvFcowZvXkpbB7D8vHLpJ8jVUgb', 10700), ('37dbaZ52gWkyjzaLrkTXWhaXDLDGj752a8', 3966138), ('39G53ng5tUoLt464rLWwpWwSo9zUwcYiCW', 897343), ('3CDiqh9A2mmdf3MDU4tnKyHL16suv1qd2j', 16900000), ('37881q7P5Vw3cmDF4vWFxBG14YxC2xhovy', 300000000), ('31mwygBi16fPgmUY8PyiTXqnz8Uxa1tqVd', 92000), ('3HHxzVWmtcUMXtWGfAVivXa7gNfJnVWEwE', 433711), ('32KC5TNBYZ8Nqh6agJXhp5umpg1QdjbxNo', 451647), ('33Q6WTA1SiVCZzgnpkCi8QZBj6Q6t7Vw41', 2837900), ('3568ASqwWhrXsLeRrwarYZxxwNEd4VZhZC', 10000), ('3CEMkJH7aUK43Dig2iWaYt6jgZvETdEWnj', 7614003), ('368QCwMf83TMYLcjRTF6MyZEXMN3mX9mxe', 322366), ('34ZLt9n1K7kKPma49RxyCcuNzWxUYDQo5P', 2029786), ('3BXxNAvDy6UuuzayGoyJkCimBB6mahicC8', 13339), ('31qFmg5aAopEoyToTZq27m38KenHerxJHw', 26614), ('34nMghDpfbbTEpdY33rVFEVHD8WUhND4Dy', 537160), ('3MkS3HeLZhWrE3fdCpCJFockDGVEpVycxb', 62873), ('3E73zN2cEzjcp78mENya58RFP5hNGyHprW', 37611), ('32ASoYaosPmxapmgt1vQHTXoAHeS7dnXtz', 963195), ('3DZhKXoHyjuHRWut7m1VhTpda4zxoCfL9V', 581152), ('3M82WMMMR6QYar9EzQ9rVqwaDevjG7pC8L', 212194), ('3F3f9jkHDALuqVbe4gZmcxyovg1Ztj6Vim', 299787), ('3HoRBhcSx1MnDdyeedUd65Ur5GGGjYGHCx', 2402543), ('35QkvV3YiPPjAYrg52HYDfousey4epjgzA', 56532), ('3A1BTtRgwb973cSVd1jq3dpujbhgcPwxmd', 298225), ('31mwygBi16fPgmUY8PyiTXqnz8Uxa1tqVd', 370000), ('3C9pJ44ho7Hnzth9vevxPgwJXBeacFDhwr', 2303023), ('3QkGtMREtncgcMYeoUtxtTL27Xd8pj4Gm8', 1176309), ('3B3XVravdbkuLWQAMjtVPZkMv8nuuVFAtb', 403481), ('33tHXNyimVM5ZPyEsxuDpgZU64BkCdrRBg', 302451), ('3FueorQvhCJtX9fRoVxAEt5CgwUBKJsS1j', 841170), ('3MBctfPqqMXfuVrVA4GhQR3Cw2so4Q9n58', 89137), ('3E2zeYCu9e75BiMRatZeaLET1ZaZm2cVQz', 1529366), ('34CBqJjF5UgSyZ1bBU6JauuPudDkTobxPE', 21272), ('3LbsNdDnmzrkSkuuEhszGURPuU2EiYDkV7', 526951), ('36gLR6sq2zTZmoWbZNLiDVuawQuFj99BbN', 215561), ('3MUEYy1mvScPqwBwscoa9hKSmJGUsQKC6p', 79390), ('37g8XQQ9kkFqna8bbKSaVuoZej1DvfS8h8', 22008), ('35jee1mph5CoJFc58EYQawtJxCJJC1DwH5', 461538), ('39EAMRLFLxe1GcAmEoJfqfXygtLDhVjhMN', 2022376), ('34Q98e8gGS9HakoNAikcHKRkq6etrQhHnA', 1000000), ('3CaB62DcRejDD85QXwQaHdEQLUqefM6DS7', 71258), ('3BCmmsWwJ5eN62f2pb3xQHkvsraAyCCDsD', 1537206), ('3EdcoEcW9PZiUJfj9S44E2iNM54RirCjX8', 3372098), ('3JLoCVxsqqe3qHeaKknsXpWCcmB5exLuV1', 200995), ('3CBsEx451jQhPhEUjwXaVgZtDjxMc6hBKZ', 11536), ('3Kk3KSKJKfd9RDcVypL3NoHiY7kfZDG8eq', 293940), ('38tMvt2wnAmskhsvCLdER7EEvRuDDeTdiA', 89156), ('34sJ1L1ZenMoxTkpzbbufMUnuEgjakxcZN', 77008), ('3BC6L71NwRWBDoEcWk8jiBABaccPbhxCVu', 4281851), ('38cLQoWHpBLeL2tYLugsTB5GK1qtT7kk8b', 70235), ('3EnA67Lh2D6rSXH6j1nqHtPZE254uuzNmM', 631164), ('3A3BhSnpALR5hscskUvYqmWVq1eb84GXb1', 102600), ('3E16tSJHPaxqMq85YAzKnFmk7K8Sk4A4vn', 1831843), ('39WyPkdsVPr7iDMuZpqnQQA7KFfY2unATS', 10759), ('39VzVjvYS3aNntBjzRERUkU9hKKsYCSWpo', 881939), ('3C6Hgs8u2RvPiGmiZhdHVwFxVW9fa45BG5', 599072), ('3DmHQKu9QsrmfdZJaKSMgxFq9QBkyNUtZe', 305417), ('3CNNePcNayFBSsV4S1P9G9PtH2fcou9tLc', 306976), ('3GkiGtcWDX6h4NWTfef7be4JEuvVG36AbQ', 1527695), ('3DrdfDiedL1T1Wq4e7HgAwCfjE3AncgzJx', 24022180), ('38UkNDbLK8XQpRGUmDYr8wUeZMFkfFCtMR', 3000000), ('3BR2iwGsUgcA66PkxzGiMvCgjdNKk1az8t', 815000), ('39AazK3RBT9ognDW9j87PCiXVe3fMhm4SL', 70000), ('3QGgQqqBSMGdqbcArRC1hGAnDa992iQZdc', 412059), ('3H2hvDWp9UncLmuzT6FHExsmx85JGWMQhu', 213543), ('36Eaf2wepiGA6KZgdDZ4RQdoYh77Ln39Et', 41639), ('3EbbX7x3bpPgFK7BdXBK7Vtf8xp67boQWn', 6048686), ('37iuCT4XEncZjTydYNA5Wnx4tsRvUNvVeG', 1294814), ('33gVBkUnEpM4Rk5KsG1VBa6LhQJ91pUkYA', 610460), ('37nCtVoi1ZLhSRVbHLmPudtLQoqUwYVHbX', 584973), ('3GmZKtMHXnCobyZyjXYQLwfqnoqoxwM7Vj', 302186), ('37zxCMiGt3KA21xg7YnNGbJE6YjxVtV24t', 1844889), ('3GHHhjW3w7xsjY1T6kXTKBrfDNkuvd4Mo4', 9402650), ('38WyERwZ7BS8LMRpRB43QGu857MgWrb1Ui', 2666523), ('3GJ3d19GPLsSucyNNqFY4UsFPnDbB8Ywxp', 700000), ('3JLoCVxsqqe3qHeaKknsXpWCcmB5exLuV1', 89179), ('3Jsy8daC2QgKswKX7W3GwbNA5nzE2groVx', 1467100), ('32sCGnscW6qjY9A8kJQGv2ue11ncfeA2gE', 138270), ('3CnFCqc1iEUbW6uCxT2hp2g2g1ctfzH8Dz', 274874), ('3GMPFJvXezdz33Env97VbEfzJ5btFcfxVX', 167000), ('3GXsoigqdMeJADtyFABEKjBDmaZNvXuZfH', 100272), ('3JMyG7cAX2q1R7YtbD1YHaNL5xeb2tps9o', 700000)]","[('bc1qx65xcxz6dfsge2g4eaerercslh83y66wrpm79r', 415614494), ('bc1qx65xcxz6dfsge2g4eaerercslh83y66wrpm79r', 9833473)]"
10,b695d06fab7e847a610810125a20ac5def700753769e550e97ec5c94ede391ee,2021-06-01 02:11:29,"[('3CsJY5xwF7HKfB4aQRtKFRtp9y3xEBn5g7', 526446), ('3ANjq8NrepjhSSo2juFpAwXHsTDtPKdu2q', 1314212), ('3MhAgb22KPPJfJtbX4QXyXsaf8F47BFYiU', 531056), ('36cVxYr7ogXfMzS73HpHTd4Ui23NSny5EV', 20000000), ('3Anmjf6TfSH88rwX2J8JTpeNusjdnEMin5', 2416766), ('3GpMM7sZQm8zX8ZqSpgzgXU6a4aYqofW5C', 13190000), ('3KJY3egbjeN31mNcBWKqFdWYJLMADgADMP', 1044284), ('3Nqx1aVUot4x5LvoJUuENJYUxENLLPm5ec', 12475), ('36uFk1rU15r2sgvpsBhSDpwx1wDy5TPKi5', 603542), ('36dwr7gtkGddF1Dmht725ULBp7zPqTJXmN', 7608052), ('3CwZen4ZsWHxYowqgro3ipvFEc9R6dNH45', 531307), ('3FVtBXnhNVdqZSFR9Net1yuGs1jmUdXG2f', 101254), ('3BrhMSvbGh1uC9tLZHw3ZGn7oKbTGCJA77', 156689), ('38um3H6USdwqp5xnQ7Pfmxx9wbX23JxxWz', 16940000), ('3FizrLCwT2xi5B6D2NjcZiA5B91U1rA88a', 3927096), ('3CnAAzQv1L3K4NFXwa3RwwC9SPmG3XNbxJ', 521204), ('3EgAJTkffT8ugvf3jCRHkP1qC7sK2Gu43X', 679164), ('38JsdsVnsWCfWu475gwxc9akhmma98TqYV', 186272), ('32XuvfZs9cgi6vfXDVPqQc6A7d6hR22Eiu', 1298375), ('3JJ4orwbDVZ79P47wqZi26wubReZAWKivo', 1369318), ('3CtMZGR1iwno4pC2hy5amMHD2NZCw1ZGB9', 454586), ('3Bz5hFji7rZQMHgfhSQJG8oPJxJ3DcnJ8K', 3908033), ('37JJaSxAfWUAT9oWJ52psxPTxsjDobXQdd', 258166), ('38bZCQ2AR8N4DRzzNpfnUkzMzZimLwgkS7', 108670), ('39FHgXh1u2sT3C13rcoQkhZgqvwbFwVQzC', 2005058), ('3KYCQN3dhcnSVnFo5rcoyspYnca81xYSgw', 48501), ('3MYiCXYhsUvv9SzvynMHo36T92dvQBrcKQ', 100879), ('3LWbTomPFb9EeeLYVNrpiPV12s4TgMUb5e', 354775), ('36SDWXd6J2YV7uqehzteN4B4LAzNEFD9cc', 261762), ('3FpdrbhD4MhNeWvMK84xtmzu9sHLFCqfVd', 149316), ('373b7B1HUkFnFKBb1m5ZK7kAr9aSaAeocw', 8907635), ('34amvW9CmwdS7rxPm76nsqTkUWCANyxc9G', 66648), ('39KhK2q9xLXv9SFfUfoV4YqBVFQMDzn6J3', 2926900), ('35v9ZnRfBSzFjie524EPJF4H3iDitJE4Xg', 29984364), ('3CNoXG2qQgMmVHfoxQobgHu8i91LFMEEAm', 547), ('34mqbh9Rk3YaeE4hKooKZtGJY33hGNnbAN', 547), ('3B1mGghGwfFCzj7xvjNoCrciroC4XNPpo1', 1284509), ('39Ata65LqwFhEAm725mSPBwJD9VTeVmZ1W', 2474383), ('36QdLNbZv2U2ADwbb7uKp8Ja94Bu324aJH', 297094), ('39Ro5i7gcKevWnomU3AmtBAwAZkg5jpTvs', 9163334), ('39fjWajCgDUdskmrzbN6YkSNg5c5DhpEaJ', 253865), ('3BaVSXBuSTakperC9DkbdBuSPxiQiNNKXS', 98497), ('3MPEw7t36z5e6c7JWnA47ztpbAUKNrtDdk', 3315000), ('3APV4rbN7cgZZcFV8XfbV8BbXzxzWJZV1P', 126033), ('3FrgPt6Sj768Jw2r2nGogYWqKHhWwCXgQa', 3824891), ('3JAD7194nqhWBzji4yFKGh2VkCxKkUowUM', 265818), ('bc1q39a5436u428kuzyk4xd80rhux9fymh9apamdzs', 267843), ('38D3PTy3UWXaYFRmZnd7CfSh973eVqydiu', 619400), ('3AYMphe8vVP4dkFVta3JKKEzrCftmwnXfr', 156899), ('3AD4HcCgEXoLb4B8pDLZGA5Lfom7CczMfd', 251941), ('33Ra6D1QGwHwsggKoknJ1uRZUXVhNnBQDA', 1568105), ('3EN3coZHx6pxoiiMRrzAb5xvW96XtyRaMQ', 803437), ('3MninGHfaho4dwECWkgW4HUG58S7YTHMrs', 13357556), ('3KzKNZsETEasUzUjL7dM1UTMTASWHBSjTn', 52965), ('37dBGGkneWoZgR942uHq3U56SVk6Dp7gMj', 1265580), ('36XFCcFJSJwZdVZevhLoydMY26pMpuNZTQ', 970239), ('3CdUtKZCk4QheXhCaGCL9zaR6spv8X5Lcc', 10000000), ('3JGVvd967hnG3MGHwoDcQbVaima6eNxPGa', 1517099), ('3Fcqi3cVMAmxkTopY29wibusAAPFFMCoKu', 2629799), ('3QMzSHpcg1RLtzTjdv9E9mTCqyfY14f1sk', 101607), ('3HEMn1kmHkaMJ4ioS3Qv4qDrTajzYGeiZM', 74300), ('35wRiJgLEFCoEDDpYAznc8XToGZugs2f1v', 626985), ('3JrZ9HktrPd1WncN7qPe2RPfqH7PZRa32x', 1305992), ('3AMF5qs4n1pfm1dpBty574YpquUDMyhVgx', 214513), ('3QcQwkvvEYLxJyGtskfY9ZqUcL4u1CuJcK', 2647738), ('3NW1hfAepsMmAQ4hgdYJGVgSyzcXKJz1y7', 20000000), ('3QpspBHPAYWzrkta3uqhy12xUAse2HLS7R', 5680000), ('39q8m4Ehsd2H2pxYvG96SfrHHaMr6vKZm5', 230270), ('3AS7uCUvqanvT1DJ6AeZbd6BQ87sKpXgmu', 60876), ('3L3NrmsQH8UZ9zjcnU5abfgvRghd5CtraL', 103310), ('3BkkLTxwzYwaYdQGggwXG3KM3yNT56sV7a', 87798), ('39Gyb6HmaBZCusgV3tSf4TiLZyoYZQiwwJ', 34491), ('357HsKh7M91L28GE4cNLTARYNnWDm85ZPM', 402801), ('3829AL1ZVyZXkJzS1iX717aBWJTG9BtDhq', 205355), ('3Qy5ivqn6vrt4c3ndFKeWCHGCW7CKW9KsQ', 2780699), ('3Db641tXymyZqdWweUBmwkBFq2Cv3P9Hq4', 2805101), ('3DZMmAUAX8ciJ2N2yXfnziFXshbGefFFW9', 77447), ('3L5XDpQsWQRCrtqkPA2mPLBUfdQLbchs95', 256589), ('3G22j9Ekr7t7p7aFmenaE8JnVKBU34Gzf9', 1500000), ('36A7v1fpfEqdxrvWnHG2JwkELKJCJfCRzJ', 154343), ('3MJdRtvQvAZQj9rCefGqyp4nbNG3XQHuH9', 274127), ('3FcuNpW1UWCkVXnueqVN5FTo175qLCP2kb', 533076), ('39mscxzSENTY9GfNw63U6A4sDA1W5wh8WL', 325005), ('3ACymqFsiW4hyj4ZBpDfzkgT9Dj3mexwPg', 5000000), ('3Apfev1oGsmSDnB53CvDEoKcWJ7DHgmmSH', 2996500), ('37881q7P5Vw3cmDF4vWFxBG14YxC2xhovy', 132000000), ('3DHM7352WHiySpycZqAu7mYxY7fsD8XMJt', 1267482), ('39BuxtsQaY19L7JkS8n2usbGvKYzNHNeWJ', 529330), ('3AecuZapDgpz7emi6xp5ZwrJYxPcy6NRgr', 529064), ('3KcAJ4ZiYRYWYEVhTuKNHAAzj2FR5CUjPx', 2910056), ('333p1ynbkjuYmobq4YgPxPGmiyYhR8YeVE', 249272), ('3J8gDGSV78zyJF8MDXdz2Hf2G32WDHjqp2', 2541557), ('3CFyG7DH4HNwoU9WoccQpaewhBvpXrjgrS', 794), ('3MJdRtvQvAZQj9rCefGqyp4nbNG3XQHuH9', 275156), ('3NQ8rSm9sPTcnMWw9936zedbjyAvkkEa5B', 18500), ('3CniaUoUcHnq7zGQ3xkNzX74svoP1pgGHh', 3621799), ('3JET3uRAfKFpnLtBJJk4ig4xgfNukfzMjj', 1203553), ('3CgqfakfUPnDeESeB4e3FxgwveN1ohdpXw', 85801), ('39XuzF4tc6CrcwCzKEQ1pPr8ne1T1EdRf6', 199666), ('3Fjr2nmtzkDHxEcXbRijNnyrDrs75XsPGS', 274787)]","[('bc1qx65xcxz6dfsge2g4eaerercslh83y66wrpm79r', 361243926), ('bc1qx65xcxz6dfsge2g4eaerercslh83y66wrpm79r', 9511776)]"
11,358a39a6d5565934a3ba0319a0037523bf6ecbf240a8640d91656fcfd8e990db,2021-05-03 23:42:52,"[('38hgSovAbTCyToirqxwZQV56Bi1JgCRJex', 210600), ('33BxEs6PpbqdTmRBoDyBxdu9w6BiXUSsPU', 410000), ('3GXMAc3DH7eG1vr7PhL8de4FKG3kf4gZbR', 1754895), ('336tmyJCNjJ32aX91o8aGiyMtEaCBVfYki', 895148), ('33FdspPpYxi5aL6dP8Vh6ZgwGHMXa1RpdS', 1475426), ('35LMNos2quNoco4fsT3muegSguH2Q4LWFJ', 483666), ('3KRuCgywRbQ4DRLm3WG7FTBz8FBbdgqQYL', 468001), ('3B5UHbJ4oJwEG91zqEWNVe9yt6JA1QH8fc', 1761819), ('3AXF8z1moFgGKAcosow3D4ySDrCjYATSyB', 3304653), ('3C6XXqmmJQBptnZfDJWvaHDtXyLAhp2tqw', 601997), ('3Q9KLWM7mLgoepdD3CRGmG2qsUTPndxda5', 120000), ('3Kp7qQGZ5MVi78GRbiWhQnsu6FoJ8hts1J', 16621), ('31vqjHZBZXoUsgaDhrE3VR7ERcPkhMrqPi', 425091), ('3JszySrw4VYJnXqVZxKVJbmfRJ9fRQzJzu', 1000000), ('3MacQ1cfS4rHJYDVegKT4NHmF1FVxUYTPN', 16388940), ('39fzVi1bKT4gELHfjAjPXLq7TvdeZDVgJ4', 211357), ('362FyV1LT7Nvzp9K5X5EepDYRnztztFbv7', 600000), ('3LsUxBtoERXgVGTgcbyBafAiLCF88oxF8b', 18393647), ('3CiAEDqD2UihGdxfdCvdpvHm2HvHkhpLUr', 4364815), ('3MJxjDK98HrrXPHfgQUeESYcBAWwnNzQDZ', 1692500), ('36UUPMJ4GwRDPNy676tb2AuY1ZypQt3xLs', 1000483), ('3HSpykUpYjH48GiNTuqz2UxQ8AXWcNEpVa', 244904), ('3QpmrAcsBYGVNiHqrJPnyyDUVFumDy1UB3', 14318963), ('3LsfnwW8495GCP3ahCcEbyq1jRaoVzua2v', 132848), ('3NvcAprFxjPYguJD5GLQtzBAEfzSCLGxSi', 103365498), ('39KaVYcyjYSuiHNPtWwpATfywZkqTbuKr4', 341885), ('3BuQ42Lt3Wvuve2iapSVYi3ZHsxqbbTz2v', 167084), ('3Kps8ANSngZ7JmfFpJHq3ta74oHZPHJmnT', 1207000), ('3HQcbLy9NGaqK1z434yp2TUjN3wtFEpW1a', 1127), ('3My9Lu7xsYN58LdsWR3dRYKNHTNhdG6dyV', 5325000), ('32UagS9wfVddQCpF9eiFLKkJ49GUmH55cz', 288683), ('3PBoGoC2o9YcUuUFj29eoE8jS1HhWB9uN2', 541347), ('3Kpg7g5gSMnqKG3JrkNy6GuhnZmdgHJFpf', 1279576), ('3GFSpr7mCRnxhBUM1oo8eFA2hXosM6yzdT', 72300), ('3ACYpN4NwZZPYk7xhdDHLB9YSGzJiqyTcV', 189800), ('3MpqJpNMsP9MDq1voLsEtf9FAPF6Wzg2AH', 4745100), ('39rbNVPQwhGoVbvJwygPFuaUFy5wByt1Qu', 593071), ('3BgjKXrkikW2v66PrmCeDgLGAUyaeH8PMX', 74159739), ('3AgFwgQSRZE7xrQtdweyyukRDxZeKLanVK', 17547), ('34DabAbxsTtXFK4GHyz26G6pYBVbeYGT76', 877542), ('37EJLaC4dfXZJ1Evp9HZRKTZ3Ly2KHBwwU', 212316), ('33wT9V6pemiciZLMn1eEuH5Grrt35gfbBY', 37302), ('3Ch17aTYS7MemkxCP2SHw8xEhZMPanDrsC', 3487506), ('3DaReMV3zxYQdag7LNANLkUwrsSqaKRxx5', 2232835), ('3PqfYDUtbHscpx8w3yv7NDNPHWdwEmitwE', 2915800), ('32XgpqDCZFnreNDGRzFh9ymktDjJm9B9yR', 63861), ('3QjmNCYEF6nhcAwAjUgrsEb17cf9rW72vG', 3626089), ('3L1zdfxiiwoZ4SbBR2jzr9U2ith6PEkHC9', 74887), ('3DyCHZagQJaRDpBxUiwqMKYLRYqc9RP1eU', 101564), ('36kCHMHicoAGes6wFRpCDN6DyrBpzFD8pJ', 154445), ('3NhcaLYSuEr3gxQdjxBzgHbQfvhPMbHKCr', 188282), ('3QpjzKozuYpkRo6AECeseKaeTRCtEt5Poo', 204140), ('3NjEPZxNuYY8GAHG1LjapHRPwZXSc7ePmJ', 61840), ('3PYTzYsiy1ce22do7BvgEiPM9JTyYLwwQX', 468105), ('3P4bdXx8Cpum72CX7cZNMUAPFYhCbMKf1x', 7688216), ('3PfYBB9S1jkWU7n7tH2SCTCQuiEL6GAN3U', 101286), ('3A9oEHMDVFh5Xp56ifrFRmN8kr9RJqhgx4', 170681), ('38Huik3emd3FmcxQgnkkFq1zJzUgVRP26X', 831074), ('3BDyw24fYpV6sEt1w95vMEAkpqo8zd1oBD', 1970000), ('3N7zvJAzgNw96VtiYaPhfdB7jeBLV69RbC', 2795864), ('38KvstUxoTUPXFaQSoeqXAPmApJjmkGZC6', 102513), ('33HKSrkkZ23D9ogxZuixV6cvcxs9BGLPyw', 3411753), ('3Q8WS3WoDrMVoXXYUr5rXPPDDQtT8ajQ8n', 1680000), ('3KDm9mCqf99b2oBQtEvP2vFnAWYjrnSshk', 104346), ('3BRQCyNiDim7gAxfatmruFe4w9QwPWkbEd', 1173724), ('3QN7FYwPt21fvtqPUvjbwSwYh82WT3PiPH', 482790), ('3DLneKgtidcuPRXEntTuRmVJSi8iTKdgYD', 5900000), ('3EKaLqCUGkpMawgnXayN8DxefukW9AZUQ7', 4063011), ('3CiVaNmXopKdEMFatj9E9uByz1U9GrBJiw', 1000000), ('37881q7P5Vw3cmDF4vWFxBG14YxC2xhovy', 52925000), ('3BSCeE5Rj4cNQKginUipB1uhU7GzBP7ShG', 2503827), ('32a2zkeAG7PRrVddf4HxPLjMM5DryS9FpR', 187083), ('37QFFH69Naf8kuEmf6sxSHwByG9zKBUSEW', 70164), ('35SM2BVN8wSj4k7KrShivPVFXw84BCL6BP', 196355), ('3KDjMQzXqCPZWvVse1g9hu4gsJP1jSbFjT', 858912), ('3Lf1JyQG7hHARhGZsUyMteAgSBg66Revjv', 164663), ('31uUsCozYSuySyQsD76QBa9kamT3shzryK', 213766), ('3953rX5gF2atnbVKeFEgw8aqax6Rgx2cCm', 523505), ('3AboaEujVusu5fF39cSyPw4zXL4pthQdh5', 599995), ('3N1AeiUwE9NQRxStzzfpBu51dSMEeu5qxg', 261750), ('3G7W7s3JYWobcCophw7jejdcQ5m7WnmX4M', 127404), ('332GYurbyNnBmhx7rcdxRsqDZNoHWJ4AWw', 899964), ('3D6YZhbQS8hWjn544Ne5aY3gHfcXHEt5pS', 1500000), ('3GmPBKKhiyNSWKFwvsQNeEruPnCHAEsmPJ', 1044107), ('3Qg5Nt4Zaft1wfhWfMdpoLJLJhu84YhViK', 101886), ('3Hf7Ne9Mttx4vUVi38hv8Got7Pe9THCYUi', 1596813), ('37u7Z96Jb43LVCcNcVWtgTwrzNT7hQp6au', 100000), ('33upKaT9EdYoxN4rZjKb3MbC9RN46qyQsH', 101927), ('3GGe4fuGQNqKu1kMfdoXLd8tfQrKf92MDd', 202892), ('3AnNQ8QsEyYMAKkKAZmpDcp7bQXFWtsvUd', 1188000), ('3AWafhqTZBU1c3aQMYVzujLiN2VJG9t7ou', 2185651), ('3NLKutW6hwFwbwbgptAobXwrgPYN8gCQQS', 112253), ('3MFm8KFrweMEZz2e42ADzdN2BXBkmxSimp', 100220), ('3C1K7refV4xiHCfyHZYaPrcy7mNgKQEgjc', 432172), ('37b3bTre1M7iCH2Hhwxu6wT5gPSxBSfZQh', 426800), ('32pjibZxnAZKpbP9zcU9fxkwQ69RivShwj', 169857), ('3AMwV8GuhmUawuaW4UggA8iHm47fkPgqgt', 169867), ('3AbAxJLF3UVMpwQ2gp4s17QLGbk3sMugMe', 830113), ('3K6kT2YUsN8PMDAPbmhPnu5c2Bkdch58nN', 103830), ('3MwNWMEEUY3N6MvR64fJQjF8MVqDJMEVEg', 146386)]","[('bc1qx65xcxz6dfsge2g4eaerercslh83y66wrpm79r', 8757794), ('bc1qx65xcxz6dfsge2g4eaerercslh83y66wrpm79r', 368798065)]"
12,c8931e2fc53d3e514551855a9916982ffd5e65661c709adb731b4bae14454d47,2021-05-03 04:08:02,"[('34ZLt9n1K7kKPma49RxyCcuNzWxUYDQo5P', 17556084), ('34ZLt9n1K7kKPma49RxyCcuNzWxUYDQo5P', 1068103), ('34ZLt9n1K7kKPma49RxyCcuNzWxUYDQo5P', 866212), ('3KUQcSY1JFbpcvMP2b8sNyuqhVdCokoeLo', 1213444), ('35jzdhqHrAbRYfk2nDk4wPjZFc5XDo32Ub', 798713), ('37K3NxrccnV8ZCJ1BR7nP5cgFuzpCKs6Cb', 5950000), ('3QKprcnad48VdxsUxRcFB4wUxiBAREb831', 429567), ('35uMpmxpyQ1cX9p26V65zUGkbUG5QvMcAg', 1202), ('3HX7Asidto7RiX6dDgyi29F8ATWCDfcPAk', 1717840), ('3K7TgJBzR4ng4k5dFhy5gdMwLTkAAPLuDv', 120300), ('3KcX9cT1XAc333cGcZyY8ocxnt5iiSoVgX', 1716231), ('3LQGhGuYV1Km82KwQMEwwB98usKp4nvrBQ', 171752), ('31kqPceYidAfPmSvWioUfVy7HBjVRV4fpz', 825009), ('36Kez8FrLWUBpiCkibCaWxKArzLSJubXWR', 3391622), ('3585XktUjVwAJNmn5HR1WSs4CEejtyyTnZ', 105730), ('3JFhKyb14dMKLMm8gGMgzWyA5teShHA8tW', 3382478), ('34xGvUfKFy7acne76S4EmiT2XVocsHFtgH', 100000), ('3PNV8mrBV8VZxXmtXyfgXSbgNA4CLBGiia', 876969), ('3AWafhqTZBU1c3aQMYVzujLiN2VJG9t7ou', 1686773), ('36xxtkuurajJL5NQXf7hYSpiW5sGkt72A2', 368627), ('37881q7P5Vw3cmDF4vWFxBG14YxC2xhovy', 99000000), ('3E6UToSzmPUWGbEqRWBaP9wgKerLs79NTu', 10510000), ('3KXVnw5qKbrWzZ9HjbkFVhipR2QHUFnWdV', 738200), ('3C4NVtBQyVLyH3ztwdKJjsgv9TQFxD42UW', 944780), ('3Ayce4YfXf3s2v8VBiLk2cmmE77aGuA1Xv', 864193), ('38p6wNxEL7CH7PzaQfghyqMHDjTLNSEdR4', 169949), ('3LkLgWZuFWex3iah7uLGFphC3BoprZ6am5', 421004), ('36winPJPQ3HqAbesKoWM5wuhhhcjRFwofW', 2315932), ('3HzAJh4oGTwrxBkRN1uzbLn4zFYYmhdvnx', 450000), ('39Sp53Aiz753FBdFr7R6uoHK9CmaFyPrMp', 275940), ('3PeYCdBBDcBNw81mkQFPLvVYnYRpv6ZfF5', 627702), ('3Fi7VE7ppHDG4tggLRPhrAfFHMQBGBDztq', 417302), ('3AF9f97n9YJEeLdZQBqHzeN8pUh2UdF3ML', 171973), ('3Cb1nHgCw5e6CdBTVj24dRUdkyWbw7QjMs', 68805), ('3QefdoBBRzuLj6rDcLiG4QZTdxMg77KgiN', 909741), ('3GeNDhvSa37iKRD9YLN3eRAXM6APUBenor', 160860), ('37sHV3K3kaLdLuFjC7vCH9LBicQ8dWJ6QM', 172191), ('3CquhxzRbu7RUQaya7qqa71SX8m17qyou4', 499687), ('3K7k8u4E35vKnE5JyyuYGxMfJWpk7F6RwC', 171710), ('3NNSoB5RM7WV5mzPcHQLzvCcKc5ZCsSCiF', 120229), ('3G1Mn3KYqmEnYswS8dddG2zs5pdvH63A2m', 103067), ('3Dgg2YCspmucxrjP87AZNVvYdJ4VKmaAqm', 1717782), ('3KHT1jqbR8GgiPWLqm81fr5UYkKmWGe7pS', 102339010), ('35Sx5n2fUYjsz6RM8MTCnfwnyA5eJnzyf9', 158031), ('3HKuGKNd7nBxWxenaoLo8FBCsa6qmwvyav', 191854), ('3FMczed57r9rMbhX8X3EjmebiEc4Rur3bn', 839006), ('35TtBtYgKFPxQ8WEqBrPoSancxyTen3vgv', 343133), ('3NqMYKJ3pN8AdWZjFWMqCHgaCMrAQnCvri', 17171), ('32AKjnRbPvG5RDqfULwbFquCgQHfZcQ9Df', 85851), ('32BeHX7Gufyaitsz9LiPU3G2GoxXzKKm5X', 25200000), ('38WEeqCPNB7dgmZDYVQ7zQF9ukij6ZX3to', 8592837), ('3EekgjDyyjTVFBHG5EgokxVmG33zpjBvqW', 34376), ('3NUhFdopUTnqt3VmVrXQJAMf5CstJvx3by', 660000), ('32qcr1NEqjHg4J6KUDgP1gEwSsqtWyBhmd', 516339), ('36j4AqgasWWuQ6kPrrujrE9XkHWCovT44u', 94867), ('3Mi4mjqFR9xD1UfUvvH6ny7CZS4UALx3hv', 820461), ('38dSruKUQL7ux66AdpXcaqSVrWu8jeDtDM', 660000), ('3BJbbVDXxrnji3x6vGkHHCizfAQj18w6Mo', 42695696), ('3NycCAHR5AayZ3ukw4bPXRbi4F6BvH8UdM', 857832), ('3Gv47tnZjam3XTz8rjsArt5b36oGAW1k1B', 187668), ('34MuK1wmzVCBndcWgmoex5W8FD6jRQwiNz', 257393), ('322XrdVSiFX7nakpvf9vnWsLQipdvyGCFo', 483500), ('3Jjq8uHWhazR3Zwmnuuc6C2cZWujptvZrV', 23382), ('3JYus3quXzmCXBu2xrbMHhE5WP2zBqRGqu', 812776), ('38EsqpfH2HgU1EJyUz1QkcbbrAjH1gqwnE', 73036), ('376hVxokiNgvzhpL9nEySqqV6TnsPSncCy', 243756), ('34C141yoatfzmjhyvmP4xpfL9PE4Tj1Hw3', 8700000), ('3B3jcmHTCt2bHzhqBmK1re2uv5vACEDQtd', 1845257), ('3Pk6N1cSygMwkU7irviVi5CuyYrGMTbPJd', 167906), ('327kGKompmdSmrNkruU49FzZqx2pGiihvw', 1041904), ('3CdbxgPaYErnA7uvLCfURijmkpWy6S12Lf', 171652), ('38LSrkZiBDj6wmQPCXPkCX6cCChueiRmaP', 328065), ('3C8B8HHoG76E3qPkeSHYwVkP2aP1iVW95f', 320301), ('3BQM41ZxziP1g91ftLwmqZNvTBY7J1ueyS', 661000), ('3NmbNpgbLndpB1VHRCYfYyvpQa1yzPxezi', 65597000), ('3P8xmuZyXMszmcvKfpc1muz6n2nyRCeY1H', 479065), ('3ENFiafS66xCpbLbK4syQiPiUKtfa1jQBV', 83334), ('3QxvQ43Kj39aVApEr6Vt7HWiXFmaRtmbat', 151294), ('3FzyBFaMa3GZmeDzwENUer2uQZHB2NxksT', 4874224), ('3Atd7jNcFn1YaLnr2cRjgDhGB7vzRLDe1M', 168011), ('3E88pF2dUw8Z9wNTY7EJe4wBfrBWtrt4yy', 712218), ('34CcyC9VZJvDN1gnZxKxGZroxCdrkuF5qB', 100000), ('3P2mAxBbS57kb7f7ZnCjUgpHeBBbafEysj', 4873000), ('3FFXTrJ8MsHmxBFrL32ew76mrTWbbYXDv5', 4985000), ('3PEDWhiQcz9qDyqtSx9JY64F19zve9b3xk', 177375), ('3PXmHXxoUZYpaEPSVFWx68zDMAP923Vz7m', 860837), ('36yZmxf4VY25N7w55LTp2eCs2mpbUBzYRk', 1642158), ('3CyrRAJJGc8GjwrfXY11w74SNdK2uEnEQJ', 1147277), ('3FQoRUn1PDUPYSLRVAnSEydXSwRhZ2aQyC', 17301), ('3HwAf4mwuuDjeXtpZqGdfSURhgKRENho9v', 489088), ('3G7C3WPhApxksaVuqW7Zta7yaVj8m5rG6A', 5157890), ('34ZLt9n1K7kKPma49RxyCcuNzWxUYDQo5P', 12278838), ('34ZLt9n1K7kKPma49RxyCcuNzWxUYDQo5P', 93483), ('34ZLt9n1K7kKPma49RxyCcuNzWxUYDQo5P', 259238), ('3KBejYJQahupV9wh2zXd5eNHkZNWrTAKkt', 384701), ('3Na6z8Ft5UPZ3VcDw1cayhGFLju9Jai4xj', 510000), ('38WWs4AL6SgkMYqxt1A89jHjtqj8S6MmMo', 5151424), ('3NyBQj4gsxSVYWQBGnFpZuyvsLDMZkoTFn', 1716696), ('36nwi2VaVJZiSsT27j316bRAyLTXfzPegp', 12905865), ('3NWbJkCxCL95pgebRUthC5QjTDN1fqY9Yi', 841242)]","[('bc1qx65xcxz6dfsge2g4eaerercslh83y66wrpm79r', 8760053), ('bc1qx65xcxz6dfsge2g4eaerercslh83y66wrpm79r', 478258322)]"
13,931a5fabde5506e8858110ed96af4022302777f88f6dafa6f45f4f78fea74b3c,2021-08-03 22:51:21,"[('3HYQXHvKWXKKKfCJgVPQVHGeE7ztKKdV49', 2610435), ('3Ev1eHNaSnTk1aVTpd3YNUdryRVZmm9x1T', 2644200), ('392qbBjTduMwRpmkVr3mhcETRRifaEQQ6K', 260000), ('34dCnv2c5yV9sSdhhExYYdTUWrmroUYLSr', 417972), ('3KyS8ajyTHSLHFiLcixHbMLR1fFyVHL2aM', 758409), ('39bKtSDruBhnpj3dVrACU8xCrvCzhWKVjA', 245525), ('3J34sJNruC2BuE3b991i2sgkqbUKEjV2eZ', 393678), ('3KScpDwjGjHC7ZrLt1L8FPHpdrwd74vZxj', 180138), ('32jP1vmfrKQbpiy3ePy9SPT8oGrPg75xA7', 458028), ('3CQ4JcFkzSVkpnefVKeGrT1B93UFHtihm9', 972888), ('3JboyGzYKvoYgm2uHNeJk8WdfuRXR5wtf1', 2552199), ('3LiDj5Li5fxdMRev7TreEuTxmnzcNfgQJJ', 23068473), ('37eKeNzaDbWKwoxLWhYuYvFJv2iBjKxENx', 98495), ('3Jx3Z2eZMfawC2Y9ALhUXHJQY2xHvn97X8', 999970000), ('3JbwXgs6a3gwH6C8FSDbfrDgNfK9jRxbTT', 211085), ('3Kb3D1g6UE6ED9ahgg8SwoyuVpei6weuPS', 8966895), ('39D5WnM8fjefgUHm68nyCdSjbZy63jSRJx', 199094), ('3Btg97wiR1XB8QKpNUtSoQR1cBdPbj9yGc', 575491), ('3572es6TiUTWfTN63kSKZCLC3ENH3saQMP', 260371), ('3NHnkjL6RkUUY5gS68UzUAFSHdBYuxznRC', 1498102), ('388Zv2H3vtaVvuNk6q8eL9D435Vxiiskbo', 253407), ('386YTuzxafdvq1dUncBXUvKATFKNRdqoFH', 114480), ('3D9RkGxLpr4UNTr4r1m7vgHJwSexrP8ZZE', 2013167), ('3JNNdQyJCPgbwNUiTJWyFkdWxySf4Gw2CT', 403459), ('3BscucsC8cqAENBfRXmp4ybwbmk5HuVSS7', 1680000), ('3N3FBZfbvMh1k5CNBwtH3UmbHynEDRebhL', 78713), ('3Ebnt9KWZzJ2zR1rf1krgFheY6Gb3seGmG', 440000), ('39cXnbjaij1dk3mhps1eRKseEeUkCKYH1r', 111672), ('3J6gnNDDxUyqA5V45ccsfhDqnWdScpb162', 98127926), ('3FtEQsWRzp5yuWGvGQeVKPhHPBurZvQa7C', 106007), ('3FSGL39XhS8GofVXeoC7jvoyDdxMBwg6tb', 500767), ('3Bd8sJvAHn7dNxLSGQB6sTFX7G61DtX9fm', 99900), ('3GM28Jz4kQEw53fQ4ACCf4bdG3Xiwnubbx', 4987879), ('3NRjAnCt2NYXfXue5SKBAr3fYaA9VC4M6s', 1270713), ('38PkuaGfyRgefUABuV23NabDfExrTVxyN6', 135086), ('3F3LbSpfkP3fJjgqZyai2yXqfypgmmQ6Jo', 401475), ('3DeMGvdzc3zozyC3AoNSXKtQvFQAYdWeiH', 521700), ('33M9pwtnEB94wWqYDtNkSsrjUzAV6FBJot', 3771712), ('3NCz4SQDjxaVzqZheF6qv3N92c1hKMncFq', 510745), ('39JcygxyUjMB4n9nr7caihwv8rP8VvuQnf', 251875), ('3LA6BRVUYQVtnFEPoSwT2d2fww3QiL4eGJ', 5217467), ('3LWqchJRHUsKevNkn9nEsrA6v2QB1VSVHo', 259000), ('3DkFg7fhTHW527KqAvSHuhWGnExuCrENJ4', 521147), ('3AxBYFksBtkBuqHiX28Qfkrp7vnSvr4qVU', 2612348), ('3JcDgnGWSLz2R654sJouyGLmorQMhCNE2T', 10734897), ('3R1nLYovZH59uZ2VyhUFgpbW7xki9ownvs', 1563010), ('3FvV2tLPHFp9txQMszEh8DBjnLnJdgzQmX', 252343), ('3DpH59assoiGBJWUPSBufk8SUMp66Qhvxn', 250000), ('3Fub37DdECqmMsbs8TCMdvDUyNBjfAWfFn', 249164), ('3Ce2LpFtV4pXdPTBpzYxUnmFJ9NtavNYrB', 2084882), ('3GvzeBUvsxCiZKb8EezYPUzifJBbHM26ek', 133260), ('3DH7jErfnR6CUU4TJ2QYbV2c3sGf4Qir21', 4414217), ('37881q7P5Vw3cmDF4vWFxBG14YxC2xhovy', 1000000000), ('3Qbib8x3QV7XGnP9xJLDWo6Ece4Xxrq3gg', 273535), ('3Qu7hsb8UZ6Ywz3wYMWBuCxVFc7jJdUXx3', 678063), ('3Nmk21NAmD2KJw5Sys7BTMmQhnFhAS7y1L', 371050), ('3MGqFK68M3yYjHD2B2adee7mKtbZwTR4xT', 1042667), ('3CSe6A9TMr6Y5SLK7SsoiwdLcm9dZFUsQk', 655435), ('3CffAV8vNsNzNyxPDGj2MvVCiJ6eYZsU6m', 4994969), ('36wd4qMcRr5jmv4wsSZ363YLGJ2Q8ZNVgk', 835939), ('3L5mviGBCziSzmB4yi2FVEhkAfLmmqG8AA', 152268), ('3Jov73d3p42vkXCoLJe3dyfZMs1CRqSXNo', 6049994), ('35EUJEMhnCFMuPZkWFoyzaCZ8AjJzK4aFE', 80000000), ('3LYDd2QpZnJC6eYcEHN5nZ5meMsNr8ZiMG', 361189), ('36fHsSRG6bhm2mb1duSMDHmg2yXBqmRGAm', 572673), ('3F8P1esEaocdjYY41hHP43uipeLp7hnUq1', 134662), ('3JG8EeBJjXqppiaNQKuNS4KzEKFU3uFRpA', 2675699), ('33n7Ezv5JuAf8a5EWoP9rd33zGXTJEzwhZ', 283669), ('37YgRxFkFpJ2KyfGhiaqm7RHf46w5C2jfq', 5000000), ('3MT2aY7Wjrv7KgF5g4gGXgqrYmjoXq3UH5', 7756258), ('3EuD8ogo6nPqY1knYkrE8XNXNAhndnQ5QG', 3515088), ('33y3VJ23Z6jNx5QUkq3SHhmDqLE1q5zpi9', 13835281), ('3Q4JoU55TvdHnNtgSJVwTdPXM3PfPgCfqY', 122670), ('39BRnWCjNiyzunKvSYdk2FBNgvZ6oZgpmP', 584061), ('3FV3aiGrtnJ34zNmzyioro29RtY24bF2HP', 131647), ('3Fxkcox4vqhuNXWYAkD2gpgURzwvzVuN2Q', 819969), ('3BroaEYKsKy3tCX74YQqKYVLjhXjVf3dko', 82563), ('3DM5KCHtH2k93PXGe5YHoPa6SLkKzWyYMq', 62915), ('3PUGwUGRcbYxZyJH4esLgccpk1XBuWV5gJ', 3646808), ('34WdnnHDix1CDpmdeH9vRrwE2C7aG1rnt3', 1172261), ('3B49TJjV5sGsn4F8Js73aXAvhwrGbb5Pj1', 2575025), ('34fMfoX11zpRA9eRkLzduCvUAWoZvAKAGi', 127298), ('3DH7jErfnR6CUU4TJ2QYbV2c3sGf4Qir21', 234490), ('3KQAn8i3WLSx1nfdBz26HV7kpD2d7L7zg3', 2573063), ('36YjMXTbNj5y2dWTjrsEhY1aViFrjiLpTV', 871675), ('3BAwbr1evZh94sqahSXiy1EkTa5GdDxm4p', 120727)]","[('bc1qx65xcxz6dfsge2g4eaerercslh83y66wrpm79r', 2332708236)]"
14,220e62d3894400740e7510903287f00556bbe36587e339a78d18d0d297a80551,2021-07-24 08:34:00,"[('31mmTEWsQrRpnuP4HF5bJZgMNp5Fn3Pexr', 2629212), ('37iuq4uxojQhUNBMseXawURN9tHKrBfzZ6', 500886), ('33Y1QRbG9rmAQyuVoHcutpMYA6C3Dk64gz', 216606), ('3KpmYv2GNGbpjVRhg3PD6xq6Mj7CdR3RYp', 1450895), ('3QgGeDLDNXF6oddaw6JSzXn4xv8uRfqK28', 298459), ('39rqTiybC82j2Pg6fFHDUjYLTjNw2smXGT', 2960168), ('39ibTrxUEBPZi6DsbmvQXMcZFHaeoK1kgH', 295955), ('3LkRAJyzXTMu3C9dbQWAZjDoa6KSiQMSXS', 304722), ('3HA4SpQqFvZpUEdtNTKX38rm7F5gEKagsx', 478616), ('31vhquv2N1nhBAwF6tEU4VTVGFiuqx3Cst', 288521), ('3MzSozbBVzTZiiHjRuYgvnXDdCU1Eh5q2e', 1596196), ('3HtuKEiq2AER7jagcCLywogTczQ8tdxuJR', 820807), ('36RaVyKYiAKjabBxWqBkWmprzgmmRq9H2Q', 1182915), ('36HYrxMWgkEyKjRodv1ScNoRpqddstCSUS', 871407), ('3DwBSSWVWLeH9B9QLYtDKFmcTaJBKKm5ga', 351012), ('3NnjQpd4xe8CkvLBveSy5V4x8eujHyTexS', 295916), ('3Cbmyd3cZZsE2HQFv2u9Gmb5xmFHD2cCGR', 110269), ('32wJFYYk2BBRaxrHHFHHa64vrwEhYNBzkx', 636589), ('39XZ9hX8CAN31b8YjPembLWRopkBvP1Jqy', 576028), ('33ddS1qiobt9VeRrzxSAmmH6ne6UkMM9cv', 306460), ('3BmfzGGp3ey7h2TJm9yuY5vm5jQ7FXaWio', 295500), ('33p8EVojKu822HsaPeAZH7iGHeXMjMjJpV', 665097), ('34urYfDucLSVezY4p2XFB5vhPzgDMpPjTf', 364405), ('3EZjfCZ9N1DWNEv9Jr6hKQKjDYtqJjSEWn', 694059), ('38XwSTZnbiTiEk9N1bJrJh3Zwu6JAPh7SX', 10455620), ('39HwWhRGh3eesuRGvqPvE54YaeXdsTMz9Z', 50000000), ('3BX5iSWDAaTDGW1tBnEx3fw6Bm7rPDGvji', 1707088), ('3EofJ8ar9xbPT2vddLq2zYcp64MTMETKHx', 5000000), ('35vAjnznMAm1XiA4Vosm5gfmQTaPNUeCyi', 2911050), ('3FpSma2nHfEcha66qCcx6oe2BMSAnbTpLd', 724177), ('3B9KA9EkVA2r3PiQr74YCkPtamq7oebWFd', 214538), ('3QqqwpqfsJVuUXRhiUuJ8Kso2KdsUbkVe6', 553739), ('37qHiRnkVBj4qhUAHUHpmT3xZSRsydBXdb', 74780), ('3AdRsF3g6gZAbfrzYkapotHAoPjKb15geR', 209935), ('38asQD7k3svbzLamviULuNwnA2mQkAcegh', 2060212), ('38jMDSmXBytzCa6Ryn5VhKS5MmoN9FuqWg', 73924), ('37881q7P5Vw3cmDF4vWFxBG14YxC2xhovy', 93000000), ('3ELqiuLTRp11Ws4kXHfFhK6D5RsiuwTLA7', 2956364), ('39HwWhRGh3eesuRGvqPvE54YaeXdsTMz9Z', 50000000), ('3CAuEL3M1RnffmBAYdAZ37UibYxvuNZ9wZ', 69055), ('36npCgddSeFx479N6FjT88EcJybqHPc11v', 300628), ('3P75AGMEJhwovfvkwvLPCmDESQSVKNNzyQ', 178573), ('38ghtcw9QHMuGbu1QDP4pPDMk5fw3HFLpK', 688560), ('3KcFoQ2faViyPJLRY32yDf8xRgJJXTAWF4', 1194598), ('3Mff3T9utf4HYLw75bC6z36nbhRHvoTws8', 280411), ('32KuG8BRu3WVzPEYb67cBV7RUrSWvdjCMM', 1453665), ('3Cjk6o8dY5NcEbdZyvCpeQAbRWDB6prLfw', 600000000), ('3GSLHjvLwmZae2UDrJEV2kDekcYhNDm5AV', 1139345), ('38RC55kmuqcmoCeVRyPJFMj7W8rpNrea8r', 980000), ('3BoLjtqQDo2YUkPmvcRdmpJN5dSDk2GuAQ', 52617), ('3Gb4QCyqPqhNowF5cKcS7NRwqCRmuAZNJm', 299684), ('3QY7fphbkgWuRU7fbDXfT5QnS9NCqSMqcW', 258201), ('3J6g239v63K7MLWEJ2FitYiLRZUBdFm5rz', 283239), ('3F88Pg9ArU11RepP4THSPkaJ6GyWjrtWoE', 2667362), ('3EM2P9bBWUWYukwvv1zrhNwZChy8F6zTdG', 90900), ('3AnmEGEdh4aUPWneZJumkKyu1g5umuoy9C', 282189), ('3MzSozbBVzTZiiHjRuYgvnXDdCU1Eh5q2e', 4789515), ('34bU3wccfgMvSPLmjft72DXu3bWKC61ScM', 29521), ('3MDSasdJREJ9AGZ6aWkh9t6fuEPxx9Hcpr', 77768), ('3HHMQ962jxwLzWiU5NT3wck8hdhJjxZVPS', 1563508), ('32dTtwu55vsgWu2hsHeEnuqzNoo1mVvmLr', 2500000), ('3EQc2HYDZRDrnEjqfthq3BdZ7reAarFrun', 295765), ('3J3JwD3NE3q5onwA2XPRQYKC7sz25c2De5', 9620594), ('35XUGyCxpiVkeXY1XHDxM6MAwz9oiYtMCx', 1598560), ('3PVoiXQ9zv2HW9vfKG8o2VevPBTGmfnv1B', 42178611), ('39EXEQcEwrL2QRBt8QULdAZtFcc6hKmR5Z', 288860), ('3EuHgmRNsTPFo4iyVRXp13kaZG42jtRCvi', 1014650), ('3MgvRUB7LhBAyNYr7EPEeEXLg6y73qhBCE', 737890), ('3NVodkdpKg2FRWC2Tcn4jd7vcptN5pUi9R', 854516), ('34eFmPsAE4gXWVdWLrc4tiDRJdwKwuJnCh', 145000), ('3P66GzWitamAWbz9eGQJJmoiWhGJ7JRstJ', 1015820), ('32rKhNjsHn5ZEmxgTP1p8dguC9Ho8rXt9b', 74020), ('3PaBZjuXCswipNVMYHymP23BDDQ5nHGh7c', 100000), ('3MktAgXepfMv8P6bLAdBpxAfTmojEy52Nz', 2757614), ('3HMAe4HsHSuxA3P6RZGiJHEn5N8bZvpFEo', 399000), ('3FtNM5v1jLqVKsj3XNU8bQQjbyvzTPgnKf', 25100), ('3L4aeqnmJR5CYvw2zKM7nemo9J1vHCmCrg', 20742), ('3EyDsvEegBSRpD1K9gW42E5pzbyFQuqYSG', 183436), ('3B7VUySipLzjtK1bAUsyh4MBBKBjcBJesq', 73167), ('39DXoNcc9fhgnQAgkWb554XicS7kchhJ7v', 28056), ('3JnARvoB5968ku9NCfgCV7cgEqGE1mKijp', 276151), ('3PYbXiKZPRtMipaWsxR59mPoqrP85nB89h', 6016780), ('bc1qzgtx905a2rthummv5ersar2jkkx7lyakuur7rj', 2832112), ('32spyc3tvrZxtxEZevf391RfsE8YKp2rFe', 493248), ('3DNhPbn3ge41Hgwact3ViRYJfx3aYHeoBT', 382366), ('3Gf9GxZgEcSE72RcnEtRKMpUZ5JYgyidHV', 19959298), ('3QW8ZnjoMLD2QnvdtkE8VEvnyPhJuwLyEi', 152500), ('3DyNCVvX6ZjMVBsYgWcNjBpzRSnA5UFHUs', 2000000), ('3KPHMsTaY5cduvU7MxiE88AQmxJyXVAo57', 30865), ('39rqTiybC82j2Pg6fFHDUjYLTjNw2smXGT', 297740), ('36TtfepgEVWyniBdYy9QNgk4i1mseLSSU3', 220500), ('3MeUZAfiXG7csQJvzFv8CxpGubYFRYAzZQ', 58905), ('3DPe73X1zXRrpZ6kEqofv5h1URyEZ8YnAz', 10839688), ('3LWkyChHAcguhUeFdBVDg9HEj3pUvYb43L', 4349524), ('3QQoZQ9Z7iWCZPGnmvs7vTSJmSrLCTGiVD', 172910), ('3GfpoDKpQXwx3HYsk1RhqbU79k5SXbrUiP', 298307), ('3AXriqi4d77k74CPRmG8t7d2uvsxeMq2qg', 27000000), ('3PaBZjuXCswipNVMYHymP23BDDQ5nHGh7c', 600552), ('3DB1kLQbomMGwXPSaZGG1ZKXQP1S8t8GoP', 69293), ('35nFmPoHAu6VrKS2NrYLdcJ7b8bt5RFQ6y', 739356)]","[('bc1qx65xcxz6dfsge2g4eaerercslh83y66wrpm79r', 985512962), ('bc1qx65xcxz6dfsge2g4eaerercslh83y66wrpm79r', 9976449)]"
15,66736d4e307411d758be7451c3cff35963b6fead29db4bc8b860d6b8be93e8b9,2021-06-14 03:17:16,"[('37XTSRPkTYGKFeVa754RmErm2Yphhk3jXs', 120766), ('3BGUi4fRzfHRHg3zoE7bev2wm2B7rujeBk', 976619), ('39thf2EfTQ888Zreomngqjt3RGYxzgQjvh', 382940), ('3PPk1JDLNu3wCj6QQJ79awfmvuPy2urxmo', 453656), ('35h3e8CKc7m6Dp8mPzJinEi3e7yuDGqot2', 2748256), ('37ejiEgv5rRAfTiPoEfkyeY77VCReyhXaE', 38311790), ('3CkDrHP5tANCCEcit21t7XaXsQMhctGkwd', 722600), ('3NoKCQu9Nu7CACXXnaHFu3agtr2ztGkvmb', 700686), ('37zRC4tHT2uUAr8YJNcqTQqDoayy7Numzk', 560000), ('3Ew8z6hB6ZfMyyKE5bheiMAVJxtWmbYaTT', 2468541), ('3BwAbYHXM6cNUp1L18jg3R9gw9VnZTCwwU', 6739272), ('38y6oiXDfT3f89hbtDw1kMj9qP41AUCbG6', 58485), ('3EDgvcVg1yh77A9rFH7nhJgMBPRV861wbc', 501981), ('3NMMRQGQUQbz1HueyubwcoHSK8XPxcZ6tH', 2150981), ('3KuDDx21qYEqfVLsLMYKsMJhgibzZHYNTz', 200000), ('3HunkkFNo9GQbQP3i9bsgMnsPNtS9JYWMa', 26459), ('3EFcS47BF8M3fub7XZ8VGUc3X6TbkmFybr', 315665), ('3N4Ngr6AomFWGdrSd3oPWYfhbq8VJTKPeG', 256995), ('3BK9YivSBMpcXe3Ca1MznRtJLcMWZ23NAf', 579199), ('345YSve9kSK2NpKqVXBfcDEEEQ3VGs4RkC', 248778), ('3FUbLecpM6Ywiy9vrc6hYKk4VEs7RQ9EFk', 2428448), ('3McwQoabdJxuuim7UQJA43FSs4mWq9Yy23', 98479), ('31vhpC5xTMDEb8TbgaagRpdbqj7GFrDGoQ', 372346), ('3GzSkFszQVT5139TdFfgnUn1UEbxpATVYx', 28913532), ('3FfbLZgFjVwbyymeVQyxNXR67b3H78aCU7', 53956), ('34pNqvNFT255aqn5XeeuvbvWh62nxqbaoM', 1995943), ('36yywgAFLf3cimsU66pEVY9nHbFJcDZ2Dn', 241693), ('3Bie2sNoK2jZaFcnA1ZWDHzodKEuVsYFku', 23790565), ('3Mi1rU3TyLEXAAgMuj3eVYHhbtjdEFdiBK', 1100420), ('3C1WF2qZiZyRT32H3BNgVnCxkit1i9VXPr', 139183), ('3JE3MmFG9hFfkobJb7hewMCXJ9QPvVRm48', 249586), ('3Dydhn8hopsYpq9VZTUTjwaAYXbLbYDrqV', 382879), ('39jQNg6JYnPArDzHGDR8pdRDyrZo3Z47zc', 9632016), ('3DLNRr65Rmrq99jQjp5UfzCnTp54e8t676', 256826), ('34ZLt9n1K7kKPma49RxyCcuNzWxUYDQo5P', 168734), ('3E11atWfJzTZN7uUTkFCdbXRDso4SRSyvm', 2915231), ('3K6qoR8WgSkgKdw31PZrCym6EyHL1sa2vV', 2582598), ('3MtztYzGsFeRUt3LJ5jXLmCehNCMm4QFkF', 1865281), ('3Gx7YMsjiU5AMDquPSQpSYJKmip4Qsp3PL', 598732), ('32ZxUYQUYbL4sbRBnDw8zfSF4NcE1HQmyk', 529972), ('3EFcS47BF8M3fub7XZ8VGUc3X6TbkmFybr', 378823), ('3F7VADRX6rAVxa9iB5gUJk2oTe2am5NWRA', 3812117), ('3G9bUTMM1Dwdc5adLtxuE6wrcQHttyMw4y', 122441), ('34vCWNJT5cnx5qcHHHwzzH4gYzoHCoYFZ6', 360000), ('36yywgAFLf3cimsU66pEVY9nHbFJcDZ2Dn', 62752), ('36jzdaxnac3piQF2KSfYkoVx9hncAdqWv8', 489648), ('38xCrcYmagkPwmEYBSf49UPr72VTPcAmqF', 254835), ('3PXskiqZrptm5nMyQ9L52RCdDu1ugs4PzV', 112258), ('3AEhApuTrMeSfBcENXvppYJ4NJYGZdFwz3', 207558), ('39SFfamr4ibr156Gu2vZdaqF8sVCq9t5Zs', 998955), ('37v5P2J6U264sMV99soXUEfgzZgMUKEmUv', 38387), ('37eLpPf18vAv7aU8apDHE4DozTrMAJ8ej4', 94400), ('32uyqfWQ7ne2V1M5VN7hnPUvhUM8rbRtFx', 216900), ('3GY6j1rVi2FQ27u5gUUtRGWiM6pFvKetvP', 25344113), ('31qX6WaP1G9HDaRUBMCYV6qpGr8c5XFCai', 625765), ('3DLBjrd88dJ27ouBwCPvg4oEKMVhRvcwug', 1036800), ('3LCHbw3F4QDZhniJJZEaXse6B5xoKdMMyr', 129040), ('35XJFmfTHP7KUeuAic81JUbYxjnWLZumiG', 1148385), ('34wbF52yXn5xMUNNMgjQcCDTKZ43R2Nm8S', 49960061), ('3Q4UjJn5wJtLx5kPTPpdDjwKU4TJn6ryUe', 620350), ('35P2cssmH35VbE1sxhmr7MkbExUsvf69oX', 101319), ('3GfJn4QvrHPwhF6DpRuCSTY4KQjHNuDs9s', 64000), ('3BUhoq8HyxmJYNarLVh5gMi2G9FkUxwZdh', 4543256), ('345YSve9kSK2NpKqVXBfcDEEEQ3VGs4RkC', 250488), ('3JHNMTmTUHsLfPGBBBHHFN8fQ7vDQYBkGW', 20000), ('3LhZdWzWSh3LzyjaDUGNFBkYXarAGtrJ8K', 12742391), ('343nFvjKcNyhQJcrZp7C9h92jT9UePzD5u', 977261), ('31xkY28AM2YuDhH8CJGtXrXYRMF7RMAmEX', 16359), ('34Q8LVoZC1rH3483e9etqubJywj82a2ckq', 245095), ('3E6twK83CzG4K2mNMTYbrdcjdaRd7bxPcR', 2455047), ('3GDE4jDigy24HrvWHP41HEVZ3VxuCEi1wc', 485205), ('3Bie2sNoK2jZaFcnA1ZWDHzodKEuVsYFku', 54021647), ('35mksbDHQ3ZYxrk4FvtbcDcv81g2voTx6g', 1761058), ('31in95dYHt2zX1Ka2MCevDQoyouAKGqbMS', 121610), ('3D5MFMiHeuWwpNwykoUz3zRWNo6GiMDbhD', 729661), ('3AkNvDdMKzx5zGrK4PT5uns8mFhFQyCFLL', 1110000), ('369Yzuu6kz4fH1ocjEwyJV6TUXuSp2W8bR', 326737), ('38TU2us8DybjfLCew24JwH36ftHryfEh21', 104509), ('3NHDEgVWogenQupkwi6arx8jtpw8freM3W', 4900944), ('3JJ7M4dyJw3Gcoh5FfNykfGWAEVfWi3PSD', 109599), ('3GaJrBTTcihDeR1YxxoXrBNtoSB9rWrDvu', 64214), ('3F3f9jkHDALuqVbe4gZmcxyovg1Ztj6Vim', 299094), ('37881q7P5Vw3cmDF4vWFxBG14YxC2xhovy', 38575500), ('3Q1y6sqDb2CDiH9MFJsiMceu6CqwSzD2Ef', 267600), ('3KaDobuWz4YCRXfQVRckwEqKaeF54w7Ntr', 50717), ('32ASoYaosPmxapmgt1vQHTXoAHeS7dnXtz', 285544), ('3HKihdE1VWCxFAs7LsqG6jw64GP8kJDzqY', 58658), ('3QJqQAvxGSpUUJV2GpTcb1tj6BQEjpWwt4', 512438), ('38FbSqsniVVtuz8da5atkzfH5B1j61FGmh', 2520406), ('3J3AkT3kfmhSmPBUoNrk7243WgE5SPbquD', 2005782), ('3MVaJTnCZ6ty6LCEjL7oewNKfXfRumHaQD', 40000000), ('3MapdcM3FC994LyT6kmAb2cGGz2hX5Cvx2', 498959), ('38chcqHcoasX6amf9cZWcna8bama3XthP4', 100000), ('37nhu66HHX9Ydz3ok9mzpbj6ssMNzeqMuS', 4593600), ('3B44iwUTnhtXGGYek7nfjaj12oEB167ieH', 700000), ('3CfYJjcRqSDJuxQS3sHA1ZU9rZ7HYMcuwk', 400000000), ('3NGUBU1Nseney2LAqC3fQ4GQCrDreT6wLF', 177255), ('3L9XyK92uMQ58KNFsGrS5pLABtLTPXF9gx', 20100000), ('34wAxg53x2cPPCkwVqAu5R51eLnmDXSMah', 2525430), ('33gQzCWqCk52Dom3JboeB3REhgZuWw2DSX', 666776)]","[('bc1qx65xcxz6dfsge2g4eaerercslh83y66wrpm79r', 811941836), ('bc1qx65xcxz6dfsge2g4eaerercslh83y66wrpm79r', 9712781)]"
16,f81ae2c87ea88cef0691edec3f4f1b522f1a6ede3ad0318d76aeb1eeba02044a,2021-06-10 06:48:47,"[('38AozystvkXT9YXtLU96MEXGZ4wb2o8u7a', 100849), ('3992pDocdDr6vxfQtwiFMZ2Tr2pzAPL1Uu', 547676), ('3FABzhA4dvwthZ5aQWXEdJXdk58xHwGM85', 103781), ('3NJnHE6FoXcUGYp17UkcdYNAGdhb5ySME1', 242713), ('3L3o9GDSYYX5Hueb6kzjMfkBJEGJfiK66r', 1000087), ('3FV3CauMy2wr26V4sDexbHBZUY2JM9fjeY', 200000000), ('34iKYPKsSWjsV9hkghdtExftmPRPuL4W9x', 3000000), ('36vAEezj2ydKpsd1QmMX4wqdAaJRPKeF5g', 1360000), ('379nt1BJtX5jiyixcbu9U8UvjLJb5NHXGc', 1284600), ('3Qz1XrRzFYVmEiVY97RBnPP8BG8oiYAnuU', 260588), ('3JRYuU6M5ugX39iJNeg9efVtCUFVCYPtU4', 2296432), ('3BXcRXzLYi9FQ1gMSJw1AMKDmmRUHhTgBa', 136287), ('32zWFCu9psWp55K1KdNMhEbbAaSksKV9iq', 193320), ('3ETNTG7esgbJ9SEMxciAZ9ZnknaXTjzWL9', 53941), ('35SPYzyixPhu3jSpLFWTfr1pv49z76GjEz', 163308), ('3791D5pLC4Cf76GmTaDSWAbiYzmeS3ytXk', 128933), ('37881q7P5Vw3cmDF4vWFxBG14YxC2xhovy', 500000000), ('3KK44XhfTw7MLX8LMi2oEXQRRTtcgofoKQ', 27990903), ('3F8D1rr3bEvB1SnQKh1msa8CWJECqKuake', 3070000), ('3CynUR8a573jBX6notbXeWnJmQGB5KCoMY', 91879), ('3EukKT8P4TQzKnYPSP6S6o6BUoe7p2SmcZ', 2424922), ('38y6oiXDfT3f89hbtDw1kMj9qP41AUCbG6', 54562), ('3QgBMbvYLAyNT7xykQ4hizU9t5F8zaXtPo', 99900), ('36NvPgc86TD7B9K8uezmTZVbEnWqXPkGAa', 135653), ('35SHBreYWEX2B3j5mfZHT53EycrGMEA8iX', 260802), ('3PTQxyMV5w41hdWrJnggsca3Ab6r5KMUNm', 1074037), ('3M9KrxwSgLcH7JdodTznwFWrkVpRRtkhpb', 1886913), ('33KFFK1tnFn9B9ydfsjsJmbMNREZAbm3wu', 4679705), ('3Hg9UFnTVXdBCt5rMRx8gx6KQDg34Nwbxm', 27309), ('37pvnAJpG68QimERAw4hNbNu4q11xj1cKR', 88943), ('3QjQ6V1nwqw1WifWqAY4K1szr5trHQHMGE', 273086), ('3Be2jm5Q4zXKkFwegubmP6LW3ZAAH5wspo', 14443700), ('38mdmuuan3xKRP7de6pdiCLA12L7jrZ3hP', 177462), ('3MQMqzvKRX3DtwaZ8LGUtjX6qjRaFSzHyU', 684000)]","[('bc1qx65xcxz6dfsge2g4eaerercslh83y66wrpm79r', 758336291), ('bc1qx65xcxz6dfsge2g4eaerercslh83y66wrpm79r', 9890601)]"
17,2f53ace736e96e14387282a62e0f657bb1756b4ebcf6aa3b603a944ef1afc64c,2021-06-09 13:00:53,"[('34o6YT1rJhcs7dUiEBknW3omqGDsei2nj5', 132067), ('3PjLqP154Zf4FV7GX1uQwbeXPSfJL779hs', 500000), ('3EK9vhVBRDS6zzPyupM6zwmvCSKYb5uagt', 223470), ('3PvbE4vXwfpcnYraY7jzVGJWUceEetJVTs', 5830380), ('3GX2iCJ4LjE6Uu3en9pyC4pendUhKNuk3w', 935569), ('3DhPWo7JyPkkBpA6MEkmiv4vUwBy1YNi4Y', 1212600), ('3MQLyWYr3CAB2zeM6YsJ2kQgFgY6SZBsHX', 141230), ('3KoU53eL7P6FtVo6Wo9b4CxbHL1Ki7sHan', 243000), ('33JgPZXLQHmJsC8Nkg9dKDYntPz6kfbT6f', 9636602), ('34nMghDpfbbTEpdY33rVFEVHD8WUhND4Dy', 646160), ('3LpgYPf2TSsx9kECek1vUCYDSkGW5GoRhC', 4402673), ('3MiEWnhoKmxzVfbhC5yh2wG6VBxQdEAbuk', 455118), ('39nZUXQgN6y1p7kFMwVf17vEUFXTxphJvs', 14223467), ('37XmceDN37CmKyU76QWy1pccsRjk6WKUoH', 1275000), ('38QJutaBYfdGRpU5uGmyXtEsDBSzJcAQZk', 1314491), ('324UkRmfBpmZusDWKJk7VvFQDiK1ZxDsVt', 290280), ('31hZZ9m1eu94GrouhPJvnQhxqisG5aoFGa', 1557039), ('38XHbxVakZ3R27ZX9EECTYJAUtTb9Yw8pg', 309347), ('35vHD5bzbmVchpc2SvYA1GhP2BWzSPmSno', 2993854), ('323uEZeBGMT7PgwA5W4Aaqh4vFfPteYUWN', 169620), ('3LDeJYewiYZQ7u5hWrFo8CivAAp1scCAhP', 714260), ('33N4Bm1AmJGbNSvw2YJ9ewj7qjB5PfgUEj', 412095), ('31wvxyA6fp6k4GRb3us4Vb2uNxynhx9C6z', 10099553), ('32JUfpcFNnNGhsi3ZCvYH5q8h6SyLTN75v', 1748842), ('3Gm4sRhbjCJmS6DYbghYCRet8XnrpgLFht', 732629), ('36t4ExFtHpyP5sqyBE3q3GBf2ojVCKkLiA', 1984228), ('3QrTaQSD2jYY86VxgbQSC4bAE2YEMSzFuR', 2899700), ('35WSSvEErMDrN64z9iJVzJUsDATeyr8cHD', 12854000), ('33XjUjf59izxECntvXq4eSrysw5dz78dst', 4000000), ('3Q4VNuomXeGq8fjD1c8WHXJwzj6n5ybHn8', 24289611), ('32CguX18KYJv8b8ZabowWPVQnpmrrh2jSJ', 770100), ('3BSvavqFignhFAUUMgPSHnv4cFh93sA9xv', 135160), ('32Qn1xh5CSi4GmYSt1zvL7X7z4gmKvNdTk', 1750762), ('3QL5z3yTstjXBpH9QBjh97gQhWsfR4LP6p', 369628), ('3H4imP61ZXYQdpPgWhGmjkazK4hFhHSmGz', 19943000), ('3GL7cx9u77Q8NXbZpV7VcnfFPS6VFuJ9Aj', 528507), ('37GUsh74crv59mzh1xr2FX5rfBQhARWUpC', 4800000), ('32hDHnhnxB6mH6T6KZLspzKoappyRWAaDS', 617005), ('3N2aoKo1F5jC5xboYXEY2AgtBz2FKouK5e', 865669), ('3KpdgBFeqe4ynqgMHmqHf8URgtQojPPZNM', 500000), ('3LBKa3DCDQ4WNG6RtK78y34yaTczetrckf', 4943000), ('3DtPjBpDgH1K7VyZPYxEHSjYqp3PDD96s7', 432804), ('3KNi1a4K5VxiVu2dbpcZU3GQDaJ69bqse7', 1407270), ('3GrHdY5hMQFS4HtjqWR2q1m4AYn54Ruymp', 637036), ('3Lmoy6HJhRxz3mSrTkcPcqowt33wdx4bRS', 1856901), ('3E68sJMxxdC3HxQApJXY6BDZem7TYV1eKD', 618000), ('37881q7P5Vw3cmDF4vWFxBG14YxC2xhovy', 61187000), ('3D4wKmNPPx6ygjfveTn3nw6bmwNZ8CEzBm', 137416), ('38ym44XCuwGiK5mLyNnE9uT9FWZ2F4oXUG', 918488), ('3JuFycUL6HgYupbsXWuWxFXmJTafMukvme', 2815660), ('3DSrsFpSjUfQHpPiZHwMDR1Pr8LuDzrz9o', 5856850), ('3EFBHKm7z15nCzpfLh5UcWiRMdJrANgMTL', 1086594), ('38Lv2XXSNqLBqHWSX5wAbDvKVxxKTYfEp5', 21057500), ('39tAMqYH1RfVxcqGPHS4pA5pJQ2BjNfyDp', 567553), ('3N7oHhvhCLz1iZz97g2RkTu8Kk4jBjfwc4', 3445118), ('38qHRj1BfXLYtHtuYxBRJS5eArbzcbUsXt', 955062), ('329ycSVjBwjEJijDBGA3bfiXQqPFf5W1Dd', 353785), ('3N18MPSsjuzcmffFe5WvhGonbLBF1RSqtF', 1256756), ('37zGnBnbBMVR6W8rWdK53mS843XNAELuGZ', 100000000), ('3AhSPh9Gu8LAkkvNUGTDieufHYSqojq1Za', 841487), ('3JEUFYFCVFCoVhwrcWYW1ymivNNc34AhA4', 6046500), ('3QsjRFhHFMoKtFhuiYjJY1HmcncaiMSFi3', 392180), ('3NmJpR9CPAW7XLBJXnBrupf6yb44pKAcEE', 251759), ('36RadL14qHQg8pUsgiYZLAPvhZxaKhLXN9', 302411), ('3Qay5n67R2PMXthhNwfCnG6NAzcSJPHc44', 409278), ('3KPAQdEgvhDAN58CQELcFP2oeYCqLRvHBn', 401409), ('3NYPa3j1PxEihqdc68te9NeUaZHWR4AAiY', 1566962), ('38w3mRXYQs9qFmCZFAuN4ZG1ta3ReQkMLD', 15000000), ('3LD8EjWJRray8QusaTmdjUPkmjFRTqGDQC', 5781257), ('3Mt5RR1vCapkk7r5wWofQk5dFg3sK9T8Y9', 347825), ('32XS13de5iWzkXdNwUitdtjMQHrmMSLwDs', 5524911), ('33CaAcPsR4QHrK1Rxh5MuHo9zjzuCqkTz3', 1021937), ('3QcKSznnS5eGEwiFXXEb4hHofaKmYXGNVA', 425891), ('37DWMsceH7h38hi7zXGE8jxeTJPcKAZvoE', 225123), ('3AxB218ybqZMg7qVCBW7pGe5CGen9qXBhN', 20379032), ('3ANo2RYFCfUKrWPFrz55A2nNf4aAAiCYD3', 2997922), ('3H988ukohwAvZkz14NXTga8p6fMFrnBziG', 426887), ('3LydYaXkKY8ieZ2isE1Kh3Kd7KVU2vgd3x', 286943), ('3KUB9Y1omVAtgGaVK2xkYwJmyKSd3QiQAg', 290501), ('3MBS3g9Wz8gHLzV7eFDyaPhnKJGgdoKCSo', 1700935), ('3G22PfNyBLL5XjJUNgvMRD48StU2EPqoe3', 2021758), ('32s8MseTxGdueM23NX4B9M7tUwL3spAGrm', 431511), ('3HPNvA74etzgEqatEEYZNN3Wx4zyGVtfpN', 293341), ('38sNV6bLj7y8HQQU5njhnHPTBaDV6Smxhj', 438765), ('3BhRMTQREV2ha5nviGyWkgQTBpc17fPdXr', 1157622), ('3GgATPJ9yXDNP3icRpJ9Pkx1qGN8twyxy7', 219797), ('3KseC8Td7yXXfAQ4dsomH5wU33xLhZCHWk', 16011000), ('38LAgVXb7QiDYvwBQf1rHMW5GKzTteyPbd', 22944366), ('397aphKnaUbDT84Phu4siX52JDGEfth9yi', 204438), ('3EqdQfixy5dPDqZh1Hf98HioTxAsG3siEc', 10487987), ('3LvSrcfnqcGFARPic9BB3WSjboCdptJjZf', 1489915), ('3KSohMTMDTxwg7ZmjyQLPD27snGupfZaib', 386585), ('3Jb9tLP8ymG6NTRHu43JjF3PmHvBV2HtN9', 7480000), ('3H5qeS4na1s2xtYwFnWueteXKpBX5CJGhT', 1386900), ('3JE5KNMonLnKj3MFgF4XL8XeD6GLj79Tcf', 1434765), ('3LotJXnbjZK13zfYR4GBhPzpMWG4MHjNQD', 101955), ('3MZqZVNYboSy8SHsCgNG1whY5d3FDSp6de', 161012), ('3HHMQ962jxwLzWiU5NT3wck8hdhJjxZVPS', 577978), ('36dcNwPFcL3fhqYRyg6zsEPXVEhvaGeZZg', 1728096), ('35P1NDeTBPi9q2RVLBUpWPDkRQqf9JFTUq', 60000000), ('3LfKVk2KmXnfwjsCbqD7nwCaU1S3rJoPEy', 5769731), ('35hJjjpvQcBbwPFvfvZdTibb85nzwh5Hnq', 4470000), ('3KTU96RWRMT4eXw49ShwgB3WukK41r32k7', 424959), ('3CYt1BUx6mVuJNyXptYWxvCmDVtKaNTPUQ', 141545), ('33LfjjMBcmvWaR2WCGSeRQKCF1J3xDftHU', 139838), ('3F1Fcw7HB66URU6XioKqc6khViJgowQg5g', 736391), ('3Jptpbw5rKhV8rVUVbLmstLSSkPpLDhxBp', 113789), ('3P2WGTgmwQUzQtoE1P2qoBSYAXowqtS6Jn', 900000)]","[('bc1qx65xcxz6dfsge2g4eaerercslh83y66wrpm79r', 552151408)]"
18,ab5b3c4d2320bff9ea7952bfe56510fcb42de453578ee29cedb774a50707480d,2021-06-09 06:39:51,"[('395ManeHpeGG6D1Jt1Eseu9A51AzXw2ykv', 228642), ('3AnupgWRHSfTRV5kLQ82rPJ6fTwfNX2nfg', 597441), ('3GgofFUT1GvisKykcu6GzZACxfiXf8KRQg', 76309), ('3HjtjSbRBZoRFJhgoQBNz52cs165Qmzz8j', 369013), ('3PiWHBbnE2qkLn8FtPQ1SKpzY1AyuWBnzd', 2904700), ('3CZpAaHaktSqsUS1exhYs1D4HDUEmi6Li4', 519873), ('3AxD6Ucmg8MTWCuheSjvSkcmZvuNBsCxmd', 612761), ('35kvoNQYpuCFWALZj7cpxZiNV5uwmbjZmg', 13179), ('3GpioFHhkZ7gkxjNQxQXZchFyUHFhdG1DU', 149310), ('33MdcBt6ffdsQtP9SVecxcomtPKViFHJEM', 521677), ('3G1yq27cDxuTvUrnfNSdPyYNKuxyEEzena', 199880), ('3D8wvFDCzSdmqiSnnqTgX3AXrdMaganodT', 598426), ('3Fi5UdSrcUdd7kLz1uCyo7ifveTdjwya7h', 3909191), ('3FnqcdriPhsXzVUvv1AoUtk6dFEg83UF5V', 314022), ('3DKUZN4cNnTesRdX3ss5T6No5TA9RBfWPt', 82100), ('3HPjpvwmTZA91WAsNvKjKejwrxQhefouu2', 442631), ('3CqyvN9JdbNcSSymCKcjC81Te15YrzcCJ3', 6023011), ('34VZFqZ5PvTyAG5PFxwkViTzzUSNs18FCt', 1325678), ('3DP1Ep16Ynyeqr8jmC4sgDXRUQLnoTxDUB', 361398), ('36ipp4Z3pC82Zx6E6CMvzVhnozJVDantUw', 156031), ('3EAe61usshfDz2589xdjCJdkDzvh9wJDSW', 5941611), ('33UnLV46kHnA88h6VQo52sDzDE9aj5C2Gy', 2971387), ('37881q7P5Vw3cmDF4vWFxBG14YxC2xhovy', 500000000), ('3CBUBdN1oN8j2T4puPf3vBE5JcCCGaCVbt', 619865), ('33bhCw5bVhstAma1MLEwx1Mm8dXcQEABn5', 20739), ('3DFaJvX6NWqqWjYKVmPeL41VwY9rwV3acr', 1065682), ('3DQxpLnKdAGvBfGxsdXaibziq9knp5aBJW', 1505385), ('33iWUMcBeDgDCLYDCdTTQzws1kjzsGAKYJ', 13898), ('3GagnTFY21k6tBTDNhj9mf2PrBBRSjr7An', 170300), ('3AMKBUtK4AHQLxghAVxXTzrfToCLh33QdP', 1260000), ('34ZLt9n1K7kKPma49RxyCcuNzWxUYDQo5P', 5592704), ('34ZLt9n1K7kKPma49RxyCcuNzWxUYDQo5P', 37290491), ('3CFm8qF3uqi9ovg7zjLaXWfqqBnr91uyqY', 1250494), ('3HFgq4hKUHiZiikfbSGdnnhVNfZfohAc4T', 153255), ('3NL955NuTLpTcTTDbcLm6qxZsGMa7gN3Fh', 112308), ('33awi75cwMauye7UDJmHdYhww26CzAhos5', 2547776), ('3DkGikoV27y8HU4eLirJo6a2YqULCKUxSZ', 150000), ('37pHicwUxxmdTeUg5HkixHstycd1HczAtv', 20589), ('35nWqujYvvLsZtfu8FSj7h1w8Kj7rKE5Ji', 267837), ('3BN5b3uUAULNKNbEMfshq9XXtAPUtGM8qk', 2600000), ('3CDZVc4XG3a5gUti7EBnrVyXC1GqkR1M6u', 435497), ('3JsLQcLv6246NNi5c6BPieXrcoVR2yhf1B', 1000), ('3QQZw8fMWMLEv2j9njLhHxSBd28brYRgkw', 599836), ('3Qm64XnfmYwPeJM5tAejxM7n1FrDwVy8TA', 596624), ('3Avz4FHNyhUwamzk9Bz4qupAUQoqXc5gZ3', 294467), ('341xZcXsq4sTU3KfumzRsWP7j58TQiZPWB', 368722), ('3FbaQffdmLngC16PkJKQWz7wme3gwTcYgH', 178383), ('322a19iikDUp1YHSzQLid6iLFaW1XM49Fo', 823257), ('37DWMsceH7h38hi7zXGE8jxeTJPcKAZvoE', 349397), ('3AxD6Ucmg8MTWCuheSjvSkcmZvuNBsCxmd', 1087497)]","[('bc1qx65xcxz6dfsge2g4eaerercslh83y66wrpm79r', 9926789), ('bc1qx65xcxz6dfsge2g4eaerercslh83y66wrpm79r', 577694274)]"
19,0c980b71867ca2862782bf8d4934aa47ddd4663a36eb88239b8ba45fec6af0ea,2021-06-08 23:08:12,"[('378wPwrUYfjP1oPqz1qGsURoPUxdfedW6A', 110879), ('3HrNybskbhmBFXsM2L2Lph552xYv3WKTFf', 732658), ('3CYt1BUx6mVuJNyXptYWxvCmDVtKaNTPUQ', 291406), ('3Cu35TWmXcdjoaxGa3q5PBqtZvPzENBaBN', 617973), ('371o8SDs7cVqCkPvcieQzVKYMNSefhvTwm', 208465), ('3NG3byWB9BTqp8EmmyWbmDXtKyvoLR3Ucf', 141450), ('3Mkh4KsoRY7r24PmbWknoL1EAe3NAeSFhi', 2840123), ('3LtBvdSkjyDeimMEgJnbCbFfuttENEFbWG', 53000), ('31qgUa1wmHhe8pYhUVNNjAB22HjzkXDcDu', 176875), ('34CJhPSefrPraDuvdKTyWamcYLDfK43qKJ', 539032), ('3JmRBFDD3JCjTqPhWuhjwy3DG62FCC9NY6', 1124017), ('37881q7P5Vw3cmDF4vWFxBG14YxC2xhovy', 59225), ('3EupCx8o7xsyt6PX1nSDcAMqXHwUavVmbX', 225806), ('32iJF5GK8n6pWiFbvmV2Wpu3wuB8cxj5WF', 1025991), ('3LKxB5Zyh6hFYU2wrKGK7oAe5VgcX1Ms9E', 290399), ('3P3pgHv7vwPfRrnuHtEQrYeu1QpMALNLLK', 1451093), ('3Cxcqsno8h6uL5WHz5GKG8sxYeqFnyJRKh', 20061000), ('34YCfuCorefRcQRZbfiRWD1dB9qPYytqto', 4823779), ('34ZLt9n1K7kKPma49RxyCcuNzWxUYDQo5P', 1086308), ('33XEHg4bYFHqJjPH9xEwc22ppWDMnNG1jm', 522492), ('3Lh4yt9t3deh223VvhPcjd3pnJPae8wgfq', 4475100), ('382nwW1gCiNjzLzMJgrj9N7cjCPWPL3h1i', 369663), ('31qADiRbboAAs1pGSBmBjS2JqLFGw2xGwA', 170394), ('3LMZU5c9LqNUnQN2HGkefWrHhkkmG1kURa', 784113), ('327RtD1ozvqKmmyYUcd1BAGzq3aup6q11f', 1474677), ('3AMqCfTVt3opfutXzyApWRsHbQbNbjXsh6', 9950000), ('39n3YYe85B5tTHyKhE92568HzVsJEVnPDk', 68740), ('3DipMPrcKRJyuFY8jupxNCjSGn3jGyzqad', 922697), ('3L8SRPsL4bSXvMMybeSGHgzx1bTjno4tPc', 5719858), ('3BhnNc7Em22nZJLzqprcBVucwdFpenZLWK', 111294), ('3GAADSuSFfvL4Rrc7X7iBvtt4wovbxVUMg', 150760), ('3Qvybwcwbs6to1usRKJ48sAR8xVZASJgnH', 7416692), ('37zaSkp1SAz4BVSakFRVf3i4Sz55pjwgGJ', 298339), ('3CWcx1pRa7YARVCzYAnxPivkiAH6dNnmbL', 15999), ('3FYX935d6D4RkYPqw3e8gTivAR5ekifmzq', 726005), ('3P3pgHv7vwPfRrnuHtEQrYeu1QpMALNLLK', 1161569), ('3CxSCQEpbUWWtWELAyLNeNr68mEYkkiCpA', 1248830), ('36PdrNCipxzT7YZw3T1J1QPbceXYUuSrFU', 5003000), ('3LvSrcfnqcGFARPic9BB3WSjboCdptJjZf', 1427431), ('35cbCc8p6N7HEkA9KQBnH49n7o3Lnp6r8m', 101626), ('336DupM4c7ZB3MN4q3oJd9BnhvfXbwzktk', 460336), ('3DDoZqaFwUTP5zXGoMrSj9baE62p6vRGQP', 303595), ('3J4eKqCFo91Eh64QisSLqbBrBdh6KcUYiU', 301493), ('366WwPD13wCENYSdgwwwJ4rhZt2Sb5wN9r', 6025210), ('3BqcTGZfgiBVTf1ieuWWfSFZfKCffnQDv3', 150694), ('3KU2Hcxzn6LbRqrXspb6j7KMwxdF6sesFJ', 196000), ('3N9ey2cwQGFz7zUueLW85ceMrRgxVyMidn', 8200), ('385o3ftwjSqKzahPQzF8YeeZnsoBJmn4gq', 1752510), ('3Cu35TWmXcdjoaxGa3q5PBqtZvPzENBaBN', 526167), ('3QaNdY3QfiyAhDWA19X6YXmifa9ci8Cbza', 395870), ('3MyipKmFDcUyVQNpssovdmACZXsdXh9kfc', 1409223), ('3EupCx8o7xsyt6PX1nSDcAMqXHwUavVmbX', 1229443), ('3AobB29qMVkgAXyrBu2hFAmD5AA2nqwKvb', 4242867), ('3HB2Qpf7uVAdxcGi2F9yyLSwgBkNH2ZXvB', 2220926), ('3GAJmKpGLFSrvNnteJTDUyyiMszTripJWJ', 73214), ('3Kt76twsPWtHNPdWzTewepweAgSM7YHpME', 140877), ('32uEQkhsMN4fYUcTEswGAuLGqhcpEZRfP4', 55839), ('3LmdWJgGMrUCNChciVk2xapCccEQphWDa7', 61180), ('3Ec2BRSUsNLQCqWH9NJxbztAsHkdEJqckm', 5102238), ('3FmfjNYgHQftU3crEF9RGq5GdS3wm1V7dF', 1506600), ('3KtKuTwNKH8JdG2rYrUpq7nJXY7Su5YT35', 1710655), ('3DY3PQzNEt2898z8LfRQCPoSLNTConTSqP', 2117815), ('3CZaYZzHz9UvN7JSKGszuiEUDMp2EPLpsZ', 35656), ('3GfkHXCGVabBForW7Gs5FDr8VntVivHu86', 61440), ('3Cu35TWmXcdjoaxGa3q5PBqtZvPzENBaBN', 3514370), ('38MfPp8XgJFdouQ3oGrX1f68eMWXbd7mZD', 352667), ('38p3TKKeyB2cGQpsScyQHSsLbW2MyVQ732', 91650), ('35HUBrPHVsmYb8cBL9xTakBVsebbraoEdZ', 826468), ('36qZUMx4JF5Pt32tBnfJQKVc8EFt9LBmMc', 4124042), ('37reAdCnjqX5iQSAbDsy9CbSRCS6W2U4qa', 7071), ('34S8AYwYHBKmKMBsgYhG73Z2nC2qywnB5K', 142923), ('38WzK7kUqTDwUNqhM2FQouv78aArcMRwG2', 38574), ('3AqNFJE5RkVxiYexmzYTjN11rTSLjYfkMi', 151649), ('35q4fkSuBCjw9Xh3M42rd5hfAVj3EoV8dD', 297279), ('372KFzCvt6SPDzVRubkqjrFo3ekENEVFqs', 72876), ('3CGatHQnvbxg5VbGsEtysK3CfgWDSsfAGY', 49256), ('33N4Bm1AmJGbNSvw2YJ9ewj7qjB5PfgUEj', 141247), ('37K8U86X5JQEPoQhCjJARpxoksQ1drHPcS', 84940), ('31x6itw75EoF7cZ3XEcW6uFGmXZPbgx832', 141567), ('37P4uDtHs89DCWe3gXKkB7N579YxNhK115', 353916), ('36FVif69bUmVvPFAemZe5vLXELE3xfC3BM', 1607188), ('37eyt47cbD8y1dkP5LpPgFctfWCmQ2NuYV', 1408434), ('38jGt7Da4rSEGeMrA8Mch8Jo4yApVb6LuM', 145199), ('3F1G6a2rnbDtpiPg1P688Z6adDaTA4LkVC', 504469), ('3HXdp6dqKTLK8DrHskVVe4DtumhwJE6BN2', 464781), ('32HzUt3BJE8MY41d49ApGEqTv6MYmpx3r4', 91485), ('3FMkcqBxyh8XHTZDjjFUY8yau9qz9Pi9ew', 343000), ('3KB5ToAXswdjjFJdX8FXBkdjTmxdzxsVBW', 1221000), ('32y6nwsB3qqpdiU25tgncJUhNKDYdy7TLM', 99900), ('3KH2NPq8TTtDMoXGc9iXAz3EGdWDNp2qmB', 99900), ('34DrnYuCYEcKfLnmzMaUAV2XKqYWNirum7', 300000), ('3BiEsFKPvix22hvuMFMJJcT5ZGL9E3TCGp', 2400000)]","[('bc1qx65xcxz6dfsge2g4eaerercslh83y66wrpm79r', 117142657), ('bc1qx65xcxz6dfsge2g4eaerercslh83y66wrpm79r', 9821825)]"
20,75243bb38c7ebd6550593ac2d3c3bf231213efc3de65967c38e1e6e936da1e79,2021-06-08 22:44:51,"[('32twpnQmCr7GGjNVqMxLxbKMHTeuXZpoYh', 117015), ('33zQnriUr6cHqfvYcEDss3T5C2T43DpRMy', 342358), ('3EwsBEzXyXyvw1GZwGYgbjQrRjeFNreU4t', 400000), ('3J3x5bxMo34DfgxED13H29egVZz2pAbu8n', 594000), ('3G2WxZ73bterKZNFoixaK59sjQMp5dZXDF', 996621), ('3BDu2DeM6gs1Y8Mjy2CgNPnGKmrxzbYy8T', 100385), ('32jyo3eXSJQVkokZirPJ9r1bgUppvL9FjL', 179241), ('3NaZ52KBeVtCtFs3Db73NgFDgyYtWYwEEa', 110807), ('37881q7P5Vw3cmDF4vWFxBG14YxC2xhovy', 300650222), ('34HHZHmMyEiS9GYEv5jYjRtuHRTtvfShMi', 25796902), ('3GiE1hXYCtyr5BoqUsktdvr3HCTjpVabG2', 1136800), ('3DYGo3V39NAsPu7Caq2sny6HC2oFJAWT5r', 312842), ('3NFfgqvR8LDNj4DBKd2eJYQt67sSbTcUe1', 3459106), ('3BtPTUFvUVPAtgMcDoau8cj7sSDTwMYCrt', 1439990), ('3Qy7hQHHZxL1e4vZqoU5srwzjfZYefsqKB', 339716), ('36bzH1xxPZkqi7autPR4zneJHW7VDabwXC', 7366558), ('3M4CqoNHEwMWskP1bHECzgGMEpzLJxa74k', 2927100), ('3GWdKD7KB3SGid66K5UndmfFsV935m1C55', 807400), ('3EnPKyS8BG4F8dq98o7HEdxSCZ8VyjqM3h', 1415056), ('3QrfP5szZn9h7qt7DocNuMgEkoiA7z8VTi', 457383), ('34v7egXKg6Vmsk7tZQ9g62m1ET3EPQw4Qh', 1429357), ('3EwsBEzXyXyvw1GZwGYgbjQrRjeFNreU4t', 2000000), ('3Cg5vVMgQFbxjn8wxubniAdVHR7kW6fWUM', 486051), ('3DHhFrpGBUjXZHdtkZoo23sBQBL1EKBQbc', 182220), ('3Bmy2MmDAPjZZ8fnbJvXdjkA5hrcBGzLFX', 1463656), ('3HMVVm9EBMFGH8jBup7K9sduPsYfUR43Rv', 162000), ('3CocyXCBhZrNUxkgocR2tEPBBza3eesZca', 291276), ('34nMghDpfbbTEpdY33rVFEVHD8WUhND4Dy', 252160), ('33YAeMCkv7hiniLgb5QshddFb6uWbZekN2', 2972000), ('35SSSYP3ZVknrZxM8T6cgRPkdb8Y3qkGLZ', 284441), ('3N2QGoe2zf7dwYC2RKBMdWMoGRCkE6Eu3w', 3660000), ('3QeuECziLtkKDdJyG6kLSPJTkmFzDKGWgp', 206457), ('3H3ttrDN9eQoE4xbErMkyMBQQ6KEhXkqXH', 4860067), ('33uVJVyHkRXeX8byx42GvGQo44LKMQDyoG', 2453160), ('3541ueFuhwERwXjaDu9CJGt9CcZkqr8bQq', 9062364), ('33C5WAczEpotyMAdoS9BE3qCtHCRKELBvZ', 2000000), ('3Fdki1g6qY4n4M51DsNVwvmR2qaPdPiwzv', 1168559), ('3Kg14MQtMPBezqzWsfQrXWtU9z6gni6RT9', 457490), ('34ZmFWZngA7Kx6hrBbfeGSd7P5J3RGD6Np', 654058), ('34938ef57gWhnBQWy6Mwa7A2CPinHdXhWA', 2978218), ('35rBakjr3MfRia3NtqeSLUjESoYAwsPMhr', 111964), ('39jykAAuTf8c1Y2TsS1Gw6AeXfFTmDnhwi', 10079752), ('32KHWpopJTSNB4qhd9UPVLUMWYFheUiupd', 589914), ('3JSFjhKd4NBdCYsUHqFcusuwsfrJU4hxj9', 408399), ('3Po9aSRqE48uvpgeDoTKvzXdPYmdpuTyft', 1633400), ('3FzKUHUhrhGdm4LWYA5xmfHvoWwWyz8gqD', 2908605), ('329guE8McNtsw5HpiFwiABdmBSaRy2N8Xd', 36304890), ('31qvnw7GnMMTqghSJHP4dkDVKoMUUwLN8t', 976579), ('327kGKompmdSmrNkruU49FzZqx2pGiihvw', 5042500), ('3G2WxZ73bterKZNFoixaK59sjQMp5dZXDF', 55541), ('3F9T7ufgwyG6YMpQTEdSjthDJALXDFNhJB', 584745), ('367isYUWJEyv8qujyPPHGfQY3TV3JAnoZr', 100000), ('3MjF3F5iHxEZQ6xYuzXvQiZMGZt9MuBcJd', 593828), ('3Aaq4qL7hjhBUE4QKYuJTp3W2t2x9DPQka', 745709), ('3Cz6bduit9fW6uvpzR2hp6tcwbdMFyA7AN', 101275), ('3BxgYpGYnEsdEY8bVU9svnpmSXZUqTAyZS', 1804373), ('3CakbRuf1J2VTuhTXSv6TPPUyMV1kLeQeb', 280130), ('36kN4nThKHJ3YkVML9qqigDomJ3A9mZ8yD', 284232), ('3BbZ4X8HW7PpUxzSP68MMVRZvPaHrHbwWD', 1643000), ('3C2gwtgAjt7LHJwjf7ZB9VSbkuUfbCDs4P', 146173), ('3Kj1Th1NNbgh3aBd5oPCDxexHhQkjmAiXy', 2862241), ('3MGzAc2kqaNdPZZkX5gZmDoymW2gSZ3t87', 2836118), ('3BC82dqi3fKJxg3LDQsRVAXk1CGxeFaKYH', 178807), ('3DRk1HeB1ixmSipn6iT2E8RRxrkyQdkmW4', 113293), ('3AkyhXLDd1ZwVFxERNoTkE1NZJ4uJUZpE8', 349826), ('3NGj3bFQfFyYqmn4yFuK6NtHaaxwa8KTRG', 896823), ('3JCCdZgzdGogosKb65pqAe8dPfrHnqN2CP', 769473), ('3MQXw6pQGCZeEDWP6NsGb8pakt2Y7TmVJX', 5000000), ('39QDDfgveKomGffYMYb4dE9nE5kxRHLB4f', 2483814), ('38BRkxA4Y5XQAt2xCR9VLyAXybZFm7L78n', 2926641), ('32x5gYkiFoK5KnfaXwwVUZ5m2mJk1DvbwZ', 1488981), ('3PxWr4XzuWDBzsizfBqmyLXqSEdo3PSwqw', 96986), ('3CRVgQWs51nsWdaY6LBkpuztd6PwAstnkQ', 285037), ('37m23gexgAD7Lj8oPfYtmoNRCn1zT1Co1W', 236869), ('38deBx9xBGtzQBBgkr9PhBBu6PFdWNRpA8', 1049777), ('36ZbkPnwNfaehkraCHptcUc6hivnuZq1UB', 4386583), ('39kYhVLnEgTpkhhUpCwER6a7JMJfPnBPan', 1626714), ('36wE5YsCYimHDbWJLsp9GNMnLvRqWKDMf8', 2392399), ('3FSBwvngd7YpKJJnxtF4S5SErTXhrxD5F2', 48798289), ('3FJQ8DuGhDx6faoiUb38nSykdtCWjJG8LP', 350000), ('3GCu5cVRwfyXZTPvsLXhT42JWTd3BnAwN5', 104659), ('3D8nwwLGEMCi4uNDf1CnCu6Poy6LBu8Jnj', 150487), ('3F8nV5qPRhhEPUWqDoDdNbPRRnokccy1zf', 727058), ('3PWxf6m1LSDpj19rkpuU4TjSx3eVeJxAEP', 124697), ('38WyERwZ7BS8LMRpRB43QGu857MgWrb1Ui', 1621354), ('3B9xf9h2t3o3uenrt74Ly4zfaV3KGVzYiX', 100435), ('37N24jrLSQ3kCvSDUwa7bs5hVbFGQUUBns', 2021773), ('32szFxFQU3ocGn6xoBvcoHMMCNqWCTspE5', 90000), ('3AaCvWXzxZVuPeUN8PWTS6CfcrPUEp1zWq', 117671), ('386HV7skJaRdH7kCfvjFF8BJEsB7G4HMLd', 105602), ('3BvEXbgB8awDtVin4FkuSzpGTfCnnAxLou', 3962901), ('3ESMYFZ5dChfGFZ4N8jnfxjAfMjQnxThKC', 499000), ('34DHMQ7udTtFgHA4Zx7nygbJHqcUjxx5qP', 148445000), ('37HXLzcAy5gA6utsMH2iDDDjizQXGgXmHZ', 3862104), ('32Rj944aKZABybABZnRWTBdeoAxFhcJiR9', 338511), ('3NohUkLEcq9HqJFnKZ5R41NFYg25YTgb4o', 156375), ('3ByvdeAj4WnC2mpLCtqngDzekKNfaEaCR6', 1519241), ('3Nthc1pxDWPt8ko1rSjEXmacMJqJCHgUHq', 951170), ('346aEU8CDT36q2GqPi5Cf1JAwerd1V545r', 20000000), ('361vXeXMSTvVYMvSa3Se6St2sf6yp2cZCh', 749242), ('34igK5vQrCgWpYSyszfz9jsmfWGUYrxMD8', 1431020), ('3PiCvnSYx96dPAKa2T2kCCoppuySRfPM8x', 319948), ('3QjfVA35dc3VaC8yKxJsNhWb4XHJNfCFhT', 2935901), ('38GdF5T3RiVsQXEa5BsroTtc3URAT6Mmdz', 657325), ('3E6ZPWm63AU2sbg8Lo1RVbg8j7fpXzZXdp', 100439), ('3JJc26TQH7K3hfDW27xL74TwcRWfLTptmG', 223216), ('3EAehuuMuE362k16vMjvrA4PmM6aGH5p9A', 1500000), ('31pXAbcFCv2MpwdNDeYGfh5dRN8WvNNc97', 110557), ('3BeVk5aHkuNE9XEEwGyijakeiyn9TFdwBM', 150000), ('3JiAE96EjBVPwqAuiTwR8taW38WTVCdaFS', 279908), ('35GZJukjcwW79AS6ASG7Qx8ocvyb77XvTT', 268713), ('39S1BWhZnpD5rTg7anYmXXziXnTmph6cFJ', 142410), ('3EwsBEzXyXyvw1GZwGYgbjQrRjeFNreU4t', 1500000), ('3ByvdeAj4WnC2mpLCtqngDzekKNfaEaCR6', 969150), ('39HwWhRGh3eesuRGvqPvE54YaeXdsTMz9Z', 50000000), ('33N4Bm1AmJGbNSvw2YJ9ewj7qjB5PfgUEj', 851577), ('3JrbGBNfNdPAQjhTCyX2SnWzSnkZ2PTfpK', 85074), ('3BoSvLdmf5LyGnyXkXKKp3BbAfsJs3T9ZC', 415353), ('36E3yWAcY1f5AU22RFNdhC5tziAkw3GBri', 143146), ('38SmLcxdxsHbR3btXbYACh4gaoE3n2b5bf', 194000), ('3DNZcvaBcsrQxJ5Gi9nFRXZt5eK9PoggG8', 145291), ('3J35BqSPmYoTQex6heMYUFcUZTXP3wHoeX', 1150000), ('3JxCwTYFpGo7GFzcJQ688PTpaXftJKCS1u', 8799100), ('3GxgJexKJWVHFHCRddNB5YR2XZVWhQ6vCD', 1489277), ('385o3ftwjSqKzahPQzF8YeeZnsoBJmn4gq', 140153), ('33UWN3r8scZh123ggKKNKCLW4KjHBkmg84', 3960000), ('3FtaDAVazuMikZNEbF723jq7az6gVcLbru', 178971), ('33b6S58629kfHodu82guuoBNbYxrfzNXdN', 66694), ('3KCYfj3vPdLtWMkNTiwNMrx4ETM7jS7QmQ', 740141), ('3L5ZehdViYkPL6Ee4W1MKBsBE5J1DGDaNj', 314618294), ('3LR1sr2LE1iJ9bauETuaUS8coU2GJiaqDn', 326845), ('3QaWKD5456nLoZARftAWkj9RAGLhtNXW7o', 3030925), ('37tz592gf5JeMb2QbZsVarLwJZQhWTQGwM', 2386635), ('3MQXw6pQGCZeEDWP6NsGb8pakt2Y7TmVJX', 600000), ('3R1f2g7VvsDKnkmpiJkC1V4qLT9vvbqNoP', 3019105), ('33G8nySheUQP3Lds8z21Ux9Z2jGyZzXfqs', 3106567), ('3Q7U6AzRiuKJ6austHo9yexHNv57eZweYN', 1800000), ('31qgUa1wmHhe8pYhUVNNjAB22HjzkXDcDu', 404961), ('33e4iMbdT8Yknu2UGRPvBFyxKX6FG2xrr8', 153116), ('3BwAbYHXM6cNUp1L18jg3R9gw9VnZTCwwU', 2901770), ('3Cu35TWmXcdjoaxGa3q5PBqtZvPzENBaBN', 330970), ('31t7tqcZjTmv7zLc6GHvibwyQcNRmPVjzW', 878905), ('3NpSFNS4i9XGnsJoa4ZWF4aLiVKKqifBvb', 296796), ('3KLhQRwYUFeccc1NUXNQ8c7Aci1naAu7Lm', 3183880), ('34xMn7ooGWPhiigCNuFShy171V3gSBmeJj', 88264), ('3H4bY6PwXkvCm2HHS27YMcYEjop5jf8sVv', 208229), ('3AeQ2gT6cCZUwSx56GXCffmsVAxXPcsjWa', 147243), ('3AsPznqzFK3ihpy9oPGDtenqNcxHFi5aQe', 88718), ('3J8r5p1sX8ak6RLwvzJ7FHHA8Dh4Zke6ac', 291066), ('3GTmoek7EAhTJjSBBtWF9vVTbcqvF8fnUS', 1848564), ('33xrzjnBTdeC6seZQmQR4vBBT7MJEupXaa', 536180), ('3HM5VmDQkEeUzaoMhpt3PiyYNF9qgihGa1', 312717), ('346F69MNxr7W23j5wvuo2yAPAibNnPgbXZ', 923788), ('33ft1s31L7e3BujdLMUZ9bwMJF8wtt27FW', 97110), ('34EaWYnr3DnqjWVkcCfmAMVXTpR1HkdTsf', 265686), ('3JP26yKM2tM8z32qzgDswZKhHpiptArh5D', 1675583), ('3J4eKqCFo91Eh64QisSLqbBrBdh6KcUYiU', 267418), ('3BBgBe56cgiof6B6k1bRXBrgXMsnMDi4Zb', 142330), ('3BUwc2UmAVsDYtDaQkchZnBCsEbThyN3iE', 2202698), ('3FHzRqQshUcEKrdEx2DyZrkw39AHLeAQPQ', 5837867), ('3Ch1VF2kcypxcz7jFpGErVWu3uuv7gke3S', 1943435), ('3FT39bQepbasLdEVcwVSXko1t9QxTyM31T', 2371682), ('3LvSrcfnqcGFARPic9BB3WSjboCdptJjZf', 2851518), ('3QDf3pnn7mbxLM2ezqzuLhWn8LPKKN586f', 436705), ('3Jptpbw5rKhV8rVUVbLmstLSSkPpLDhxBp', 194507), ('3G613fZoN6Tuwrh8AycMCiQR8HnHCrZWkQ', 634099), ('36xqt97XZkUkf48mAsb35wDWCTm8qsuFuJ', 187125), ('37AsPJcmGD34vyCU7v1kjUdnmWidixA9Ht', 706721), ('3PgtwKaqh2WVy5rFHgnjReUojKr7363kHr', 252486), ('39FDpjzWauqBRiPSGSF6gZjNFoR56fe5jj', 970889), ('3H9qVzX71q9AcQtiVSxA7BpWeo1iffBajy', 141735), ('37rodhZ2U96fsxhjAoMufCAkERqHjhhTuh', 700000), ('3KcX3PW6KmBrwMQwqMLNJQkS4sQ5MXiR3i', 710541), ('3Da31gtLCvWt9ZCBY25UUvcJXxx2CLS7Ro', 8978293), ('3DqFq5jDA6N2B8n92Qt4arB51BkTkCFLTg', 536000), ('3Ec2BRSUsNLQCqWH9NJxbztAsHkdEJqckm', 1609483), ('3Gw5N1oNDdgD7jkLWnXHqidNRRC9FKV9Rd', 694124), ('3MqCdWGosFYs4nKTr3hdGbMbX2HH4xezJn', 1408373), ('3PssHvXCUAEjmBBEtKq1dhXNaTHXX6yTbu', 5118213), ('3F9mrJnUYTYF9eRL9GFZyhm3popdrvGiab', 164465), ('33KswGHR1ghp34Kn1VXVrAX5ktd97YPKeu', 404464), ('3D1PSzPhPR8ffQv22zHN1ormMCrGobqKuV', 580000), ('3HQQZVY5uzWxnE8sMNSBNSFnWKZ3qhWxfH', 82099), ('3JWkxpgTBfRY9RZLkEJ46xqi1CDTrn6CLx', 2348503), ('3NbhcPEb4D1gZhq9jXqFq8D9qAYT8vxZoS', 174902), ('3HrNybskbhmBFXsM2L2Lph552xYv3WKTFf', 291460), ('3EfYVcqWPA5b6ZPk2mQ9BzNWbaiDr18mB2', 216060), ('37DWMsceH7h38hi7zXGE8jxeTJPcKAZvoE', 235465), ('3PK5551N3B5uKJZWYUPJHhEzGnCATadMaY', 91735), ('349rdb4DByU46yn6FvoyrTSee1V2fKvwaq', 426911), ('35vkBwpycaCmNHPgZkk6wJufNowNbHffrx', 1543557), ('3Nq7ASUkpRY1BJ1qD3hvkrEusqChRPB8gd', 283136), ('36Dtcj5HZUrAonFZZxXAB4cfCmtXV9aiPS', 611102), ('398Ui9TzjPvDwzZ8UmF2NbYqgHZzGs8NMt', 148998), ('3CmECnHFZmXhhvbZ3Dnxt4ESEYZzPwXJ1y', 2658042), ('3FvRhx6upsDeXmWUTP4JBE1S6QiJrGhfuj', 4999242), ('3FbKT3dQYEQYuUsbMZjBR31ngbWH5uL12q', 1022141), ('3Kez38TYh3Cke8ydXtJZv5ZgaLxUxWmes2', 1843656), ('3PU3s9hoi4ZkAqhkCWPf6gvnS7xyA1bNqq', 762880), ('38hA7GaEdn8Tr6ErhA6AAj2saVUJ8jroC4', 109175), ('36vQ5gPDfuhxHVZMnCwpAG9Fut5C8EKVus', 1215168), ('32oLw7REsuNSz9hdVEuUKWHsR6jRJusjKq', 1177061), ('32X2c4GWwdhzLN8Yw19dZJc1Cdukou763A', 2941164), ('34ZLt9n1K7kKPma49RxyCcuNzWxUYDQo5P', 276965), ('38DQEFMQhQjYnHU3LGrH2aZgwrZTFXwXqP', 313160), ('33RnveAGTFyK7oNBrJQ99UL6t2cSkzTFgL', 3625172), ('34nMghDpfbbTEpdY33rVFEVHD8WUhND4Dy', 1326160), ('3MMcwTcDSnp19XR9P8geFbxKWJaYktZDTF', 731466), ('32WL47nVTztgiVoFigUWw7CtCavnWNoon8', 146012), ('39Ptt4L3XBdbBX7RWpeinAwFSKZANWcKYk', 68752), ('3GQszdmY9aYmgvnAGvLHNBGFo34N1EbCVy', 729780), ('3QcWQmbowZ6HCmJ8RDafhu6ftMZAF8R29z', 1250691), ('39HwWhRGh3eesuRGvqPvE54YaeXdsTMz9Z', 50000000), ('36iZN3nRruAVQmccHXkFnCxZbGLTrZhLWe', 211126), ('3C2oc94CnLtwftapzcqAaiCtJXzyggzVnU', 263542), ('32guNJqV6Jchi4tmDqnQYTp8MuumjA9tMK', 290000), ('3NdkACUxqmuMFWPAyQTtB84iCX4qof6yHf', 154180), ('3R1DAAtWEqRUkBFV5iQwMZXXKpWtnP73ja', 1347895), ('36iZN3nRruAVQmccHXkFnCxZbGLTrZhLWe', 1263336), ('34rWybzewdrKjFnxsLpk3cLwMgq6FFvz4w', 50796), ('3GpfEjuk3sPF74xEDqtfaZ1Qx9m7E6Wui1', 5334645), ('3GETEc63EkqbH7y6zq5hi31fVB3PVmQZGL', 305099), ('32xFesq7wAyWXMZ6tiuEXnzvKjkAmrLGKF', 1426677), ('34o3fJwPc3zftsgS4v4yVyrh3WgLUV9oi7', 1038632), ('39QQrhJ8r3iX6GzRyzbVGcLis818RS1Nkh', 539543), ('3NEP7MXcbLHrxuF6duaZoQ5x5vhx1YuZeu', 131890), ('3JYQm4wVwFYMAR2np5eZXS7Q15d6ck9edc', 18879885), ('36pGFUeEWRVnhHYLNA3giViz6A8xDiNnbQ', 895799), ('3HWDy1wDGXuGNyds3UhKgsEkYrLvazBy9P', 284142), ('3H8L5uw2vCTLXe8JVRsxHey8zteV9bpmZp', 768480), ('38kG7mMVmp6h6ZmazezWUdygSywUCAmV2r', 677371), ('3NUXHCLYWEsnzDYMGKm9KHgP6cwvb521W4', 352420)]","[('bc1qx65xcxz6dfsge2g4eaerercslh83y66wrpm79r', 1293076405), ('bc1qx65xcxz6dfsge2g4eaerercslh83y66wrpm79r', 1048)]"
21,f3a1fe0b509596171abf64365ec696fbc09b5aa68a49a5797153ed5c72659a67,2021-06-08 22:44:51,"[('3Cu35TWmXcdjoaxGa3q5PBqtZvPzENBaBN', 330859), ('3A9AoLP28VjWQUKsbJHkD8NVGrTQTuS8nP', 49495918), ('3PtEX1yGKeKM3RNxWq479FhihLKvpV7ntd', 873682), ('3Q84GJTJ6m8KJWpLi6VnNJDVSin2ZuKXLi', 840537), ('3B3WDz4nuMKqtBqK7iPjZKMUgmnfwFKnsE', 18270), ('3BVat7WCocxa3JgZzMpGq79PZk5a56DiVc', 1228100), ('3M6hG4Cf9CnJDNyKR6Wygspn1SV5ZGZSqW', 14368771), ('34m3EuzN69mbKHPsqKqrv2wCSPqRNSs92B', 2909300), ('33NJTjf3ggeH3wKbrhhtWTvE3pXA2axHxB', 2528750), ('3DqDtD3czxDv5auGtdv1Q674Es4fhUJSAz', 143556), ('3Gm9QvkWJeRACPgr3EWAtNCe3JAikPsd2s', 574225), ('31xq7ZsJrHcAmkJgv8UGCWemrxDcQFF4TY', 2861866), ('334hSTRykDTFigCw9NMgajQyvFu5qFgvXM', 858560), ('3FiCcZPrqdQ2YkCgRj1CjRu5kHrvqfvjUu', 197061), ('3NoX21e9qzhjHDYpKxATm4YvN59y8qkism', 45035020), ('37xit3mJ1eaXckdNnWkTbZm12Fe1N3YYeW', 534002), ('386C5vBcLQARg83tYGRzXgtnK3jj7JFBDt', 3068838), ('38D7Jw27t5WeiEvQ6v2sDWDD8a4PinRL52', 744628), ('33kBJqjEv6r43LyYvEvQGzFpCvXAhYsLT3', 2994909), ('3AsPznqzFK3ihpy9oPGDtenqNcxHFi5aQe', 32740), ('3JXKL1m7LLtD7NXsXeGgeNRmUjreWyXp9a', 63341), ('32XCXC96nd32SiGsC9Zaazpt7k6QoFDUNQ', 871248), ('3PiF5xwkBUUyvSRZmjTJWudsB8xQ6T6z75', 1385662), ('3Gx2eFCwVYLvo8zaqwiXRsJyx4Pg39SCPL', 3543000), ('3A8wFscGqK5NUz5kzRUyuf37UasiZTAWmR', 316715107), ('33xWbmbAwmZwhTseEFBgQhN2utnUmNmcSw', 452258), ('3F6hPCZJoE1iYMQA8Mo3L58xjkSt9kwwq9', 145106), ('36TE6zpzHKNpvYUVrxCFDu8BsJjNL8ZJyV', 467551), ('34CcaD4JiXCGjwiArjDh3MNr6tuBbjJLva', 4413000), ('3DPd4v2sWqiqMpeH6raaCZYuv39d3o7csT', 1141402), ('3L1i3oiz9HEFAmooEFhENTeMiSZFf1X5Mp', 2718515), ('3NKGvriv3A7k74qedFf3DvSwy6rYBa4L1Y', 740000), ('32MpL4x8PrdbRcB1Q4qjsxKroPy9V28vos', 320227), ('3LSSVKzkWqw1GkdmmudXAMTee3jpmyAMDN', 1318568), ('34g1vaX7EVeK8PbqeA3UUx827j1bEfNjoS', 60533), ('3CQEMYJTL32HtVhKr4hgXDiBXM35BPBKew', 949703), ('3Lcuyg6cDSF9BqVhCBzPRzmE35MFFAS6RG', 243000), ('32xckH5yNTzmsoYdyQBjQJtCUkkYDcDomV', 26455), ('34938ef57gWhnBQWy6Mwa7A2CPinHdXhWA', 2973919), ('37881q7P5Vw3cmDF4vWFxBG14YxC2xhovy', 59298), ('3Bf2Ue65F5qHYBBauFJHCWumLoVgYM6JJB', 834839), ('3GDp8caFneLKAAF3BVfVUPw2AC8NFdhATr', 895010), ('3EQgwLp8FCATLP6Hd2CxBwB61XWxCfBoyv', 377784), ('3NmVVenzTJUASjx3mPsiJckUSHcZsTipkq', 1523818), ('38zunPdxRLboSqCXmSUR6k6y17vQQmK2gf', 200000000), ('3FZkPGVjzphafpsvNPnSEvLc4WB6svxrpF', 30468684), ('3NQ2LBSQ7PcmhzoGYgNUPTbxKJo2VcmaAT', 1400000), ('3DURQKeB8c8qMynYfoTRKthQoSo4yKtWPi', 8669198), ('3BGtG7w6uMMM1Xmobqkb4xDVcsirfDHU9h', 4130989), ('3FuDLRhZTQ9a1PexUVHG2xrjibxtDSYBWj', 145027), ('3G1ov3nUXTfxE8W6Nf9bjHddnvUHni1fVT', 1188404), ('3J3x5bxMo34DfgxED13H29egVZz2pAbu8n', 603673), ('3FRQDwo66CVqrfDcJqAVAgdatM3PSwBSnq', 81409), ('3A1JkMyAa5PKnr6ay5ZNQR8AEwUZe87HH5', 100000000), ('38XKgn3PrZChck4Ux53LRQb3ATH6euLBGL', 200000000), ('3QhLu7KqaNv1DiyQN7y7wNX8XA4xJ3fkvq', 3182373), ('3DJQXJmVaiowusJeHzCuoeNVAyPLpTv76s', 455390), ('3LkLgWZuFWex3iah7uLGFphC3BoprZ6am5', 2646204), ('3KYs6UfCLww32DUSXPrkgSHgGLCQoHbNkk', 148647), ('3MayCzBEY9JHhjEhcDNt4j8GYMU9dddsro', 146835), ('34uoWjsxKKEjJ1SZhEU1DfYEUPocYfLw28', 297701), ('33LGVerb934zTsy9s7KxftYbD5t6chSz2H', 148824), ('3K66Zh3RLmEUJ6aQHzLraKNojkW5wWRLu2', 742141), ('33vQ3Eja1JJM4zsWaVKgCuUXgJXRsZjfbG', 17679792), ('3H4bY6PwXkvCm2HHS27YMcYEjop5jf8sVv', 100745), ('3DZi4oSkSEoL3Xz4DkQdTXc5kogkSmpX28', 8537400), ('3F3f9jkHDALuqVbe4gZmcxyovg1Ztj6Vim', 145481), ('3HEfvhz62WUWaeXpNeABjLWdNV1Yqbo8ab', 101467), ('34513F5MFo4RRKTLKRwNZUDqMFsmFzrHxw', 905613), ('3AMYYorGVnKJo5BuRuc2EbmxhzF1x5Mw7g', 598740), ('3EQ7HypsxwsM9gR5UA69VPAz4eAwExPiqH', 2000000), ('3NVpcetoPt37pkdinhUd1TiZdh5cNLhFtq', 283331), ('3629FTRWscC9KmAsVvG1KNmKLxn2moymwb', 14950000), ('32szFxFQU3ocGn6xoBvcoHMMCNqWCTspE5', 30000), ('3GgXCwKiTgynpfcrNUGHxTBkqr81xEdbG2', 100000), ('3Md1bJxpw6xk8HpvsPWrPvrKmaQEiL8rFq', 226663), ('3N8uw7YV87eyaSaaZrq86nmL4DWRWBgcR5', 173759), ('3EYsSC8H8BBwEynTvUUpK4GXbeeeCohytY', 121580), ('3Lw24s9mG7jETzb6AGEfj3im4kGLosSANT', 700910), ('3CbjVJWDPTqB6tCT93ed4QLnHbjHFWQR9B', 913777), ('383Lw29Q7cNEVRq3dYvbewPphfMQRZH94w', 9500), ('3G3raLneo6rcaZ512QZuEUD79bfGreis2H', 1421699), ('38f9RuEdg8yhxEZoxzgG1PhBS1nx3PkcCS', 3024907), ('3359K7K3MRKxeZEiWBZgaLYwHoYCswUANS', 38023), ('3BFCZ6UJy3FHSCkH2pjTQcvbjRCGo39g1u', 4470381), ('3JXbsEKaS6U6oP1brkzqxGTW3mGKWb9s27', 88651), ('3LvSrcfnqcGFARPic9BB3WSjboCdptJjZf', 1415539), ('3LMZU5c9LqNUnQN2HGkefWrHhkkmG1kURa', 118201), ('3ND77Ujsdv1kNxED3Ba3aWzhPyCsRfSY69', 500000), ('3DhqSr1skN3H5MJnmpcXWP4H7m1UC95J2X', 2948722), ('334dJUiGsqdD5pv1DJaQd9XLx7Yja9F8zg', 282925), ('3PZ75n5gYb4USZFadCinEvXGaViSu3VXQL', 2955869), ('3772vVHhbV9pUhqakkSmtLeuwRzmtfx1oE', 726887), ('3GC91uB3pMPW5h7voMAcNCstKqzYEMPzDi', 740947), ('3Gji7mrRgCFeiBgXLB8XrfEGK2JSawnPSt', 2043000), ('3MeqgHGP7FLxHFBYwbGGhrJn111KSTzGB2', 368209), ('34Q9e3ZCaGUFpZ7r5KZYcvE44g39DMkeVs', 6581409), ('3NLoodMCw1QvmX2xZmwYU6FkisSDiuRL7x', 1154180), ('3M3XCFCBnEAn7CqoGxokXwtRaJprHaqZNT', 290637), ('3Fi5UdSrcUdd7kLz1uCyo7ifveTdjwya7h', 291631)]","[('bc1qx65xcxz6dfsge2g4eaerercslh83y66wrpm79r', 9806465), ('bc1qx65xcxz6dfsge2g4eaerercslh83y66wrpm79r', 1093375010)]"
22,13f5f255e0f01cc679b7b41711490a0a8e185d4a9216c58f945ba69d607def12,2021-06-08 20:21:09,"[('3FDvT95fJQe684maGR54o5hDyyxP2DU8rA', 1512000), ('38Xg6QHFecTHmf3Py2M4KpxBQbRyV61rPA', 358819), ('3MUEYy1mvScPqwBwscoa9hKSmJGUsQKC6p', 153778), ('3MWsPB8AvFcowZvXkpbB7D8vHLpJ8jVUgb', 10700), ('37dbaZ52gWkyjzaLrkTXWhaXDLDGj752a8', 3966138), ('39G53ng5tUoLt464rLWwpWwSo9zUwcYiCW', 897343), ('3CDiqh9A2mmdf3MDU4tnKyHL16suv1qd2j', 16900000), ('37881q7P5Vw3cmDF4vWFxBG14YxC2xhovy', 300000000), ('31mwygBi16fPgmUY8PyiTXqnz8Uxa1tqVd', 92000), ('3HHxzVWmtcUMXtWGfAVivXa7gNfJnVWEwE', 433711), ('32KC5TNBYZ8Nqh6agJXhp5umpg1QdjbxNo', 451647), ('33Q6WTA1SiVCZzgnpkCi8QZBj6Q6t7Vw41', 2837900), ('3568ASqwWhrXsLeRrwarYZxxwNEd4VZhZC', 10000), ('3CEMkJH7aUK43Dig2iWaYt6jgZvETdEWnj', 7614003), ('368QCwMf83TMYLcjRTF6MyZEXMN3mX9mxe', 322366), ('34ZLt9n1K7kKPma49RxyCcuNzWxUYDQo5P', 2029786), ('3BXxNAvDy6UuuzayGoyJkCimBB6mahicC8', 13339), ('31qFmg5aAopEoyToTZq27m38KenHerxJHw', 26614), ('34nMghDpfbbTEpdY33rVFEVHD8WUhND4Dy', 537160), ('3MkS3HeLZhWrE3fdCpCJFockDGVEpVycxb', 62873), ('3E73zN2cEzjcp78mENya58RFP5hNGyHprW', 37611), ('32ASoYaosPmxapmgt1vQHTXoAHeS7dnXtz', 963195), ('3DZhKXoHyjuHRWut7m1VhTpda4zxoCfL9V', 581152), ('3M82WMMMR6QYar9EzQ9rVqwaDevjG7pC8L', 212194), ('3F3f9jkHDALuqVbe4gZmcxyovg1Ztj6Vim', 299787), ('3HoRBhcSx1MnDdyeedUd65Ur5GGGjYGHCx', 2402543), ('35QkvV3YiPPjAYrg52HYDfousey4epjgzA', 56532), ('3A1BTtRgwb973cSVd1jq3dpujbhgcPwxmd', 298225), ('31mwygBi16fPgmUY8PyiTXqnz8Uxa1tqVd', 370000), ('3C9pJ44ho7Hnzth9vevxPgwJXBeacFDhwr', 2303023), ('3QkGtMREtncgcMYeoUtxtTL27Xd8pj4Gm8', 1176309), ('3B3XVravdbkuLWQAMjtVPZkMv8nuuVFAtb', 403481), ('33tHXNyimVM5ZPyEsxuDpgZU64BkCdrRBg', 302451), ('3FueorQvhCJtX9fRoVxAEt5CgwUBKJsS1j', 841170), ('3MBctfPqqMXfuVrVA4GhQR3Cw2so4Q9n58', 89137), ('3E2zeYCu9e75BiMRatZeaLET1ZaZm2cVQz', 1529366), ('34CBqJjF5UgSyZ1bBU6JauuPudDkTobxPE', 21272), ('3LbsNdDnmzrkSkuuEhszGURPuU2EiYDkV7', 526951), ('36gLR6sq2zTZmoWbZNLiDVuawQuFj99BbN', 215561), ('3MUEYy1mvScPqwBwscoa9hKSmJGUsQKC6p', 79390), ('37g8XQQ9kkFqna8bbKSaVuoZej1DvfS8h8', 22008), ('35jee1mph5CoJFc58EYQawtJxCJJC1DwH5', 461538), ('39EAMRLFLxe1GcAmEoJfqfXygtLDhVjhMN', 2022376), ('34Q98e8gGS9HakoNAikcHKRkq6etrQhHnA', 1000000), ('3CaB62DcRejDD85QXwQaHdEQLUqefM6DS7', 71258), ('3BCmmsWwJ5eN62f2pb3xQHkvsraAyCCDsD', 1537206), ('3EdcoEcW9PZiUJfj9S44E2iNM54RirCjX8', 3372098), ('3JLoCVxsqqe3qHeaKknsXpWCcmB5exLuV1', 200995), ('3CBsEx451jQhPhEUjwXaVgZtDjxMc6hBKZ', 11536), ('3Kk3KSKJKfd9RDcVypL3NoHiY7kfZDG8eq', 293940), ('38tMvt2wnAmskhsvCLdER7EEvRuDDeTdiA', 89156), ('34sJ1L1ZenMoxTkpzbbufMUnuEgjakxcZN', 77008), ('3BC6L71NwRWBDoEcWk8jiBABaccPbhxCVu', 4281851), ('38cLQoWHpBLeL2tYLugsTB5GK1qtT7kk8b', 70235), ('3EnA67Lh2D6rSXH6j1nqHtPZE254uuzNmM', 631164), ('3A3BhSnpALR5hscskUvYqmWVq1eb84GXb1', 102600), ('3E16tSJHPaxqMq85YAzKnFmk7K8Sk4A4vn', 1831843), ('39WyPkdsVPr7iDMuZpqnQQA7KFfY2unATS', 10759), ('39VzVjvYS3aNntBjzRERUkU9hKKsYCSWpo', 881939), ('3C6Hgs8u2RvPiGmiZhdHVwFxVW9fa45BG5', 599072), ('3DmHQKu9QsrmfdZJaKSMgxFq9QBkyNUtZe', 305417), ('3CNNePcNayFBSsV4S1P9G9PtH2fcou9tLc', 306976), ('3GkiGtcWDX6h4NWTfef7be4JEuvVG36AbQ', 1527695), ('3DrdfDiedL1T1Wq4e7HgAwCfjE3AncgzJx', 24022180), ('38UkNDbLK8XQpRGUmDYr8wUeZMFkfFCtMR', 3000000), ('3BR2iwGsUgcA66PkxzGiMvCgjdNKk1az8t', 815000), ('39AazK3RBT9ognDW9j87PCiXVe3fMhm4SL', 70000), ('3QGgQqqBSMGdqbcArRC1hGAnDa992iQZdc', 412059), ('3H2hvDWp9UncLmuzT6FHExsmx85JGWMQhu', 213543), ('36Eaf2wepiGA6KZgdDZ4RQdoYh77Ln39Et', 41639), ('3EbbX7x3bpPgFK7BdXBK7Vtf8xp67boQWn', 6048686), ('37iuCT4XEncZjTydYNA5Wnx4tsRvUNvVeG', 1294814), ('33gVBkUnEpM4Rk5KsG1VBa6LhQJ91pUkYA', 610460), ('37nCtVoi1ZLhSRVbHLmPudtLQoqUwYVHbX', 584973), ('3GmZKtMHXnCobyZyjXYQLwfqnoqoxwM7Vj', 302186), ('37zxCMiGt3KA21xg7YnNGbJE6YjxVtV24t', 1844889), ('3GHHhjW3w7xsjY1T6kXTKBrfDNkuvd4Mo4', 9402650), ('38WyERwZ7BS8LMRpRB43QGu857MgWrb1Ui', 2666523), ('3GJ3d19GPLsSucyNNqFY4UsFPnDbB8Ywxp', 700000), ('3JLoCVxsqqe3qHeaKknsXpWCcmB5exLuV1', 89179), ('3Jsy8daC2QgKswKX7W3GwbNA5nzE2groVx', 1467100), ('32sCGnscW6qjY9A8kJQGv2ue11ncfeA2gE', 138270), ('3CnFCqc1iEUbW6uCxT2hp2g2g1ctfzH8Dz', 274874), ('3GMPFJvXezdz33Env97VbEfzJ5btFcfxVX', 167000), ('3GXsoigqdMeJADtyFABEKjBDmaZNvXuZfH', 100272), ('3JMyG7cAX2q1R7YtbD1YHaNL5xeb2tps9o', 700000)]","[('bc1qx65xcxz6dfsge2g4eaerercslh83y66wrpm79r', 415614494), ('bc1qx65xcxz6dfsge2g4eaerercslh83y66wrpm79r', 9833473)]"
23,b695d06fab7e847a610810125a20ac5def700753769e550e97ec5c94ede391ee,2021-06-01 02:11:29,"[('3CsJY5xwF7HKfB4aQRtKFRtp9y3xEBn5g7', 526446), ('3ANjq8NrepjhSSo2juFpAwXHsTDtPKdu2q', 1314212), ('3MhAgb22KPPJfJtbX4QXyXsaf8F47BFYiU', 531056), ('36cVxYr7ogXfMzS73HpHTd4Ui23NSny5EV', 20000000), ('3Anmjf6TfSH88rwX2J8JTpeNusjdnEMin5', 2416766), ('3GpMM7sZQm8zX8ZqSpgzgXU6a4aYqofW5C', 13190000), ('3KJY3egbjeN31mNcBWKqFdWYJLMADgADMP', 1044284), ('3Nqx1aVUot4x5LvoJUuENJYUxENLLPm5ec', 12475), ('36uFk1rU15r2sgvpsBhSDpwx1wDy5TPKi5', 603542), ('36dwr7gtkGddF1Dmht725ULBp7zPqTJXmN', 7608052), ('3CwZen4ZsWHxYowqgro3ipvFEc9R6dNH45', 531307), ('3FVtBXnhNVdqZSFR9Net1yuGs1jmUdXG2f', 101254), ('3BrhMSvbGh1uC9tLZHw3ZGn7oKbTGCJA77', 156689), ('38um3H6USdwqp5xnQ7Pfmxx9wbX23JxxWz', 16940000), ('3FizrLCwT2xi5B6D2NjcZiA5B91U1rA88a', 3927096), ('3CnAAzQv1L3K4NFXwa3RwwC9SPmG3XNbxJ', 521204), ('3EgAJTkffT8ugvf3jCRHkP1qC7sK2Gu43X', 679164), ('38JsdsVnsWCfWu475gwxc9akhmma98TqYV', 186272), ('32XuvfZs9cgi6vfXDVPqQc6A7d6hR22Eiu', 1298375), ('3JJ4orwbDVZ79P47wqZi26wubReZAWKivo', 1369318), ('3CtMZGR1iwno4pC2hy5amMHD2NZCw1ZGB9', 454586), ('3Bz5hFji7rZQMHgfhSQJG8oPJxJ3DcnJ8K', 3908033), ('37JJaSxAfWUAT9oWJ52psxPTxsjDobXQdd', 258166), ('38bZCQ2AR8N4DRzzNpfnUkzMzZimLwgkS7', 108670), ('39FHgXh1u2sT3C13rcoQkhZgqvwbFwVQzC', 2005058), ('3KYCQN3dhcnSVnFo5rcoyspYnca81xYSgw', 48501), ('3MYiCXYhsUvv9SzvynMHo36T92dvQBrcKQ', 100879), ('3LWbTomPFb9EeeLYVNrpiPV12s4TgMUb5e', 354775), ('36SDWXd6J2YV7uqehzteN4B4LAzNEFD9cc', 261762), ('3FpdrbhD4MhNeWvMK84xtmzu9sHLFCqfVd', 149316), ('373b7B1HUkFnFKBb1m5ZK7kAr9aSaAeocw', 8907635), ('34amvW9CmwdS7rxPm76nsqTkUWCANyxc9G', 66648), ('39KhK2q9xLXv9SFfUfoV4YqBVFQMDzn6J3', 2926900), ('35v9ZnRfBSzFjie524EPJF4H3iDitJE4Xg', 29984364), ('3CNoXG2qQgMmVHfoxQobgHu8i91LFMEEAm', 547), ('34mqbh9Rk3YaeE4hKooKZtGJY33hGNnbAN', 547), ('3B1mGghGwfFCzj7xvjNoCrciroC4XNPpo1', 1284509), ('39Ata65LqwFhEAm725mSPBwJD9VTeVmZ1W', 2474383), ('36QdLNbZv2U2ADwbb7uKp8Ja94Bu324aJH', 297094), ('39Ro5i7gcKevWnomU3AmtBAwAZkg5jpTvs', 9163334), ('39fjWajCgDUdskmrzbN6YkSNg5c5DhpEaJ', 253865), ('3BaVSXBuSTakperC9DkbdBuSPxiQiNNKXS', 98497), ('3MPEw7t36z5e6c7JWnA47ztpbAUKNrtDdk', 3315000), ('3APV4rbN7cgZZcFV8XfbV8BbXzxzWJZV1P', 126033), ('3FrgPt6Sj768Jw2r2nGogYWqKHhWwCXgQa', 3824891), ('3JAD7194nqhWBzji4yFKGh2VkCxKkUowUM', 265818), ('bc1q39a5436u428kuzyk4xd80rhux9fymh9apamdzs', 267843), ('38D3PTy3UWXaYFRmZnd7CfSh973eVqydiu', 619400), ('3AYMphe8vVP4dkFVta3JKKEzrCftmwnXfr', 156899), ('3AD4HcCgEXoLb4B8pDLZGA5Lfom7CczMfd', 251941), ('33Ra6D1QGwHwsggKoknJ1uRZUXVhNnBQDA', 1568105), ('3EN3coZHx6pxoiiMRrzAb5xvW96XtyRaMQ', 803437), ('3MninGHfaho4dwECWkgW4HUG58S7YTHMrs', 13357556), ('3KzKNZsETEasUzUjL7dM1UTMTASWHBSjTn', 52965), ('37dBGGkneWoZgR942uHq3U56SVk6Dp7gMj', 1265580), ('36XFCcFJSJwZdVZevhLoydMY26pMpuNZTQ', 970239), ('3CdUtKZCk4QheXhCaGCL9zaR6spv8X5Lcc', 10000000), ('3JGVvd967hnG3MGHwoDcQbVaima6eNxPGa', 1517099), ('3Fcqi3cVMAmxkTopY29wibusAAPFFMCoKu', 2629799), ('3QMzSHpcg1RLtzTjdv9E9mTCqyfY14f1sk', 101607), ('3HEMn1kmHkaMJ4ioS3Qv4qDrTajzYGeiZM', 74300), ('35wRiJgLEFCoEDDpYAznc8XToGZugs2f1v', 626985), ('3JrZ9HktrPd1WncN7qPe2RPfqH7PZRa32x', 1305992), ('3AMF5qs4n1pfm1dpBty574YpquUDMyhVgx', 214513), ('3QcQwkvvEYLxJyGtskfY9ZqUcL4u1CuJcK', 2647738), ('3NW1hfAepsMmAQ4hgdYJGVgSyzcXKJz1y7', 20000000), ('3QpspBHPAYWzrkta3uqhy12xUAse2HLS7R', 5680000), ('39q8m4Ehsd2H2pxYvG96SfrHHaMr6vKZm5', 230270), ('3AS7uCUvqanvT1DJ6AeZbd6BQ87sKpXgmu', 60876), ('3L3NrmsQH8UZ9zjcnU5abfgvRghd5CtraL', 103310), ('3BkkLTxwzYwaYdQGggwXG3KM3yNT56sV7a', 87798), ('39Gyb6HmaBZCusgV3tSf4TiLZyoYZQiwwJ', 34491), ('357HsKh7M91L28GE4cNLTARYNnWDm85ZPM', 402801), ('3829AL1ZVyZXkJzS1iX717aBWJTG9BtDhq', 205355), ('3Qy5ivqn6vrt4c3ndFKeWCHGCW7CKW9KsQ', 2780699), ('3Db641tXymyZqdWweUBmwkBFq2Cv3P9Hq4', 2805101), ('3DZMmAUAX8ciJ2N2yXfnziFXshbGefFFW9', 77447), ('3L5XDpQsWQRCrtqkPA2mPLBUfdQLbchs95', 256589), ('3G22j9Ekr7t7p7aFmenaE8JnVKBU34Gzf9', 1500000), ('36A7v1fpfEqdxrvWnHG2JwkELKJCJfCRzJ', 154343), ('3MJdRtvQvAZQj9rCefGqyp4nbNG3XQHuH9', 274127), ('3FcuNpW1UWCkVXnueqVN5FTo175qLCP2kb', 533076), ('39mscxzSENTY9GfNw63U6A4sDA1W5wh8WL', 325005), ('3ACymqFsiW4hyj4ZBpDfzkgT9Dj3mexwPg', 5000000), ('3Apfev1oGsmSDnB53CvDEoKcWJ7DHgmmSH', 2996500), ('37881q7P5Vw3cmDF4vWFxBG14YxC2xhovy', 132000000), ('3DHM7352WHiySpycZqAu7mYxY7fsD8XMJt', 1267482), ('39BuxtsQaY19L7JkS8n2usbGvKYzNHNeWJ', 529330), ('3AecuZapDgpz7emi6xp5ZwrJYxPcy6NRgr', 529064), ('3KcAJ4ZiYRYWYEVhTuKNHAAzj2FR5CUjPx', 2910056), ('333p1ynbkjuYmobq4YgPxPGmiyYhR8YeVE', 249272), ('3J8gDGSV78zyJF8MDXdz2Hf2G32WDHjqp2', 2541557), ('3CFyG7DH4HNwoU9WoccQpaewhBvpXrjgrS', 794), ('3MJdRtvQvAZQj9rCefGqyp4nbNG3XQHuH9', 275156), ('3NQ8rSm9sPTcnMWw9936zedbjyAvkkEa5B', 18500), ('3CniaUoUcHnq7zGQ3xkNzX74svoP1pgGHh', 3621799), ('3JET3uRAfKFpnLtBJJk4ig4xgfNukfzMjj', 1203553), ('3CgqfakfUPnDeESeB4e3FxgwveN1ohdpXw', 85801), ('39XuzF4tc6CrcwCzKEQ1pPr8ne1T1EdRf6', 199666), ('3Fjr2nmtzkDHxEcXbRijNnyrDrs75XsPGS', 274787)]","[('bc1qx65xcxz6dfsge2g4eaerercslh83y66wrpm79r', 361243926), ('bc1qx65xcxz6dfsge2g4eaerercslh83y66wrpm79r', 9511776)]"
24,358a39a6d5565934a3ba0319a0037523bf6ecbf240a8640d91656fcfd8e990db,2021-05-03 23:42:52,"[('38hgSovAbTCyToirqxwZQV56Bi1JgCRJex', 210600), ('33BxEs6PpbqdTmRBoDyBxdu9w6BiXUSsPU', 410000), ('3GXMAc3DH7eG1vr7PhL8de4FKG3kf4gZbR', 1754895), ('336tmyJCNjJ32aX91o8aGiyMtEaCBVfYki', 895148), ('33FdspPpYxi5aL6dP8Vh6ZgwGHMXa1RpdS', 1475426), ('35LMNos2quNoco4fsT3muegSguH2Q4LWFJ', 483666), ('3KRuCgywRbQ4DRLm3WG7FTBz8FBbdgqQYL', 468001), ('3B5UHbJ4oJwEG91zqEWNVe9yt6JA1QH8fc', 1761819), ('3AXF8z1moFgGKAcosow3D4ySDrCjYATSyB', 3304653), ('3C6XXqmmJQBptnZfDJWvaHDtXyLAhp2tqw', 601997), ('3Q9KLWM7mLgoepdD3CRGmG2qsUTPndxda5', 120000), ('3Kp7qQGZ5MVi78GRbiWhQnsu6FoJ8hts1J', 16621), ('31vqjHZBZXoUsgaDhrE3VR7ERcPkhMrqPi', 425091), ('3JszySrw4VYJnXqVZxKVJbmfRJ9fRQzJzu', 1000000), ('3MacQ1cfS4rHJYDVegKT4NHmF1FVxUYTPN', 16388940), ('39fzVi1bKT4gELHfjAjPXLq7TvdeZDVgJ4', 211357), ('362FyV1LT7Nvzp9K5X5EepDYRnztztFbv7', 600000), ('3LsUxBtoERXgVGTgcbyBafAiLCF88oxF8b', 18393647), ('3CiAEDqD2UihGdxfdCvdpvHm2HvHkhpLUr', 4364815), ('3MJxjDK98HrrXPHfgQUeESYcBAWwnNzQDZ', 1692500), ('36UUPMJ4GwRDPNy676tb2AuY1ZypQt3xLs', 1000483), ('3HSpykUpYjH48GiNTuqz2UxQ8AXWcNEpVa', 244904), ('3QpmrAcsBYGVNiHqrJPnyyDUVFumDy1UB3', 14318963), ('3LsfnwW8495GCP3ahCcEbyq1jRaoVzua2v', 132848), ('3NvcAprFxjPYguJD5GLQtzBAEfzSCLGxSi', 103365498), ('39KaVYcyjYSuiHNPtWwpATfywZkqTbuKr4', 341885), ('3BuQ42Lt3Wvuve2iapSVYi3ZHsxqbbTz2v', 167084), ('3Kps8ANSngZ7JmfFpJHq3ta74oHZPHJmnT', 1207000), ('3HQcbLy9NGaqK1z434yp2TUjN3wtFEpW1a', 1127), ('3My9Lu7xsYN58LdsWR3dRYKNHTNhdG6dyV', 5325000), ('32UagS9wfVddQCpF9eiFLKkJ49GUmH55cz', 288683), ('3PBoGoC2o9YcUuUFj29eoE8jS1HhWB9uN2', 541347), ('3Kpg7g5gSMnqKG3JrkNy6GuhnZmdgHJFpf', 1279576), ('3GFSpr7mCRnxhBUM1oo8eFA2hXosM6yzdT', 72300), ('3ACYpN4NwZZPYk7xhdDHLB9YSGzJiqyTcV', 189800), ('3MpqJpNMsP9MDq1voLsEtf9FAPF6Wzg2AH', 4745100), ('39rbNVPQwhGoVbvJwygPFuaUFy5wByt1Qu', 593071), ('3BgjKXrkikW2v66PrmCeDgLGAUyaeH8PMX', 74159739), ('3AgFwgQSRZE7xrQtdweyyukRDxZeKLanVK', 17547), ('34DabAbxsTtXFK4GHyz26G6pYBVbeYGT76', 877542), ('37EJLaC4dfXZJ1Evp9HZRKTZ3Ly2KHBwwU', 212316), ('33wT9V6pemiciZLMn1eEuH5Grrt35gfbBY', 37302), ('3Ch17aTYS7MemkxCP2SHw8xEhZMPanDrsC', 3487506), ('3DaReMV3zxYQdag7LNANLkUwrsSqaKRxx5', 2232835), ('3PqfYDUtbHscpx8w3yv7NDNPHWdwEmitwE', 2915800), ('32XgpqDCZFnreNDGRzFh9ymktDjJm9B9yR', 63861), ('3QjmNCYEF6nhcAwAjUgrsEb17cf9rW72vG', 3626089), ('3L1zdfxiiwoZ4SbBR2jzr9U2ith6PEkHC9', 74887), ('3DyCHZagQJaRDpBxUiwqMKYLRYqc9RP1eU', 101564), ('36kCHMHicoAGes6wFRpCDN6DyrBpzFD8pJ', 154445), ('3NhcaLYSuEr3gxQdjxBzgHbQfvhPMbHKCr', 188282), ('3QpjzKozuYpkRo6AECeseKaeTRCtEt5Poo', 204140), ('3NjEPZxNuYY8GAHG1LjapHRPwZXSc7ePmJ', 61840), ('3PYTzYsiy1ce22do7BvgEiPM9JTyYLwwQX', 468105), ('3P4bdXx8Cpum72CX7cZNMUAPFYhCbMKf1x', 7688216), ('3PfYBB9S1jkWU7n7tH2SCTCQuiEL6GAN3U', 101286), ('3A9oEHMDVFh5Xp56ifrFRmN8kr9RJqhgx4', 170681), ('38Huik3emd3FmcxQgnkkFq1zJzUgVRP26X', 831074), ('3BDyw24fYpV6sEt1w95vMEAkpqo8zd1oBD', 1970000), ('3N7zvJAzgNw96VtiYaPhfdB7jeBLV69RbC', 2795864), ('38KvstUxoTUPXFaQSoeqXAPmApJjmkGZC6', 102513), ('33HKSrkkZ23D9ogxZuixV6cvcxs9BGLPyw', 3411753), ('3Q8WS3WoDrMVoXXYUr5rXPPDDQtT8ajQ8n', 1680000), ('3KDm9mCqf99b2oBQtEvP2vFnAWYjrnSshk', 104346), ('3BRQCyNiDim7gAxfatmruFe4w9QwPWkbEd', 1173724), ('3QN7FYwPt21fvtqPUvjbwSwYh82WT3PiPH', 482790), ('3DLneKgtidcuPRXEntTuRmVJSi8iTKdgYD', 5900000), ('3EKaLqCUGkpMawgnXayN8DxefukW9AZUQ7', 4063011), ('3CiVaNmXopKdEMFatj9E9uByz1U9GrBJiw', 1000000), ('37881q7P5Vw3cmDF4vWFxBG14YxC2xhovy', 52925000), ('3BSCeE5Rj4cNQKginUipB1uhU7GzBP7ShG', 2503827), ('32a2zkeAG7PRrVddf4HxPLjMM5DryS9FpR', 187083), ('37QFFH69Naf8kuEmf6sxSHwByG9zKBUSEW', 70164), ('35SM2BVN8wSj4k7KrShivPVFXw84BCL6BP', 196355), ('3KDjMQzXqCPZWvVse1g9hu4gsJP1jSbFjT', 858912), ('3Lf1JyQG7hHARhGZsUyMteAgSBg66Revjv', 164663), ('31uUsCozYSuySyQsD76QBa9kamT3shzryK', 213766), ('3953rX5gF2atnbVKeFEgw8aqax6Rgx2cCm', 523505), ('3AboaEujVusu5fF39cSyPw4zXL4pthQdh5', 599995), ('3N1AeiUwE9NQRxStzzfpBu51dSMEeu5qxg', 261750), ('3G7W7s3JYWobcCophw7jejdcQ5m7WnmX4M', 127404), ('332GYurbyNnBmhx7rcdxRsqDZNoHWJ4AWw', 899964), ('3D6YZhbQS8hWjn544Ne5aY3gHfcXHEt5pS', 1500000), ('3GmPBKKhiyNSWKFwvsQNeEruPnCHAEsmPJ', 1044107), ('3Qg5Nt4Zaft1wfhWfMdpoLJLJhu84YhViK', 101886), ('3Hf7Ne9Mttx4vUVi38hv8Got7Pe9THCYUi', 1596813), ('37u7Z96Jb43LVCcNcVWtgTwrzNT7hQp6au', 100000), ('33upKaT9EdYoxN4rZjKb3MbC9RN46qyQsH', 101927), ('3GGe4fuGQNqKu1kMfdoXLd8tfQrKf92MDd', 202892), ('3AnNQ8QsEyYMAKkKAZmpDcp7bQXFWtsvUd', 1188000), ('3AWafhqTZBU1c3aQMYVzujLiN2VJG9t7ou', 2185651), ('3NLKutW6hwFwbwbgptAobXwrgPYN8gCQQS', 112253), ('3MFm8KFrweMEZz2e42ADzdN2BXBkmxSimp', 100220), ('3C1K7refV4xiHCfyHZYaPrcy7mNgKQEgjc', 432172), ('37b3bTre1M7iCH2Hhwxu6wT5gPSxBSfZQh', 426800), ('32pjibZxnAZKpbP9zcU9fxkwQ69RivShwj', 169857), ('3AMwV8GuhmUawuaW4UggA8iHm47fkPgqgt', 169867), ('3AbAxJLF3UVMpwQ2gp4s17QLGbk3sMugMe', 830113), ('3K6kT2YUsN8PMDAPbmhPnu5c2Bkdch58nN', 103830), ('3MwNWMEEUY3N6MvR64fJQjF8MVqDJMEVEg', 146386)]","[('bc1qx65xcxz6dfsge2g4eaerercslh83y66wrpm79r', 8757794), ('bc1qx65xcxz6dfsge2g4eaerercslh83y66wrpm79r', 368798065)]"
25,c8931e2fc53d3e514551855a9916982ffd5e65661c709adb731b4bae14454d47,2021-05-03 04:08:02,"[('34ZLt9n1K7kKPma49RxyCcuNzWxUYDQo5P', 17556084), ('34ZLt9n1K7kKPma49RxyCcuNzWxUYDQo5P', 1068103), ('34ZLt9n1K7kKPma49RxyCcuNzWxUYDQo5P', 866212), ('3KUQcSY1JFbpcvMP2b8sNyuqhVdCokoeLo', 1213444), ('35jzdhqHrAbRYfk2nDk4wPjZFc5XDo32Ub', 798713), ('37K3NxrccnV8ZCJ1BR7nP5cgFuzpCKs6Cb', 5950000), ('3QKprcnad48VdxsUxRcFB4wUxiBAREb831', 429567), ('35uMpmxpyQ1cX9p26V65zUGkbUG5QvMcAg', 1202), ('3HX7Asidto7RiX6dDgyi29F8ATWCDfcPAk', 1717840), ('3K7TgJBzR4ng4k5dFhy5gdMwLTkAAPLuDv', 120300), ('3KcX9cT1XAc333cGcZyY8ocxnt5iiSoVgX', 1716231), ('3LQGhGuYV1Km82KwQMEwwB98usKp4nvrBQ', 171752), ('31kqPceYidAfPmSvWioUfVy7HBjVRV4fpz', 825009), ('36Kez8FrLWUBpiCkibCaWxKArzLSJubXWR', 3391622), ('3585XktUjVwAJNmn5HR1WSs4CEejtyyTnZ', 105730), ('3JFhKyb14dMKLMm8gGMgzWyA5teShHA8tW', 3382478), ('34xGvUfKFy7acne76S4EmiT2XVocsHFtgH', 100000), ('3PNV8mrBV8VZxXmtXyfgXSbgNA4CLBGiia', 876969), ('3AWafhqTZBU1c3aQMYVzujLiN2VJG9t7ou', 1686773), ('36xxtkuurajJL5NQXf7hYSpiW5sGkt72A2', 368627), ('37881q7P5Vw3cmDF4vWFxBG14YxC2xhovy', 99000000), ('3E6UToSzmPUWGbEqRWBaP9wgKerLs79NTu', 10510000), ('3KXVnw5qKbrWzZ9HjbkFVhipR2QHUFnWdV', 738200), ('3C4NVtBQyVLyH3ztwdKJjsgv9TQFxD42UW', 944780), ('3Ayce4YfXf3s2v8VBiLk2cmmE77aGuA1Xv', 864193), ('38p6wNxEL7CH7PzaQfghyqMHDjTLNSEdR4', 169949), ('3LkLgWZuFWex3iah7uLGFphC3BoprZ6am5', 421004), ('36winPJPQ3HqAbesKoWM5wuhhhcjRFwofW', 2315932), ('3HzAJh4oGTwrxBkRN1uzbLn4zFYYmhdvnx', 450000), ('39Sp53Aiz753FBdFr7R6uoHK9CmaFyPrMp', 275940), ('3PeYCdBBDcBNw81mkQFPLvVYnYRpv6ZfF5', 627702), ('3Fi7VE7ppHDG4tggLRPhrAfFHMQBGBDztq', 417302), ('3AF9f97n9YJEeLdZQBqHzeN8pUh2UdF3ML', 171973), ('3Cb1nHgCw5e6CdBTVj24dRUdkyWbw7QjMs', 68805), ('3QefdoBBRzuLj6rDcLiG4QZTdxMg77KgiN', 909741), ('3GeNDhvSa37iKRD9YLN3eRAXM6APUBenor', 160860), ('37sHV3K3kaLdLuFjC7vCH9LBicQ8dWJ6QM', 172191), ('3CquhxzRbu7RUQaya7qqa71SX8m17qyou4', 499687), ('3K7k8u4E35vKnE5JyyuYGxMfJWpk7F6RwC', 171710), ('3NNSoB5RM7WV5mzPcHQLzvCcKc5ZCsSCiF', 120229), ('3G1Mn3KYqmEnYswS8dddG2zs5pdvH63A2m', 103067), ('3Dgg2YCspmucxrjP87AZNVvYdJ4VKmaAqm', 1717782), ('3KHT1jqbR8GgiPWLqm81fr5UYkKmWGe7pS', 102339010), ('35Sx5n2fUYjsz6RM8MTCnfwnyA5eJnzyf9', 158031), ('3HKuGKNd7nBxWxenaoLo8FBCsa6qmwvyav', 191854), ('3FMczed57r9rMbhX8X3EjmebiEc4Rur3bn', 839006), ('35TtBtYgKFPxQ8WEqBrPoSancxyTen3vgv', 343133), ('3NqMYKJ3pN8AdWZjFWMqCHgaCMrAQnCvri', 17171), ('32AKjnRbPvG5RDqfULwbFquCgQHfZcQ9Df', 85851), ('32BeHX7Gufyaitsz9LiPU3G2GoxXzKKm5X', 25200000), ('38WEeqCPNB7dgmZDYVQ7zQF9ukij6ZX3to', 8592837), ('3EekgjDyyjTVFBHG5EgokxVmG33zpjBvqW', 34376), ('3NUhFdopUTnqt3VmVrXQJAMf5CstJvx3by', 660000), ('32qcr1NEqjHg4J6KUDgP1gEwSsqtWyBhmd', 516339), ('36j4AqgasWWuQ6kPrrujrE9XkHWCovT44u', 94867), ('3Mi4mjqFR9xD1UfUvvH6ny7CZS4UALx3hv', 820461), ('38dSruKUQL7ux66AdpXcaqSVrWu8jeDtDM', 660000), ('3BJbbVDXxrnji3x6vGkHHCizfAQj18w6Mo', 42695696), ('3NycCAHR5AayZ3ukw4bPXRbi4F6BvH8UdM', 857832), ('3Gv47tnZjam3XTz8rjsArt5b36oGAW1k1B', 187668), ('34MuK1wmzVCBndcWgmoex5W8FD6jRQwiNz', 257393), ('322XrdVSiFX7nakpvf9vnWsLQipdvyGCFo', 483500), ('3Jjq8uHWhazR3Zwmnuuc6C2cZWujptvZrV', 23382), ('3JYus3quXzmCXBu2xrbMHhE5WP2zBqRGqu', 812776), ('38EsqpfH2HgU1EJyUz1QkcbbrAjH1gqwnE', 73036), ('376hVxokiNgvzhpL9nEySqqV6TnsPSncCy', 243756), ('34C141yoatfzmjhyvmP4xpfL9PE4Tj1Hw3', 8700000), ('3B3jcmHTCt2bHzhqBmK1re2uv5vACEDQtd', 1845257), ('3Pk6N1cSygMwkU7irviVi5CuyYrGMTbPJd', 167906), ('327kGKompmdSmrNkruU49FzZqx2pGiihvw', 1041904), ('3CdbxgPaYErnA7uvLCfURijmkpWy6S12Lf', 171652), ('38LSrkZiBDj6wmQPCXPkCX6cCChueiRmaP', 328065), ('3C8B8HHoG76E3qPkeSHYwVkP2aP1iVW95f', 320301), ('3BQM41ZxziP1g91ftLwmqZNvTBY7J1ueyS', 661000), ('3NmbNpgbLndpB1VHRCYfYyvpQa1yzPxezi', 65597000), ('3P8xmuZyXMszmcvKfpc1muz6n2nyRCeY1H', 479065), ('3ENFiafS66xCpbLbK4syQiPiUKtfa1jQBV', 83334), ('3QxvQ43Kj39aVApEr6Vt7HWiXFmaRtmbat', 151294), ('3FzyBFaMa3GZmeDzwENUer2uQZHB2NxksT', 4874224), ('3Atd7jNcFn1YaLnr2cRjgDhGB7vzRLDe1M', 168011), ('3E88pF2dUw8Z9wNTY7EJe4wBfrBWtrt4yy', 712218), ('34CcyC9VZJvDN1gnZxKxGZroxCdrkuF5qB', 100000), ('3P2mAxBbS57kb7f7ZnCjUgpHeBBbafEysj', 4873000), ('3FFXTrJ8MsHmxBFrL32ew76mrTWbbYXDv5', 4985000), ('3PEDWhiQcz9qDyqtSx9JY64F19zve9b3xk', 177375), ('3PXmHXxoUZYpaEPSVFWx68zDMAP923Vz7m', 860837), ('36yZmxf4VY25N7w55LTp2eCs2mpbUBzYRk', 1642158), ('3CyrRAJJGc8GjwrfXY11w74SNdK2uEnEQJ', 1147277), ('3FQoRUn1PDUPYSLRVAnSEydXSwRhZ2aQyC', 17301), ('3HwAf4mwuuDjeXtpZqGdfSURhgKRENho9v', 489088), ('3G7C3WPhApxksaVuqW7Zta7yaVj8m5rG6A', 5157890), ('34ZLt9n1K7kKPma49RxyCcuNzWxUYDQo5P', 12278838), ('34ZLt9n1K7kKPma49RxyCcuNzWxUYDQo5P', 93483), ('34ZLt9n1K7kKPma49RxyCcuNzWxUYDQo5P', 259238), ('3KBejYJQahupV9wh2zXd5eNHkZNWrTAKkt', 384701), ('3Na6z8Ft5UPZ3VcDw1cayhGFLju9Jai4xj', 510000), ('38WWs4AL6SgkMYqxt1A89jHjtqj8S6MmMo', 5151424), ('3NyBQj4gsxSVYWQBGnFpZuyvsLDMZkoTFn', 1716696), ('36nwi2VaVJZiSsT27j316bRAyLTXfzPegp', 12905865), ('3NWbJkCxCL95pgebRUthC5QjTDN1fqY9Yi', 841242)]","[('bc1qx65xcxz6dfsge2g4eaerercslh83y66wrpm79r', 8760053), ('bc1qx65xcxz6dfsge2g4eaerercslh83y66wrpm79r', 478258322)]"
