,tx_id,time,inputs,outputs
0,e49621685aced976742f3dc5947d4063dedd0e44129f4b666931caea33de0c53,2021-10-25 06:59:38,"[('3DfaPdD8txy6CLr46XnqwVB9PBPkAkLfLn', 187038), ('3HVnJ57mvupdtkA9xPFdhCUPLvndKFSsZW', 130697), ('3QwoNgDPTmxvaLzFUuKc9UUafFEvv2J1Rm', 114163), ('3HKpwTqyNEDu2iq6HViwMwn4cWSs8tsFZf', 107664), ('35uGyT7CQZxadR6kuiDhkZkjHkf4wanFC5', 111468), ('34WvcDgCjUABwbkTA9iCNrWqrQfq62s8ww', 149875), ('3J4J7uYK84kic2zowZxxzTfzysBxczD3mY', 102272), ('3PbdBmjzrk2nnxrdz7YrB4xWdF22psMySZ', 142476), ('34ds2NY4SsnvZxkAtj9mZdfgkJq6jr3WNV', 180392), ('3DS4bQNMrrWv9Lq1YamY5oDgGeV5vPxNbM', 111060), ('3PodFrWZp41GSwGAcuC5eXcH1Jncpm2wV2', 119358), ('35FfLm3BBqnZrCfnLVn66nUbXXShukAavx', 173052), ('3PEEm8fhzFdKFJBtyjmaEb66iYR4aGHE9s', 214049), ('3BAo32EzN7QttDivkLFrBJBi8h3vPp5cb7', 209288), ('32F4UESXzQLSCVTMbRh9x1xF7Gd7ykcHMg', 895631), ('39Pejo2FegcsfyUNkY6YmVEMjVec7oWYQJ', 183137), ('3AvMFKeFUMmHF46nfxEitRyPb87LJ1xeoZ', 115316), ('3GK55rzZKnmFJcnbeR5PDwqfkt3ziKUMAc', 112119), ('364SuMFubnmCXuuP23Ub4867PxVapnYYgi', 131506), ('3LXdGjJ4fyFx3Erhcpz4P6Nkv12qUygPTk', 110995), ('3NBypssr6s3hFA3FmqQXfE8m2h8wdWAgXd', 102945), ('33BR1JcgfhuQ3HxaZ3HEL843CRCYCmKSWG', 131301), ('3QbG8rReZj8HfSpY9uuUEv1SDiyf9Awyc4', 102292), ('3CCaNdcPbV8YGRd2NfZZMipmx4VztjpWnW', 219740), ('3QfT6iHkpNgRsrhGivVoBY1sQKjXSnjmiy', 168231), ('3LzFdNiaQqUFnEmtSsdWmNmXn5b8fm9aGU', 103057), ('32psV4vEZqUzjYZj31Adoa1ecRsLkJuaJE', 111274), ('3QY9S3QgogZYad1JAkqLy6eHkKnSFSiUKW', 134811), ('39xi7PuA43oV1AvLrGs8qgeQe9dL5fQexK', 118636), ('32tkoqdHoZL8vmFv7LqLXQZLDvQ1HhPqUW', 112529), ('31iHZvcdSiHbGpzkaQgTJ2pNjUU9xB9VRj', 111107), ('3PDHssa6nNcrztsq4RhDGSq2Y2KEpB38NA', 230599), ('3PBxV6iSXw6E7E4XwM2B2ieNtTW3jP8id2', 196773), ('3HQFte8no6b1zLh6y5bxCcUNvnZrr4NS9z', 100499), ('33HJjjrs3zjmr9FeBsRshVxTjdSi2qnS99', 126409), ('3A7dxpZmFeh8m1N5i7ZyP7S1UQV5cCC5Vk', 116413), ('3Jq6yg7ZoZyhb1Sc4wKJQVxGuBseyZnbap', 153886), ('3Dr5iBUeKaGLBr1pmcnDmuJoKBtAwMX94E', 143430), ('3E3cHmaBspJHiu71edLsr8mReHwt1CkKWe', 324423), ('36ohr48LVGxLihjpR5SdBpdh5Xhc8wzi9B', 162383), ('3Ch8UH46qTbwjcHagLsLAhif33c864Qh6m', 797005)]","[('3JSdUu1ivm3rqMvuCTAdAj6Dc2hdVhHiEe', 4746971), ('3Jx1ThGhh5P9vL5XkMw1NauH2YEDSZo4Wd', 2616141)]"
1,9feee0571593cc7e74640eda30fae511843d55614809cfb56825841c55c676a9,2021-10-24 07:32:32,"[('3P7rzf4TFnnfXbPN2s9M1vBeEN9LrdWC35', 125910), ('3PUZY7EAxaktqUPc1mJMt9tMjgKMze7RG3', 134680), ('35VTAgqvMSrHdTR4gY1X31DiC8h3socGmx', 319377), ('3Arv8LpBGM1myXRkJE9CVQpueQdQnNRioo', 204878), ('3MooKuPXoYYNyeB3bnNTDetXWfE9bA5Koy', 256227), ('3DqLuVvjYkddQuyD5QdDTY73bwwpqgqtnf', 174233), ('3LEmbmDosjbAXcVGgCgseuv1oeZys6vA7S', 1019), ('3LEmbmDosjbAXcVGgCgseuv1oeZys6vA7S', 103577), ('3MJEHRSGubebz9SmU2ncApucxJJDoqEMXS', 101904), ('3BUgj1mTdzDmuTKPFj8rCBcJHLcwHRXq7L', 135456), ('3MX6BL86PjkSUyWobvEky6iEQgYa1FmBcM', 175010), ('3HkguZ7KTbvqJiWwkrdf2WdyNFNgHTGoNm', 115574), ('3ABFYXfUt6a7NNK7eMQmGW9qUh3gsSEcRA', 114844), ('3QPAj7i6rDnTQ17k41Lb1c8XsS1cMCBsx7', 116404), ('39BsPkMro46pzi3YRp3nfaXtLhsZqj1dWS', 104109), ('3BKmJHY3ywBEkxLCY6Qggh53fVqEndhC4Y', 102157), ('31njpQ3b4h7nKScoN3AxkeoJouAX9L3fPv', 137731), ('3LBfHkewN6FhCM9JykqdamJf7rPmgEqxZb', 108517), ('38eoFX1XGSGZJGHEjBQudS5CRY7Mx8sUDQ', 144630), ('3BeuZuKtLc3GLDbYF7dFBSqLs2c1NJ8an6', 199870), ('3H3t4YXF4GWK5WCPaatJ13jd369bNS5qqP', 103698), ('3KB44JATc4MkENaZy1Lx7dsKrPtPFmNebq', 127288), ('3PL3nfSd7SvzdtE5bM3bfjFFZUyYQ4oMeY', 157331), ('37ocMjv3PbFkkD4iH5vQok6cjMgUTrFCYf', 185230), ('3QN7x5vNWdBsCMZeLTMJcL1sdEcbp4T7wD', 110434), ('3Cy9NrdzsaThwYoCELDjZcNwKSfLfrnQSA', 109339), ('34nbGvLd79ngyGAJYgrGL9Cs2StX7BwcQH', 102210), ('3JRx9nD6F96CLud9VoQxipmc2NavfpF98J', 1996000), ('3AXgYLHVndFNUHU67Zuf3ooUyMYXC6SL4n', 211359), ('39Pejo2FegcsfyUNkY6YmVEMjVec7oWYQJ', 182022), ('3GiCuTrnrCar62YZ8AMJP8aax71jxtrWZA', 531900), ('3FKfx9suxHh5p6uu2pCqo4xfTAZUzx2J7p', 113545), ('3ER6KCUJX7xow8KGzTvFg1b1QFArCMf42c', 110498), ('3NvxAiPrGLd4oLycUsa4mj7TBvvT5DeEMb', 304214), ('3MKgq6qLrKVPzR7WsABAbJWtLbnnvct3Sf', 124488), ('33sNdxWfTougr6UhoMzvb2YMQess5wA3in', 125590)]","[('3JSdUu1ivm3rqMvuCTAdAj6Dc2hdVhHiEe', 4294026), ('3Jx1ThGhh5P9vL5XkMw1NauH2YEDSZo4Wd', 3171785)]"
2,b9ffdf2ace6a03a1a668e727ce1c7cff388c5291c7964e4b54b0afa45cef0803,2021-10-23 03:55:39,"[('3LhzMf4T6vhLE8h6cvaHsrZEUhggXQ9GDe', 326429), ('3KX4rVRCmZbS7pzCLho1YNMALJGTxwahNi', 76301), ('3JRgbnrxFn3D8kdjJbAASLvV1DJXof9pSV', 101580), ('3HAv6mGTSoEUeAhSQTTGYQq8Com78bcQW7', 1294328), ('3EYXdTAsyCaxtNzv43c2FhmMzXerrZmDm7', 162049), ('3CW3Jhd5BjkMvZ1Gkj5sHsFJK9YaBb1RBb', 105272), ('3B8JbhYfSWMRbiquXL49Riru2eMvEdV64a', 48033), ('3EScBYwuHZqrRZc1Q5bu4VGGEUjGaZX7ms', 1143), ('3EScBYwuHZqrRZc1Q5bu4VGGEUjGaZX7ms', 109157), ('39vnCJ96RZUZ87dToLbkLpqZF6egDsNVi3', 116736), ('3Lf2MgGnmRBNCrAJkJyyQRNNci6i7WLZbo', 116232), ('3CgGChbny4U5vtMSAQNi3FyK72jYsGCg23', 671659), ('3BH5QBvR195B8b86aM12rztX8GnwCcTUY1', 178955), ('3BH5QBvR195B8b86aM12rztX8GnwCcTUY1', 182726), ('3BH5QBvR195B8b86aM12rztX8GnwCcTUY1', 187215), ('33C6ETtgH7F3wPa1LRmWoTKj6cXwKPsp1M', 29162), ('37XaR4jePqDb2kzxWjB4dr5wzh3kF9zoui', 143634), ('3NQWJZho4HvqRSuckagTX5aPK3TFDpDp14', 103142), ('3LPUE8Gu3RfD3n2m4wKjeJ47y1mCSftvaZ', 149454), ('3Mmwk8CDwKn6DBEvghwfHSEv8H8Rsxdxrv', 148509), ('39RY6nozETQ9ZbVJvJXFqzCCPtMoNbMMBT', 102226), ('36Nz2Td6FkazJReApot4CPcSqQHg7Ay2ES', 15250), ('33N6Y4f2Z1DR3syTUeGcsPWVKBWkBoergd', 85993), ('35NcakEKvQ3Z9w7qEAW4PE5ir1gj9AiAP8', 44300), ('39WtLQhkQVzMG7yycBB53m6GjaBb8xFoCk', 743852), ('3AXDLKuiBChF4trfWrfLjwLLLdY5dNuLLh', 506159), ('33ogTGVGhVKYPocm4bK82Xi54hwXpNa42v', 17437), ('3Ez1FqRzwzgpiqpHNViuoDGeguKRSLWKsC', 33658), ('33juiFDpYDA6pG75i9qar9hzt7ZHNm4FiD', 102673), ('3R13JAukma62CbCwmhfvQUC4FP6zNaNB1n', 174490), ('3R13JAukma62CbCwmhfvQUC4FP6zNaNB1n', 183199), ('3R13JAukma62CbCwmhfvQUC4FP6zNaNB1n', 184184), ('3DiD7zJ6F2GkaB9bJvPaFjkmrPDbo7dNaF', 130467), ('3Lk19WgXR3P4PSLt8YdUCARki2AToGwTuf', 27961), ('3Lk19WgXR3P4PSLt8YdUCARki2AToGwTuf', 28291), ('3JayXeXYAxuWFi9QepWJEFva8Lb24uTDff', 153304), ('36JU9gZCHu8ugEm5tzQBYsScW6zAWGAzDP', 116647), ('3FBgFCzbxAJfNABKVJe5UQNBKhXdVQeHcr', 134432), ('3G9tpp2DVqauVEieNPaJKhZQKeJBfTxCRr', 32409), ('3Ktqg2SMio6G5BwzBAQ7ZNryEDcDfZJtSi', 23844), ('39Pejo2FegcsfyUNkY6YmVEMjVec7oWYQJ', 180939), ('3K1jYJHhDaLvaWQVR8JruWR3dVQSzvumW2', 59164), ('3K1jYJHhDaLvaWQVR8JruWR3dVQSzvumW2', 59702), ('3K1jYJHhDaLvaWQVR8JruWR3dVQSzvumW2', 59781)]","[('3JSdUu1ivm3rqMvuCTAdAj6Dc2hdVhHiEe', 2539588), ('3Jx1ThGhh5P9vL5XkMw1NauH2YEDSZo4Wd', 4905856)]"
3,c6e52b802377bed83d48253a47e96e780ed9cc7b3b66e6acc77638a1bd4ccdca,2021-10-22 04:28:29,"[('3EisETLh7kYgxmnuVLSZxqn9dZoaemiiro', 12427), ('3EisETLh7kYgxmnuVLSZxqn9dZoaemiiro', 14212), ('352yhmmUjRT8jbWhsyRawZAv3WfS5hXFR4', 30033), ('33JdH4SAyXX1pHFcs682wxeEnmeWTzGGSA', 270000), ('36DKK2DW2Z5jXgFpezLs67SEx2R6g4yXaU', 134020), ('3FNJqBfm5ksvthT2Hb3WuCUxkNDtjH8F63', 148374), ('36sZqSJuJUjN134Efiv5eUcoxWPcsMpTgf', 377041), ('36sZqSJuJUjN134Efiv5eUcoxWPcsMpTgf', 378083), ('3BhJw1gAHoS28t68mHjmhKyugeJZESEVuX', 166865), ('3BhJw1gAHoS28t68mHjmhKyugeJZESEVuX', 175893), ('323FNGhCTWeGkGY7Cj4o5tCwUxGKC21PS3', 19808), ('3H3Ptz6E45kbWhtzPVZd44gPNKr6sUWa9f', 20673), ('3H3Ptz6E45kbWhtzPVZd44gPNKr6sUWa9f', 28613), ('35VTAgqvMSrHdTR4gY1X31DiC8h3socGmx', 253058), ('35VTAgqvMSrHdTR4gY1X31DiC8h3socGmx', 310458), ('3E5hLq9NwxiC2wWpVb7kJPuzrBF4YwRQ8D', 523570), ('3E5hLq9NwxiC2wWpVb7kJPuzrBF4YwRQ8D', 534155), ('3318BVyhhhuwJBRMidsYkKfsn7CgDS4GHP', 537969), ('385eRcL4uddx61VgWG3jn9TMBZPYeMCd99', 67300), ('385eRcL4uddx61VgWG3jn9TMBZPYeMCd99', 87000), ('385eRcL4uddx61VgWG3jn9TMBZPYeMCd99', 101200), ('3AjZH2DUvf2MyD3TwJ1G4t9FZWGQD1zfQb', 15813), ('3LqNkWGekvUwByMnN9qPswUN4oXVp2vFhs', 100797), ('3Dr2JGEQzrgQLHLKScyd7xSvedxgQXq1Eb', 414235), ('34Y4b4pUBgKdfmywrs7jDUaNoVgGxCdobR', 83372), ('34Y4b4pUBgKdfmywrs7jDUaNoVgGxCdobR', 88002), ('32qFHwHzARCqorTnxLCzxQYBTEWtqL4Kdc', 374700), ('3E34UYNwWH6tGqiudsUfVfqERax3cw7cBz', 124786), ('3JusXNrYuPWvmDLfb6WZbrmrhK6MPSt9jJ', 131064), ('3JusXNrYuPWvmDLfb6WZbrmrhK6MPSt9jJ', 135741), ('3CjmK8G5NHcWSMt2CX9LuL4YqYPjUGdBEQ', 326909), ('36SyLDWaeb3E372LEsaAgB7NQJCdHrmBpG', 175571), ('3KU7PsAN8JXUbWYjTNCEfQcJGpD19YZh9J', 149391), ('3ApfgFujXAkRdRzJaDnv4EtrwHu2q1bVew', 16031), ('3HzJ7Lsbbc3q8G8iUkrm2aYJVo8RKqqcWT', 101260), ('3MSVpJpzTBgyDFsKpeiVo1LgSDJ4EXdUbc', 105470), ('3Hms8CgHzcPsZ7LepfAV9UhY1cmgFRzJ9p', 22142), ('3Hms8CgHzcPsZ7LepfAV9UhY1cmgFRzJ9p', 23970), ('3A6C5hY4M6Wt51Y6dCFXqrpVb3182nSEkk', 140085), ('3MrPz5TDGDx5rPXAndmmv4BEGRmLXJQhYz', 6008), ('3MrPz5TDGDx5rPXAndmmv4BEGRmLXJQhYz', 6120), ('3MrPz5TDGDx5rPXAndmmv4BEGRmLXJQhYz', 6238), ('37uEzNoZhF6so5VY7tgPZdSv9X9jGohncB', 4276), ('37uEzNoZhF6so5VY7tgPZdSv9X9jGohncB', 11131), ('3GHUyEUE69FsSXrCuWucYbtENXv99Hma1o', 158653), ('39gQEJYuAS3tUYcQsdEQGBqHDXrbb7TvZb', 115400), ('3Do195rTu1EPxAHkF66mV1ESNCaBEYaBoh', 104992), ('3HiXfVuMrbVu8cTM2hna84ozrMqYmU9dHF', 17965), ('39Pejo2FegcsfyUNkY6YmVEMjVec7oWYQJ', 185555), ('34aGYFXVwghup9SPKBA8WVkeEX9YCEjaDk', 115070), ('3CRxwDrFHmNZgXEzUo8aQJ1bDyfYht94VH', 100000), ('3Jx1ThGhh5P9vL5XkMw1NauH2YEDSZo4Wd', 305028), ('3Jx1ThGhh5P9vL5XkMw1NauH2YEDSZo4Wd', 312453), ('3Jx1ThGhh5P9vL5XkMw1NauH2YEDSZo4Wd', 314994), ('3Jx1ThGhh5P9vL5XkMw1NauH2YEDSZo4Wd', 315103), ('3Jx1ThGhh5P9vL5XkMw1NauH2YEDSZo4Wd', 315151)]","[('3JSdUu1ivm3rqMvuCTAdAj6Dc2hdVhHiEe', 3813171), ('3Jx1ThGhh5P9vL5XkMw1NauH2YEDSZo4Wd', 3729872), ('3Jx1ThGhh5P9vL5XkMw1NauH2YEDSZo4Wd', 1562729)]"
4,ed9c9bb8e1abd641ed26e76ff8fb426394593e9cbbacc7007ee2a994e77817c5,2021-10-21 08:28:57,"[('3MTkVvfV9duhyZ243CMu5LH6J89PZvvkgj', 21488), ('3EGK4FVoJmq8A5khSY5kB5Xy5HA2ritLvs', 80390), ('35GCveSbMGfmx5frDeUKs9MwFr6QjfZ6du', 104946), ('32aYseRZZADDgcygnpnqEuyJuJZAzQ4coa', 6165811), ('39Pejo2FegcsfyUNkY6YmVEMjVec7oWYQJ', 188449), ('3BYH8FEUHq9N87VincT6GBTzf3Q4nYvJjQ', 569516), ('3PHECtKQNWKTE2qMEL2f2HnBkfbFpD4xYc', 1645), ('3PHECtKQNWKTE2qMEL2f2HnBkfbFpD4xYc', 1734), ('3PHECtKQNWKTE2qMEL2f2HnBkfbFpD4xYc', 1821), ('3PHECtKQNWKTE2qMEL2f2HnBkfbFpD4xYc', 2426), ('3PHECtKQNWKTE2qMEL2f2HnBkfbFpD4xYc', 2431), ('3PHECtKQNWKTE2qMEL2f2HnBkfbFpD4xYc', 2614), ('3PHECtKQNWKTE2qMEL2f2HnBkfbFpD4xYc', 3126), ('375Y8ySA1YaZZg2vfDRoxRbZ8uPw7M4YM4', 21192), ('3EY3Gqy2fMDzMRtFeUMyWcacuyR2Mk7WZE', 138963), ('3QWvPaEKc6tnKc6xwQHjAjGaaSVQQSbRNC', 112065), ('3GiGoRS6YshspTL5FcHgMy91be8D8KUFFo', 17443), ('3LBy5AnDSp586cdXxRAvDnFrtb3R4HQ8MF', 34196), ('38zvGqDMKdAxA1eRH967Zv9fh5sNUjGYaJ', 12516), ('38zvGqDMKdAxA1eRH967Zv9fh5sNUjGYaJ', 13410), ('3DfYA3UTTYjZvajQ6owCAeJWrFHduk6NFd', 44053), ('3HLZVkEMMQdvcCepxuteHC9NxNWcKviXTr', 2412), ('3HLZVkEMMQdvcCepxuteHC9NxNWcKviXTr', 12754), ('3JSdUu1ivm3rqMvuCTAdAj6Dc2hdVhHiEe', 300000), ('3JSdUu1ivm3rqMvuCTAdAj6Dc2hdVhHiEe', 300000), ('3JSdUu1ivm3rqMvuCTAdAj6Dc2hdVhHiEe', 300000), ('3JSdUu1ivm3rqMvuCTAdAj6Dc2hdVhHiEe', 300000), ('3JSdUu1ivm3rqMvuCTAdAj6Dc2hdVhHiEe', 300000)]","[('3JSdUu1ivm3rqMvuCTAdAj6Dc2hdVhHiEe', 6712910), ('3Jx1ThGhh5P9vL5XkMw1NauH2YEDSZo4Wd', 838207), ('3JSdUu1ivm3rqMvuCTAdAj6Dc2hdVhHiEe', 1500000)]"
5,b4da3cb0793a0a4b4d2537dcf674450fab79c254c5700d3f34445e273d1b8669,2021-10-20 03:47:48,"[('3Mi11GZ6h3SPb64TjfNcryafV4NnNSQvM2', 126288), ('39Pejo2FegcsfyUNkY6YmVEMjVec7oWYQJ', 185017), ('33Jz24kfsRyoXpBRozE2gdutBBuqxaZpzL', 1154573), ('3M9fci7UurSi4BqoXUnLwXuGykkpF41Ymj', 305766), ('38arRD9aka1ddQozfDcauCxamAYZBdo3Gc', 127864), ('3NadLftQgchixjNsgbvYqSkxwDzVzEXpVi', 171643), ('3QpxHUUmxSseNJjk2jxLxaw15oucrrNKTQ', 151705), ('3NTSa2vfTDhsQ3NAQUH96dFRX1AeVRPE6A', 139206), ('3DuGrc7y94dvKKKub88icZaGS577iP8Zz6', 116092), ('31pv8YMCrd4yMck5to6T4XMKGmUW8Y5Aph', 117666), ('3PGMi8xEsVRoA6bHsVXGu6uNC32bxC8DyJ', 103959), ('3QWvPaEKc6tnKc6xwQHjAjGaaSVQQSbRNC', 106963), ('38CAo8QA3neXL4FG7PY4VVGhRv8tKrfeDe', 186749), ('3F8FKGGUrrbq8SzJrnY8mKqsWzefA2ZSyE', 200741), ('38zWgo39mDgwQ1LaZmroX5Ax5zWmaubzhE', 163724), ('3BvAPUHnKckn2dJ7SqAeVDYaiTeSqUHGoY', 100647), ('3Nczm31iQzZgLd2s6AZg2EN3JWJpYzrpZR', 426623), ('3GycBFPU1ok59B1CcLy5QaATMN3RiR5b5k', 121159), ('3KgMsHntzpYmdC8LF6YXrvJqGwuz5rxDuW', 106652), ('3JM3RcCwMHAomxuVChph8s2aVyN6oRp4GA', 148890), ('3M6kjHSn4TcDN19jzHTKKugv61dCNv2EgN', 163591), ('3F1U5nQbVu7t3XXvRuvc7NLcJrp2Nxabxk', 391838), ('3EpXf18SLjhvPX9Xpx8NrGfWB3ee7jwdFv', 130701), ('34XCAdFzN4AE7azRBMGjqQL6VjHm7jhx1f', 141650), ('3CyK2r4xpH2hA75eCWH7LyX8bi7B8Bzgsh', 122510), ('3BAo32EzN7QttDivkLFrBJBi8h3vPp5cb7', 201997), ('3JuYUqkHZDbtrvAv2gpxcufSmerLAJK3tY', 154231), ('3EN8wjQfCziqWDUPhDaMKhdVWrHhYGe36u', 104676), ('36KChP98CehEGTJpFmvAzkMgWM31CSfGn3', 124055), ('3CZcT4LuV5cdUxPkVU1wD8GZk25s9RHj3F', 183713), ('3MHwaCQcbrXnz6ReRMa5KSZvv4BraN4rqe', 118043), ('38vDhw2goSSpBDzs8owP7Ti6fCqWf3Vtg9', 239673), ('3QZJp2rB6qECsR3cvPrNQm4tin714n1V7j', 152221), ('3N7GLjHgWJtABWisUHxCWbGpHSaMFZQBQV', 103960), ('3Cs9ACUmEVzritdwKg1HLuhw9ZLdN8hsyX', 106566), ('3FgUQdYPP2EGHA4Q5zQHnuSjx7WxyiXpTn', 102664), ('3Cy9NrdzsaThwYoCELDjZcNwKSfLfrnQSA', 106572), ('3Lec3qjYEr8dnQLBsVGzohkwbRxC2ybwxN', 153109), ('3Ct6zRnZiFXgnkkkeLULKKEHpaLhAq5giv', 135010), ('3GEebWNtsz75XcNy1u4bgTtMkTZeW1YXVw', 236894), ('3Arv8LpBGM1myXRkJE9CVQpueQdQnNRioo', 110189), ('3Jx1ThGhh5P9vL5XkMw1NauH2YEDSZo4Wd', 364478), ('3Jx1ThGhh5P9vL5XkMw1NauH2YEDSZo4Wd', 368864), ('3Jx1ThGhh5P9vL5XkMw1NauH2YEDSZo4Wd', 429547), ('3Jx1ThGhh5P9vL5XkMw1NauH2YEDSZo4Wd', 513191), ('3Jx1ThGhh5P9vL5XkMw1NauH2YEDSZo4Wd', 808400)]","[('3Jx1ThGhh5P9vL5XkMw1NauH2YEDSZo4Wd', 7538858), ('3Jx1ThGhh5P9vL5XkMw1NauH2YEDSZo4Wd', 2484480)]"
6,0822167594e334337422c4588d61d82c19bd39a74a352cfe52a056d450765800,2021-10-19 11:37:47,"[('3J5kPpteVY75M8KdLABZqNPEdjtqsR5pZT', 71400), ('3NdrSMAbsgbXHCHaXKvD8i6rzj4cLLCPHD', 113108), ('3KB44JATc4MkENaZy1Lx7dsKrPtPFmNebq', 124274), ('3Ljs5X2LqRMdD2zpBRSJp6pqst2icyXzvs', 14100), ('3Ljs5X2LqRMdD2zpBRSJp6pqst2icyXzvs', 17500), ('3CpNuE6AcKXDU9GnEeKxkygU8H4gLNyjk3', 112317), ('32a2rsqoNv1uTThNg42BuX2iZrXSFw9eaZ', 92445), ('34sUV8TicokyX9BmhN7cohbtsGBwoKDKB8', 116764), ('3BAH3x692pdoSrsYXo37WihcehXmJyZ3b5', 164149), ('39NccZ5fvvkcgoVGfemJK5tYEYTEuznsNv', 138683), ('39Pejo2FegcsfyUNkY6YmVEMjVec7oWYQJ', 188185), ('3BCVp6Bb8JFqWD5Y9MjqvfJJaPW3ZYc9rd', 38519), ('37vQcyaqgFP2x44MUKpTD8LbqXAmcU6E5B', 105702), ('34FjPpMXKBmB2KTFGCfzR86f94LqEAW2vf', 100597), ('3KYiHAB3prbvRdCL31NS9azMtiaV3pD3Sb', 32943), ('37fe1PvPy6ZycZMANXCPYM6wuTJCdo9UEG', 140589), ('38dL61AaDSnGxGVRs1A6ZB4UxbQLoXaxii', 113942), ('3PX9HyoqhnctV2svhLcw8zoY9WH9ykqoJQ', 155917), ('3Qxab2FyT1o3Ug1oHbpXdSUfU6BAzpa4UG', 155195), ('3L4wrfwHyPDkZp7GgF5stmJfaYM8SEC45n', 166300), ('3GTKhhrRTVSnRY2xV1zi4oFR7g9zEGqfZf', 313429), ('3FaqpmqCQb4tjHdt6aVNd6C4nKtySfc1SG', 100048), ('3PhYcnvLEbHug6W1sECKwQZVqSFUBn4FW1', 5255), ('3PhYcnvLEbHug6W1sECKwQZVqSFUBn4FW1', 5778), ('3PhYcnvLEbHug6W1sECKwQZVqSFUBn4FW1', 5792), ('33LDhGMchPyor7vLC7a18mEpwbeJ6b6hnx', 146761), ('3FymQcP8w6PBd2L8ETmzmSJCdMtLGhPNxa', 203182), ('3H4osyAE6TEngWFBhkfNws4TEYkdGq5LCQ', 583279), ('3QmhPBB84UhWWhgq82Cov41LMqzYvfSHzz', 123023), ('3J3LoKVBTJfdC5SpcGv6NcLiEPCXsBM5oj', 19803), ('3MXy2vB8QTo2nPsFLcZQjprxzHgAhsxib4', 121919), ('39yXUcaFAHAeXAPwF9M5hFpg39qcXkP5XC', 14500), ('39yXUcaFAHAeXAPwF9M5hFpg39qcXkP5XC', 14500), ('39yXUcaFAHAeXAPwF9M5hFpg39qcXkP5XC', 24100), ('39yXUcaFAHAeXAPwF9M5hFpg39qcXkP5XC', 27300), ('39yXUcaFAHAeXAPwF9M5hFpg39qcXkP5XC', 48000), ('39yXUcaFAHAeXAPwF9M5hFpg39qcXkP5XC', 52500), ('39yXUcaFAHAeXAPwF9M5hFpg39qcXkP5XC', 88513), ('33V4BJ6PuwtZbWniEtmWAqdpBfUCsapz3i', 68476), ('3FSCuiEP5eQw8PEPba4wn5TwqsuHBpUVHq', 110033), ('3E7iN6BEoAQcCyZk3iMjemF5WidbWA1cFk', 188104), ('3P8HFWde52ScGk7e4mnEJPYLfvVLzLB5ZX', 78242), ('3P42D9ukEMdDRprrrhFPyLqggjxhAfmwH6', 89107), ('38jjHscvBfav7NxQRGpiF4wrpzwu2DExVY', 195731), ('3PbdBmjzrk2nnxrdz7YrB4xWdF22psMySZ', 135630), ('3PbdBmjzrk2nnxrdz7YrB4xWdF22psMySZ', 137092), ('3Lg7765Fd5DL8Uf6vNayYZPaSbjLRejdHf', 12872), ('3Lg7765Fd5DL8Uf6vNayYZPaSbjLRejdHf', 27659), ('3AjyFapy63QsVhhV5JNcMVCchwt758voMG', 60495), ('39QjTNZhAJ8q4o9tDvm3jzSJDDqYhVYVg9', 134019), ('3Ng2Dn3zUdgXbaM7ipc7B3EvtdEXy1SYKF', 39058), ('3PuTEzfVfLrcv7DkCbyUAkshZifZi3atFo', 17930), ('3QdUXDVuGT6fRHdtangpHhgd8J3HskbwmS', 101466), ('3QdUXDVuGT6fRHdtangpHhgd8J3HskbwmS', 102645), ('3GKLun3zx5F6QLsQxUrP7HtdpXCXwguw1S', 16046), ('3M3wMjC9uLGFZoxm4pNo9SAVGz28CptqBb', 251442), ('3FBgFCzbxAJfNABKVJe5UQNBKhXdVQeHcr', 118702)]","[('3Jx1ThGhh5P9vL5XkMw1NauH2YEDSZo4Wd', 5936523)]"
7,d7a812aa7fbb8d82d3efc2390dee6c8d15f1d657375d1b03734e236e386531e7,2021-10-18 06:30:21,"[('3J4J7uYK84kic2zowZxxzTfzysBxczD3mY', 113194), ('3QN7x5vNWdBsCMZeLTMJcL1sdEcbp4T7wD', 107683), ('35bVUnXccN9ug2hteXLFE8dM4ei1sSEPth', 102418), ('39mQ9CN1AscMvkb8hnxUXJ8NNWBRJD5sUB', 153402), ('39Pejo2FegcsfyUNkY6YmVEMjVec7oWYQJ', 186958), ('3JjqGSJjGbFKYvwht1PwYGX5LBxE6WaZ83', 177292), ('33pQNHukcXTHXzJh2BTJvpjtpmSDETQoF3', 137420), ('39rJCTRd7f2L4vPAF4C99s8GgcNgw7K1t1', 145326), ('39s4N7uUoF9Te26BmLJD7YJaRrSTWGkzR6', 263352), ('3EZ5jzdYivkVh8rc9DmZmLm4Lk3XSnPPc6', 114369), ('31jY18k3dqcuUmTXq5LLJKWaMgx7UdGEJm', 119221), ('33kgnH3V778ejctUXj6w9Sp1T5TikV8nWr', 127515), ('3MwDKB9fZnrvKDrMvqm4aAfP771wBUGmLP', 512694), ('3HPAJkTokmZvAeryw9vGrKnSSBQL9Lamqx', 605591), ('3CZtbd7smCYrMsKHJgUerVrQUShZzD57tH', 186282), ('37SGRD89myDSScboLvE5AkMyKMYvHx6eev', 116478), ('3NWrhug2F7ENH5Gxuar6rp5iBzzjvFxMQ9', 294371), ('3FVBKANqXFVBGaQYjxEaDPtx4oy1dcwikF', 105221), ('35k1vn3CM2jEYkQyoCFdUpVqnX9safFub8', 103437), ('32DdgXyHTErjo9MGRAheZdKkC1Q3LgwvUk', 113497), ('3DxdByvMVLqp8MS36rt5KAfQfvR5L4rVvZ', 109515), ('3BoGWW4ZWJB1bVmGjXnpiG3mqdTF2azyaf', 119342), ('34dcE3Y2FunHNPQWD2CfZJTWs4e8n38swd', 1493133), ('3BAo32EzN7QttDivkLFrBJBi8h3vPp5cb7', 178982), ('37vhSo6YeDTdiJVyu7uqqU5xGjentrq9LM', 566775), ('3KoV8rep52KkDBx3MrSC7U5r57W1eRq2CL', 108752), ('39UiguuHyQkQ5yoGqAtitonQ69HDn3sxYP', 167617), ('35VcWm4rMrAPau6eQBKnRF6dMAMN3akaes', 131110), ('3NqyAocnrQgyKS9WnS7RE8q6Z4ze6bqAxS', 107017), ('3MKgq6qLrKVPzR7WsABAbJWtLbnnvct3Sf', 137679), ('3M33JNZcYi92vd5wFyHyRjmYkc1wbMvw4x', 106281), ('37imDtnQzDbJvodPQsTr4NRgLdcipCa64z', 111880), ('3D8m5CqYwH2wTELe39wPdcw65yBRWv3YbE', 139400), ('3DqBC6JFgqu1jijLERp8ey6rpgJomCW86t', 110250), ('32kjrpgmv8nxNbSD1Tp6SazraE5869FEEx', 187810), ('3Jx1ThGhh5P9vL5XkMw1NauH2YEDSZo4Wd', 308955), ('3Jx1ThGhh5P9vL5XkMw1NauH2YEDSZo4Wd', 313732), ('3Jx1ThGhh5P9vL5XkMw1NauH2YEDSZo4Wd', 931627)]","[('3Jx1ThGhh5P9vL5XkMw1NauH2YEDSZo4Wd', 7555524), ('3Jx1ThGhh5P9vL5XkMw1NauH2YEDSZo4Wd', 1554314)]"
8,4ec4cb2ffe9648fdaaa9ea734da9aa32fc4a8bed1dc415fcb594996cf1f5e72c,2021-10-17 05:09:00,"[('3FL2J3g3PYPrLfGHywiLgBGDD1uCHJYZGP', 128212), ('32YHy2YVEdPeQmYn3YcHzye5Ayjv5af3c2', 137088), ('3Hpp2ebSWkJiNfyyLE5vre9ZmRFEjBqmm1', 107061), ('3ENc6jZW3tvAuDxqwrVjpeebxxpWsfTQV2', 994018), ('37i6WeELDQTtGBk2gZQnaZJ5aDrmTWBevm', 109317), ('3DuGrc7y94dvKKKub88icZaGS577iP8Zz6', 118456), ('3EMrt2KKgrbrTK2ZYZSVDeBznj5BUtPJEC', 101099), ('3J7wwzcwzZXV6J6somiPaNDA48tUrGBPVC', 116842), ('3PTo79betkSKeuwtFCzs8Eqs5DUKyjF4Wt', 101174), ('3FrhRKWkKDbxY6Dr9wcgFfzqJAeb9GTC5y', 117459), ('3NWRNN2hs2kktDDc9oaNznDEuE3SmV2TgN', 201734), ('3HA3gq92sMyx6SKUUE8kwbSL67vno2Fi3Q', 157822), ('3GcNr9wvepPC32qwfGsx6g1GnfWedEq9XX', 204798), ('32gxag8xD4EjNSn5T8JA6kkyeGaccr7VXU', 131135), ('38ZUrPDN6uzDzLXQD7KaKPtYMKZeJd3ohu', 315351), ('35nDUdRbCPFg6Dj6313Jca9U1xo5bM4Lnw', 156996), ('3BiiXgRnFywdjYb4YFrT6WLpzArhMrFzGu', 116604), ('34ds2NY4SsnvZxkAtj9mZdfgkJq6jr3WNV', 189409), ('32r7oxtufwRBwr6b2w1gHCm4Sisf2pToq7', 108086), ('3Hqe5JmWAW9LJbqC2CdZTV5mjyZ1qtdLzV', 177885), ('3JM3RcCwMHAomxuVChph8s2aVyN6oRp4GA', 103379), ('3Do195rTu1EPxAHkF66mV1ESNCaBEYaBoh', 115022), ('3F1W54wptvG5Fx8muAqoKpRk2uFYDndExM', 114129), ('3NXfamxp5xJvwMFyqGrgcZRTCBdNJSp4vg', 124441), ('3FxRcJYnAZHtz3XPkvEZ2pyBRFjnL92aLc', 117422), ('3J3cj6MGPzQ24YDD9932eN3Afzt8j9SrtS', 104792), ('3KfUsN9AkGLguCEARDyQnbmBAxxSQwNBpN', 127679), ('39mQ9CN1AscMvkb8hnxUXJ8NNWBRJD5sUB', 140235), ('3PG9GTnZqwoktzguLVdvF1SQhYRaqgAQff', 143422), ('3NhFQC8FHZ9S4kPDfBaT9tL2np6C8GT5wB', 110036), ('3HiLj5jWATTZ6v5BiCw7wFTZRMtmATEGSS', 100317), ('3E8MuAZxSr1qbrUw96F1cQzRN6b2Zx2wpj', 177674), ('3P47Yy6iMWjqsBG6jF1b2HHvZaVdoSVif7', 101275), ('38wYrj7BQgEPPza7iBZGni33c7YjRpvTXV', 122242), ('3Cy9NrdzsaThwYoCELDjZcNwKSfLfrnQSA', 115447), ('3KUxGNXzRswEq3pdi7MiTjxq4zk9ixR6gc', 118587), ('3C4P1XKTDYarvLiikLPfiDxDUKsEa5s2U8', 110291), ('36UTvE9BECPqHnwe52jxVtec4iMQCNLHwt', 115892), ('39Pejo2FegcsfyUNkY6YmVEMjVec7oWYQJ', 189992), ('3NJDUcQNNz6E4D7Zs4jiCQ37BsHefiCPDx', 120269), ('3FymQcP8w6PBd2L8ETmzmSJCdMtLGhPNxa', 199624), ('3PXkXi82v3Tezr1ur2MxkoELMGhvhtbANy', 106314), ('37Kjx1w7g9yf6rR8uqEg9S3vn79QRS5Vqh', 179263), ('3KdBYpMmyxEqDFkzEhbLRJQ8UYnTZBhotp', 143815), ('3Ef6rDXfxHiXDrTxchxvd6WHvJ7kYsKjH9', 221638), ('3Jx1ThGhh5P9vL5XkMw1NauH2YEDSZo4Wd', 312986), ('3Jx1ThGhh5P9vL5XkMw1NauH2YEDSZo4Wd', 926512)]","[('3Jx1ThGhh5P9vL5XkMw1NauH2YEDSZo4Wd', 7106662), ('3Jx1ThGhh5P9vL5XkMw1NauH2YEDSZo4Wd', 1239498)]"
9,34d6e26c8a6e9bdc531edca607543f9029ee00ee5711e51fb1b6fd22b2ebdcfe,2021-10-16 11:51:18,"[('3DfC2eSr1YFVJ6poCz6ba9G2oHWxcUFsL9', 314549), ('3MuDbH1hgHNeY3A8e8Yn5of8BWPgcHSxxA', 115882), ('31uvYB89Zb9qZ2gz6GjYgRM8Hhc7gtN1xV', 177852), ('3HFuWwXuKygsDZQzMiqdRv6rkagorukYbh', 58134), ('3J1EQUDxQWMnSd6MJhB5eZyzHerjRyFn9u', 21900), ('39Pejo2FegcsfyUNkY6YmVEMjVec7oWYQJ', 175543), ('3N1bV4yXEBa9scpXpvcacYfaCKzUUPkc8u', 48249), ('38udte94M68XjT9jnqUFBCF6ghzqeBbccx', 48701), ('3F6qvtHBhw7sejfRA6R2SVQ4aHMfzMMPwx', 987395), ('31njpQ3b4h7nKScoN3AxkeoJouAX9L3fPv', 118540), ('3DQXf1LevCrSeKh97y7TTgF6ic4hCNZDDF', 24582), ('3HhMLwThazmLf5hvUtgKWebAvmyC4NvVSn', 337732), ('39Dyr3c4PY7bmd656N8Ra1yeaMCrfcJmb7', 73528), ('38SGYx35KADDaC7jJREx3vBnTwqtJ2mR3n', 80652), ('3Q8Wge5vxHZ4D7y8qskPYLmV8WyqC7akZD', 9567), ('3Q8Wge5vxHZ4D7y8qskPYLmV8WyqC7akZD', 104689), ('3EN8wjQfCziqWDUPhDaMKhdVWrHhYGe36u', 102946), ('3M3wMjC9uLGFZoxm4pNo9SAVGz28CptqBb', 88699), ('3FYpSptJzo4wNpFmmY2rFmxr39hcYxfRDt', 55986), ('3A5CAwQX87SBDNQW65MavyWgwnY5fUhiAJ', 118195), ('324Qmg8FRcs439sw4QwcdSRqYyN7CvWe6f', 242972), ('3Mmsg331YLaGxdvMcJbD5g4BX1D1PhAEzE', 7457), ('3Mmsg331YLaGxdvMcJbD5g4BX1D1PhAEzE', 9056), ('3KJKdMUkG5A596vvNDbLjA1wpYJs54sMsC', 38128), ('3GbkmGs8Vdpd1o8cSamCEqUPizxF48eiwd', 33233), ('3NqSgxTzcdA9fKqxcbkneZwomq2sYaQCxM', 14289), ('3NqSgxTzcdA9fKqxcbkneZwomq2sYaQCxM', 14861), ('3N968nARntBPhnDRSUcC4xpbeDrwTfGdVB', 47769), ('3N968nARntBPhnDRSUcC4xpbeDrwTfGdVB', 50837), ('35mkyS6EQjBKTZDwr5vxhZirS7EuyVzDwa', 387310), ('39LjXCFFpY3UQCXAhXR8BFtZ9WaZSKnsFM', 35008), ('39LjXCFFpY3UQCXAhXR8BFtZ9WaZSKnsFM', 52958), ('3Ad4w9uUBierAGFyPYpu9RH5Y3y57vEkEE', 82282), ('31xp3w6ZmWBVfiEE4GaugjEGe2xc5vBJXj', 7188), ('31xp3w6ZmWBVfiEE4GaugjEGe2xc5vBJXj', 7571), ('31xp3w6ZmWBVfiEE4GaugjEGe2xc5vBJXj', 7598), ('3KkPAThRGpTzXMJKqzgtwUvPnVL8Sbb62E', 8084), ('3KkPAThRGpTzXMJKqzgtwUvPnVL8Sbb62E', 9398), ('3LJzvv2p83VBdxAiaqS36g8nLoMJwE7aET', 14524), ('3LJzvv2p83VBdxAiaqS36g8nLoMJwE7aET', 16169), ('3AFY7KpQvDTZ26qmi52BK4jyjCBg1v5ECp', 109700), ('3KGuktGMoGpXmwCBS2WFnP2TwndrzPrhkX', 16793), ('3PB7R2Lxjd7XHWxRnXgon445aCLg2Fuw1S', 84335), ('3NFUp3GyLHm2Kjyfj3Yn1Y1moaqDT63dZr', 22965), ('3ChwaeUBriSsLLuqiUnu8XEtbYq3ALLucV', 96112), ('31iHZvcdSiHbGpzkaQgTJ2pNjUU9xB9VRj', 138527), ('3Gfcf3dVeKK1XwZRxPFde8paBfrKsNBwew', 131546), ('3Gfcf3dVeKK1XwZRxPFde8paBfrKsNBwew', 142122), ('33obdwCssUmBWCozyzfn1R1UYdqE7BQwhG', 50231), ('3CzaW4fm35g7gW2WNH9NwsQZVjsPZzqfF9', 19167), ('3LfttDxLzJZXmG9ASJnogKp6pUbbGmYNjw', 31855), ('3QDUd3bu3SPrjgd3f4f8M6CTEeay96ueSq', 114062), ('36fMhkAxwRBeTtX8Y6piLJctii5HLpWmLY', 24880), ('36fMhkAxwRBeTtX8Y6piLJctii5HLpWmLY', 24980), ('36fMhkAxwRBeTtX8Y6piLJctii5HLpWmLY', 24980), ('36fMhkAxwRBeTtX8Y6piLJctii5HLpWmLY', 24980), ('36fMhkAxwRBeTtX8Y6piLJctii5HLpWmLY', 24980), ('36fMhkAxwRBeTtX8Y6piLJctii5HLpWmLY', 24980), ('36fMhkAxwRBeTtX8Y6piLJctii5HLpWmLY', 24980), ('36fMhkAxwRBeTtX8Y6piLJctii5HLpWmLY', 24680), ('36fMhkAxwRBeTtX8Y6piLJctii5HLpWmLY', 24780), ('36fMhkAxwRBeTtX8Y6piLJctii5HLpWmLY', 24780), ('36fMhkAxwRBeTtX8Y6piLJctii5HLpWmLY', 24880), ('36fMhkAxwRBeTtX8Y6piLJctii5HLpWmLY', 35980), ('36fMhkAxwRBeTtX8Y6piLJctii5HLpWmLY', 37380), ('36fMhkAxwRBeTtX8Y6piLJctii5HLpWmLY', 38480), ('36fMhkAxwRBeTtX8Y6piLJctii5HLpWmLY', 24780), ('36fMhkAxwRBeTtX8Y6piLJctii5HLpWmLY', 24780), ('398iK3CwRsLxiuokiK91JK1vRcpnUgGSao', 118653), ('3ABtWmkZtfM7GbY4aqUyGTzS3DVqfB1vfD', 32479), ('3Jx1ThGhh5P9vL5XkMw1NauH2YEDSZo4Wd', 305011), ('3Jx1ThGhh5P9vL5XkMw1NauH2YEDSZo4Wd', 305041), ('3Jx1ThGhh5P9vL5XkMw1NauH2YEDSZo4Wd', 305043), ('3Jx1ThGhh5P9vL5XkMw1NauH2YEDSZo4Wd', 305230), ('3Jx1ThGhh5P9vL5XkMw1NauH2YEDSZo4Wd', 305257)]","[('3Jx1ThGhh5P9vL5XkMw1NauH2YEDSZo4Wd', 5682587), ('3Jx1ThGhh5P9vL5XkMw1NauH2YEDSZo4Wd', 1525582)]"
10,ec9dcd1fb01bc513290f2a2046cad5b9d84e7c95ca9ddfffa70e203aa3d4fe9e,2021-10-15 13:34:39,"[('36U1eg982PT5zpiTL3tQoyxuJ8vANbv8FY', 102653), ('3Fq9W1g1PowT7ZvjMxKbNBd2jYpgFYtjDy', 140391), ('3AEjoEY7bHEHh6bLPt8bDPVkvT8fFyvw7w', 137006), ('3Q4ppHKXM3U1x1DUbSTJ1exTxibxkJsjhX', 90560), ('3QXFf9nKKvcazKRoRm9ui2dpuTECm7Jf79', 25460), ('3QXFf9nKKvcazKRoRm9ui2dpuTECm7Jf79', 168155), ('3DxdByvMVLqp8MS36rt5KAfQfvR5L4rVvZ', 168181), ('3LGshUPJ4yb6eqqAYzpznJ9z7jkJB8XvwA', 136515), ('3LGshUPJ4yb6eqqAYzpznJ9z7jkJB8XvwA', 140819), ('3EwgBNSZoSf4V4z2DR21L9BwPFEwoSXJUE', 239768), ('391nscRprKnFaoWHqgMoMmy96DrAnXgn2Q', 134985), ('3QxYrjAhPTY4mptLqRsNcJM7BUiEPZ8573', 104970), ('3NW9nL9JzzLBDRZB8o1PbMFVf3rtYEWoJi', 101337), ('3CGskenmfgYVkAjNWFr2yQoNiKBm4SfbJX', 239070), ('3GBiNjFtERf3qNPcsRje2o34bDqKW31r8N', 31377), ('36wyJsesHwZdHvWCXBbjHzZ2VUvGNGa4sa', 73612), ('36hg8oQn3bEVNht6YQeqX99AMWGBU1DFZS', 171762), ('36hg8oQn3bEVNht6YQeqX99AMWGBU1DFZS', 171762), ('3Jf6u86rMRTBdHwPepxNkZoBouNMGbkLZq', 31311), ('3JUrQ9CA3zsqHT6PAefAbMxHXNRqchqwL5', 20496), ('3DSUE7mfVxWtss3tJo7T17EA63skaKoVtU', 123864), ('3GKLun3zx5F6QLsQxUrP7HtdpXCXwguw1S', 15764), ('3HFnQ1dbfLvUrK8EYTLCQFHbb7iubPgTq9', 1141389), ('32Ge7ELgtsgpE3cAWHSocyZ4k8RWPs3Zjc', 150600), ('37oFKbuB98jbTWVnmUiHfzz95Rc4Eiarzy', 128494), ('38UGMiSchnj5JdKTT6fmJHKHKPbU3LzMmA', 130068), ('3EveBZcKit143YEVuM15H239ya6kibiF6Z', 16968), ('3MacKnmLjisJq55pGCfBUXJR6Z3NRVo5FR', 425825), ('386GxkG8kH8StcXKqZLN6A69zhu7Kqa9Qw', 107100), ('37bjEmYMHEEd7QjTt6yM47q3CFcEkw9vEQ', 106625), ('39Pejo2FegcsfyUNkY6YmVEMjVec7oWYQJ', 187999), ('3NUgDTo3PXwvdHTcYKTVmSsmrywiGh4a8g', 1321836), ('3GFhGftDxBfetgajMAfdZrV7rmJ7yqfk5G', 200000), ('3MJTimpSdbifpPZtLLicD9uDkj2UJ9vSL6', 99646), ('35RiZMCnNwHKyK9QitxHzkxYta1fVYj1bA', 100000), ('3FGiozVVm7d771cmzdLTZhoRoWRFpezPbb', 340000), ('3KFpjCX8mG6tPG1e9BMHd41zqajqgT8S7K', 12539), ('3KFpjCX8mG6tPG1e9BMHd41zqajqgT8S7K', 13535), ('3JUZeHYnJ8q9pqYAYyTDnR3A4bUZte1mJF', 117388), ('3DUUHcpF8m4ngK1Njz2dJWwNA9dSkG9CsQ', 150221), ('3HpnFkXYGQbWa2eL81tbyVRvwAe3okSQg4', 137858), ('3HavtYuZtbhPio4jbkYzzJvgyaSSzu49rs', 57329), ('35qixYi3C9tm4T1JeUbiwSd1AdtJW7KqM6', 23626), ('3GgP7iyFEYqra9DdMYu2G2iZybScMEe4uu', 22552), ('3Jx1ThGhh5P9vL5XkMw1NauH2YEDSZo4Wd', 300000), ('3Jx1ThGhh5P9vL5XkMw1NauH2YEDSZo4Wd', 305049), ('3Jx1ThGhh5P9vL5XkMw1NauH2YEDSZo4Wd', 305265), ('3Jx1ThGhh5P9vL5XkMw1NauH2YEDSZo4Wd', 315971), ('3Jx1ThGhh5P9vL5XkMw1NauH2YEDSZo4Wd', 316586)]","[('3Jx1ThGhh5P9vL5XkMw1NauH2YEDSZo4Wd', 7554037), ('3Jx1ThGhh5P9vL5XkMw1NauH2YEDSZo4Wd', 1542871)]"
11,65d4e0fca3fbfc62465e9f8e79164bfeabc2ce54e9ae584e5bec80c46bb885b7,2021-10-14 07:33:32,"[('3BgSjL2iAmEQaxm2xiGhJxse47zygwVdvz', 190528), ('39WTaZXzFmCNLfC7Fr5ZjaxUR1y32QpoWq', 108055), ('3L5wqTu6aRcoSqfFCnoZnLWCzCvki5AatY', 141045), ('3KHvMTWqQc5Yyiu5FrBKrheL25n4MPHvbh', 110863), ('339sMJhhEYubEGovj4Y4Rvy36EZYA3XkcP', 105752), ('3HGmQfxH7KbPKrjydJGjdUYWAndccKssSh', 115085), ('3ERUPmhTZHQAcfxVdU3b2kZU48Mv5ToyTd', 152887), ('3LMjXGAua2pHZ4cwfKWqB8Bsywe9sRQ14V', 103191), ('3Kaoq6hRzXWZQxgQHPb5ztZ8erDzMwVx9B', 161518), ('3JedRgX9HN5TGhsmptuP23J2PJuRAA6FMn', 546404), ('3A2fLJehDNGuYTK14F8k2hGK22sCNB5wHd', 191188), ('32kjrpgmv8nxNbSD1Tp6SazraE5869FEEx', 190055), ('3LVkhFYYYrceUnPfjSWyyu9pD6Hnp6xLTJ', 114457), ('324Qmg8FRcs439sw4QwcdSRqYyN7CvWe6f', 239111), ('3Cy9NrdzsaThwYoCELDjZcNwKSfLfrnQSA', 110314), ('3BpJogQTG7k77uRQRLEhSLsUJpUQcWkyaN', 107619), ('32As9ma2Cts63aEbbpEfi73HGP8UEHiaBT', 144598), ('3FEkT9Y4sc9oSH2yfarqxCyrgpyzsQ8u3A', 176163), ('3JttEnCSxxv8FwZoGbSScuPjacnbyi6n7G', 129040), ('37jcLXgBnkLMXhPWR4dHXt5Xatbooxtebh', 155590), ('38pRfm51RGbE5CmYTpi8SN7kw6oZYRNje3', 531173), ('37qjQ8Sc1TGc1sJ7ErAZKD9dTrvZKe1BAm', 521036), ('3FEVqoUWfABHdGHau6yriqEXsgceduY1nu', 143548), ('39Pejo2FegcsfyUNkY6YmVEMjVec7oWYQJ', 189607), ('3JT94NzjpM5B63hRGZZb8ux7qzW9Xsc35X', 1077), ('3JT94NzjpM5B63hRGZZb8ux7qzW9Xsc35X', 134392), ('3Cjch7me8nbsQ6sSSydLpRedFoT98JLLkw', 147836), ('3PUZY7EAxaktqUPc1mJMt9tMjgKMze7RG3', 151608), ('39KkZ9B7RvbyDnB8KwY2re9wrtHAtQZH8A', 146869), ('38QKtuiU88YTQfXpH4tj4bPNzqopaYp4Te', 148561), ('37XaR4jePqDb2kzxWjB4dr5wzh3kF9zoui', 187078), ('3QhkyVpZWetUa3JzTE5HZiz2sQXyjCNpqB', 254998), ('3KLo2hdh2UrepbfrrwqVfNe8v9WDycNSAM', 136451), ('39nHKqSoyYbhVybDLnvADKdic3Wm56QgJz', 120335), ('3LZ8L8mjSgXznFeviLNpenXXqCPngZu3p7', 551251), ('3Q1DjFL6XkjfumHvd7vrG6yhMvNdD9akf8', 130079), ('35SciEnRAKVAAtskjm2oYR5nCADWm8AQHg', 104848), ('3ARtWmaXWZr3XYNwtZjJpoBMEfVaVW4e7y', 109209), ('3NMLpQQv6FWF9Xnh2fqv2LfTcz9tFAy3Yv', 504095)]","[('3Jx1ThGhh5P9vL5XkMw1NauH2YEDSZo4Wd', 7501659)]"
12,d7a97e28c5057ea103635dd0b347b31b6447a309a20f6c884502c32229960785,2021-10-13 17:45:27,"[('3AC9f5DuDhNJWpG7isPPEswFW6tWCsrH7S', 136980), ('3Dt3fSnApgmQgYmq6vgNyvkN8HogneStNL', 144378), ('38WDpLiuqxEFeBpLhph5pDckVzvsC8bxms', 168012), ('3CjDp7b31n3NkAJ2pj9nnCxFYgj8UogDLQ', 26432), ('3A6bGnacLz94LXXn6Rd5K5HRvNbjeALjy9', 133817), ('3EyuTCsAsjBf9CwZ1vj97xBU3yanDWnAir', 89594), ('32Xsd91FUm1bLcRwrJV6DLdG7SDArKFnHZ', 10986), ('32Xsd91FUm1bLcRwrJV6DLdG7SDArKFnHZ', 11661), ('3LqB267BqQJTpBD4tRbsxc7QnwCb1FKv3N', 7657), ('3LqB267BqQJTpBD4tRbsxc7QnwCb1FKv3N', 7732), ('3Mbjr5BZpXHvtTvR9baVVw54Gz8SJUYEdB', 57172), ('38wCnzbvmhibh8cwrSh9wbs8Nss8Z6PthY', 137426), ('3CfvKQCv4r4pM8M11KNRXbobgtX4mFttXG', 18052), ('3CfvKQCv4r4pM8M11KNRXbobgtX4mFttXG', 18117), ('3DADU93E6DKAjJtkg1B1LGunAjG2m4JWTk', 124378), ('3M5mRBMpVFBUPh1CnfKaieJpkq9pThEDw5', 124643), ('3DT9u4qpe4sdngS6ZmDnTmYFn5iJrJdfZ3', 13071), ('3DT9u4qpe4sdngS6ZmDnTmYFn5iJrJdfZ3', 14396), ('3G7C9eaNLUtiUDwwstnHMW1CC4fRViU2Q3', 263451), ('3EP79uGKnohdfYQQUpCmYHFbA3f7CcvKT3', 308714), ('3Ns3x3uXVsTTDGLno9rzPdPdJD3j6voLx7', 200040), ('3ARrcsgMJ9fGDjoZdL9yP18zEnRcdbeJev', 263106), ('391nscRprKnFaoWHqgMoMmy96DrAnXgn2Q', 142252), ('3AQd1PdsDtYuRbinbVeR1YFCUPMPBzYCn5', 15941), ('3AQd1PdsDtYuRbinbVeR1YFCUPMPBzYCn5', 16538), ('3QNyQxu57xHieFbWnKiZw665AVqq8xRKer', 3950), ('3QNyQxu57xHieFbWnKiZw665AVqq8xRKer', 5622), ('3QNyQxu57xHieFbWnKiZw665AVqq8xRKer', 6348), ('34itymapFixMiA9tWjnCWxiuy9SkMbvnzZ', 72253), ('34itymapFixMiA9tWjnCWxiuy9SkMbvnzZ', 72735), ('3BKafXGXJ6z9uDxSn8r7VpgoaHU2Kh5fRt', 110891), ('3Axh3t8CF9q7EZgp7BoLqC13qtZRNkXtth', 1276), ('3Axh3t8CF9q7EZgp7BoLqC13qtZRNkXtth', 1794), ('3Axh3t8CF9q7EZgp7BoLqC13qtZRNkXtth', 5393), ('3Axh3t8CF9q7EZgp7BoLqC13qtZRNkXtth', 5477), ('3N86ckxAKfkRdJzH1e9UnHLJr3zqU98jPZ', 151670), ('32dpQKYSMYZTEdAHGBk4jEYP6P7i6uDXPv', 22979), ('3Jw7BcuV9iNpXK6LarAed9iiGEcutjFfsh', 25913), ('3Jw7BcuV9iNpXK6LarAed9iiGEcutjFfsh', 26996), ('35ucVvqRExumsaMHhFT8jQFZNb7FAhs15r', 44647), ('328n68qHE4u2zUqRuVvDzbQBNqWQfcyvDK', 4861), ('328n68qHE4u2zUqRuVvDzbQBNqWQfcyvDK', 7798), ('328n68qHE4u2zUqRuVvDzbQBNqWQfcyvDK', 7834), ('3KVHV3NExDhukzaaxb4Rf1MiUgNxWczGhC', 170800), ('3E3F5rcQCsQiNwqNbT7dS6sSp95bgxzwAr', 9227), ('3E3F5rcQCsQiNwqNbT7dS6sSp95bgxzwAr', 21246), ('3CH62zgozG8VXkiUZZcqmwDuaaAPXXrMHV', 9477), ('3CH62zgozG8VXkiUZZcqmwDuaaAPXXrMHV', 28168), ('3PHhFRAgARU3tdFdAwoFT9hjv89qbKAo1M', 13539), ('3PHhFRAgARU3tdFdAwoFT9hjv89qbKAo1M', 15953), ('3PogYqk1pYc1AwW4ddSoWDvMUsEbKChZmM', 41962), ('3PogYqk1pYc1AwW4ddSoWDvMUsEbKChZmM', 49462), ('38HW8DCB6iENQnXtgrDWV1Mzbfq2wm5NMi', 109564), ('3PQaQcRLrmmKLEZonbYRKaHDRkhxUyz2uU', 102413), ('3DKR5XiNwCVsJ6oFFLwe5DNfzhPnusnadY', 117387), ('3CkSjoWvrpwWkWkxg6Qi5W9gwZ73rnHE1K', 64505), ('3ChyVsYtnvFAd6aPynMicZF6amD5AL1Tt1', 359794), ('3ChyVsYtnvFAd6aPynMicZF6amD5AL1Tt1', 1081673), ('3Hskz3BTgccKfPb1KgxkCor9yEAdPVbBkJ', 12452), ('3Hskz3BTgccKfPb1KgxkCor9yEAdPVbBkJ', 13111), ('3PTkdqS2PhEr6wvkYFPSBTiAsL9Hc8GjC7', 50000), ('3PTkdqS2PhEr6wvkYFPSBTiAsL9Hc8GjC7', 60000), ('3PTkdqS2PhEr6wvkYFPSBTiAsL9Hc8GjC7', 150000), ('34jmeinWGLHUnWgyEBJGhNXjX6yHkjRCcJ', 84272), ('3QNz5qz2MH1kxbLVTwutZ3acmmoD9pGNFc', 22963), ('3Gpz4k5yg5r4ZjYzZ1oEj2r8bixVA2V3cT', 143249), ('39Pejo2FegcsfyUNkY6YmVEMjVec7oWYQJ', 184965)]","[('3Jx1ThGhh5P9vL5XkMw1NauH2YEDSZo4Wd', 5939138)]"
13,e49621685aced976742f3dc5947d4063dedd0e44129f4b666931caea33de0c53,2021-10-25 06:59:38,"[('3DfaPdD8txy6CLr46XnqwVB9PBPkAkLfLn', 187038), ('3HVnJ57mvupdtkA9xPFdhCUPLvndKFSsZW', 130697), ('3QwoNgDPTmxvaLzFUuKc9UUafFEvv2J1Rm', 114163), ('3HKpwTqyNEDu2iq6HViwMwn4cWSs8tsFZf', 107664), ('35uGyT7CQZxadR6kuiDhkZkjHkf4wanFC5', 111468), ('34WvcDgCjUABwbkTA9iCNrWqrQfq62s8ww', 149875), ('3J4J7uYK84kic2zowZxxzTfzysBxczD3mY', 102272), ('3PbdBmjzrk2nnxrdz7YrB4xWdF22psMySZ', 142476), ('34ds2NY4SsnvZxkAtj9mZdfgkJq6jr3WNV', 180392), ('3DS4bQNMrrWv9Lq1YamY5oDgGeV5vPxNbM', 111060), ('3PodFrWZp41GSwGAcuC5eXcH1Jncpm2wV2', 119358), ('35FfLm3BBqnZrCfnLVn66nUbXXShukAavx', 173052), ('3PEEm8fhzFdKFJBtyjmaEb66iYR4aGHE9s', 214049), ('3BAo32EzN7QttDivkLFrBJBi8h3vPp5cb7', 209288), ('32F4UESXzQLSCVTMbRh9x1xF7Gd7ykcHMg', 895631), ('39Pejo2FegcsfyUNkY6YmVEMjVec7oWYQJ', 183137), ('3AvMFKeFUMmHF46nfxEitRyPb87LJ1xeoZ', 115316), ('3GK55rzZKnmFJcnbeR5PDwqfkt3ziKUMAc', 112119), ('364SuMFubnmCXuuP23Ub4867PxVapnYYgi', 131506), ('3LXdGjJ4fyFx3Erhcpz4P6Nkv12qUygPTk', 110995), ('3NBypssr6s3hFA3FmqQXfE8m2h8wdWAgXd', 102945), ('33BR1JcgfhuQ3HxaZ3HEL843CRCYCmKSWG', 131301), ('3QbG8rReZj8HfSpY9uuUEv1SDiyf9Awyc4', 102292), ('3CCaNdcPbV8YGRd2NfZZMipmx4VztjpWnW', 219740), ('3QfT6iHkpNgRsrhGivVoBY1sQKjXSnjmiy', 168231), ('3LzFdNiaQqUFnEmtSsdWmNmXn5b8fm9aGU', 103057), ('32psV4vEZqUzjYZj31Adoa1ecRsLkJuaJE', 111274), ('3QY9S3QgogZYad1JAkqLy6eHkKnSFSiUKW', 134811), ('39xi7PuA43oV1AvLrGs8qgeQe9dL5fQexK', 118636), ('32tkoqdHoZL8vmFv7LqLXQZLDvQ1HhPqUW', 112529), ('31iHZvcdSiHbGpzkaQgTJ2pNjUU9xB9VRj', 111107), ('3PDHssa6nNcrztsq4RhDGSq2Y2KEpB38NA', 230599), ('3PBxV6iSXw6E7E4XwM2B2ieNtTW3jP8id2', 196773), ('3HQFte8no6b1zLh6y5bxCcUNvnZrr4NS9z', 100499), ('33HJjjrs3zjmr9FeBsRshVxTjdSi2qnS99', 126409), ('3A7dxpZmFeh8m1N5i7ZyP7S1UQV5cCC5Vk', 116413), ('3Jq6yg7ZoZyhb1Sc4wKJQVxGuBseyZnbap', 153886), ('3Dr5iBUeKaGLBr1pmcnDmuJoKBtAwMX94E', 143430), ('3E3cHmaBspJHiu71edLsr8mReHwt1CkKWe', 324423), ('36ohr48LVGxLihjpR5SdBpdh5Xhc8wzi9B', 162383), ('3Ch8UH46qTbwjcHagLsLAhif33c864Qh6m', 797005)]","[('3JSdUu1ivm3rqMvuCTAdAj6Dc2hdVhHiEe', 4746971), ('3Jx1ThGhh5P9vL5XkMw1NauH2YEDSZo4Wd', 2616141)]"
14,9feee0571593cc7e74640eda30fae511843d55614809cfb56825841c55c676a9,2021-10-24 07:32:32,"[('3P7rzf4TFnnfXbPN2s9M1vBeEN9LrdWC35', 125910), ('3PUZY7EAxaktqUPc1mJMt9tMjgKMze7RG3', 134680), ('35VTAgqvMSrHdTR4gY1X31DiC8h3socGmx', 319377), ('3Arv8LpBGM1myXRkJE9CVQpueQdQnNRioo', 204878), ('3MooKuPXoYYNyeB3bnNTDetXWfE9bA5Koy', 256227), ('3DqLuVvjYkddQuyD5QdDTY73bwwpqgqtnf', 174233), ('3LEmbmDosjbAXcVGgCgseuv1oeZys6vA7S', 1019), ('3LEmbmDosjbAXcVGgCgseuv1oeZys6vA7S', 103577), ('3MJEHRSGubebz9SmU2ncApucxJJDoqEMXS', 101904), ('3BUgj1mTdzDmuTKPFj8rCBcJHLcwHRXq7L', 135456), ('3MX6BL86PjkSUyWobvEky6iEQgYa1FmBcM', 175010), ('3HkguZ7KTbvqJiWwkrdf2WdyNFNgHTGoNm', 115574), ('3ABFYXfUt6a7NNK7eMQmGW9qUh3gsSEcRA', 114844), ('3QPAj7i6rDnTQ17k41Lb1c8XsS1cMCBsx7', 116404), ('39BsPkMro46pzi3YRp3nfaXtLhsZqj1dWS', 104109), ('3BKmJHY3ywBEkxLCY6Qggh53fVqEndhC4Y', 102157), ('31njpQ3b4h7nKScoN3AxkeoJouAX9L3fPv', 137731), ('3LBfHkewN6FhCM9JykqdamJf7rPmgEqxZb', 108517), ('38eoFX1XGSGZJGHEjBQudS5CRY7Mx8sUDQ', 144630), ('3BeuZuKtLc3GLDbYF7dFBSqLs2c1NJ8an6', 199870), ('3H3t4YXF4GWK5WCPaatJ13jd369bNS5qqP', 103698), ('3KB44JATc4MkENaZy1Lx7dsKrPtPFmNebq', 127288), ('3PL3nfSd7SvzdtE5bM3bfjFFZUyYQ4oMeY', 157331), ('37ocMjv3PbFkkD4iH5vQok6cjMgUTrFCYf', 185230), ('3QN7x5vNWdBsCMZeLTMJcL1sdEcbp4T7wD', 110434), ('3Cy9NrdzsaThwYoCELDjZcNwKSfLfrnQSA', 109339), ('34nbGvLd79ngyGAJYgrGL9Cs2StX7BwcQH', 102210), ('3JRx9nD6F96CLud9VoQxipmc2NavfpF98J', 1996000), ('3AXgYLHVndFNUHU67Zuf3ooUyMYXC6SL4n', 211359), ('39Pejo2FegcsfyUNkY6YmVEMjVec7oWYQJ', 182022), ('3GiCuTrnrCar62YZ8AMJP8aax71jxtrWZA', 531900), ('3FKfx9suxHh5p6uu2pCqo4xfTAZUzx2J7p', 113545), ('3ER6KCUJX7xow8KGzTvFg1b1QFArCMf42c', 110498), ('3NvxAiPrGLd4oLycUsa4mj7TBvvT5DeEMb', 304214), ('3MKgq6qLrKVPzR7WsABAbJWtLbnnvct3Sf', 124488), ('33sNdxWfTougr6UhoMzvb2YMQess5wA3in', 125590)]","[('3JSdUu1ivm3rqMvuCTAdAj6Dc2hdVhHiEe', 4294026), ('3Jx1ThGhh5P9vL5XkMw1NauH2YEDSZo4Wd', 3171785)]"
15,b9ffdf2ace6a03a1a668e727ce1c7cff388c5291c7964e4b54b0afa45cef0803,2021-10-23 03:55:39,"[('3LhzMf4T6vhLE8h6cvaHsrZEUhggXQ9GDe', 326429), ('3KX4rVRCmZbS7pzCLho1YNMALJGTxwahNi', 76301), ('3JRgbnrxFn3D8kdjJbAASLvV1DJXof9pSV', 101580), ('3HAv6mGTSoEUeAhSQTTGYQq8Com78bcQW7', 1294328), ('3EYXdTAsyCaxtNzv43c2FhmMzXerrZmDm7', 162049), ('3CW3Jhd5BjkMvZ1Gkj5sHsFJK9YaBb1RBb', 105272), ('3B8JbhYfSWMRbiquXL49Riru2eMvEdV64a', 48033), ('3EScBYwuHZqrRZc1Q5bu4VGGEUjGaZX7ms', 1143), ('3EScBYwuHZqrRZc1Q5bu4VGGEUjGaZX7ms', 109157), ('39vnCJ96RZUZ87dToLbkLpqZF6egDsNVi3', 116736), ('3Lf2MgGnmRBNCrAJkJyyQRNNci6i7WLZbo', 116232), ('3CgGChbny4U5vtMSAQNi3FyK72jYsGCg23', 671659), ('3BH5QBvR195B8b86aM12rztX8GnwCcTUY1', 178955), ('3BH5QBvR195B8b86aM12rztX8GnwCcTUY1', 182726), ('3BH5QBvR195B8b86aM12rztX8GnwCcTUY1', 187215), ('33C6ETtgH7F3wPa1LRmWoTKj6cXwKPsp1M', 29162), ('37XaR4jePqDb2kzxWjB4dr5wzh3kF9zoui', 143634), ('3NQWJZho4HvqRSuckagTX5aPK3TFDpDp14', 103142), ('3LPUE8Gu3RfD3n2m4wKjeJ47y1mCSftvaZ', 149454), ('3Mmwk8CDwKn6DBEvghwfHSEv8H8Rsxdxrv', 148509), ('39RY6nozETQ9ZbVJvJXFqzCCPtMoNbMMBT', 102226), ('36Nz2Td6FkazJReApot4CPcSqQHg7Ay2ES', 15250), ('33N6Y4f2Z1DR3syTUeGcsPWVKBWkBoergd', 85993), ('35NcakEKvQ3Z9w7qEAW4PE5ir1gj9AiAP8', 44300), ('39WtLQhkQVzMG7yycBB53m6GjaBb8xFoCk', 743852), ('3AXDLKuiBChF4trfWrfLjwLLLdY5dNuLLh', 506159), ('33ogTGVGhVKYPocm4bK82Xi54hwXpNa42v', 17437), ('3Ez1FqRzwzgpiqpHNViuoDGeguKRSLWKsC', 33658), ('33juiFDpYDA6pG75i9qar9hzt7ZHNm4FiD', 102673), ('3R13JAukma62CbCwmhfvQUC4FP6zNaNB1n', 174490), ('3R13JAukma62CbCwmhfvQUC4FP6zNaNB1n', 183199), ('3R13JAukma62CbCwmhfvQUC4FP6zNaNB1n', 184184), ('3DiD7zJ6F2GkaB9bJvPaFjkmrPDbo7dNaF', 130467), ('3Lk19WgXR3P4PSLt8YdUCARki2AToGwTuf', 27961), ('3Lk19WgXR3P4PSLt8YdUCARki2AToGwTuf', 28291), ('3JayXeXYAxuWFi9QepWJEFva8Lb24uTDff', 153304), ('36JU9gZCHu8ugEm5tzQBYsScW6zAWGAzDP', 116647), ('3FBgFCzbxAJfNABKVJe5UQNBKhXdVQeHcr', 134432), ('3G9tpp2DVqauVEieNPaJKhZQKeJBfTxCRr', 32409), ('3Ktqg2SMio6G5BwzBAQ7ZNryEDcDfZJtSi', 23844), ('39Pejo2FegcsfyUNkY6YmVEMjVec7oWYQJ', 180939), ('3K1jYJHhDaLvaWQVR8JruWR3dVQSzvumW2', 59164), ('3K1jYJHhDaLvaWQVR8JruWR3dVQSzvumW2', 59702), ('3K1jYJHhDaLvaWQVR8JruWR3dVQSzvumW2', 59781)]","[('3JSdUu1ivm3rqMvuCTAdAj6Dc2hdVhHiEe', 2539588), ('3Jx1ThGhh5P9vL5XkMw1NauH2YEDSZo4Wd', 4905856)]"
16,c6e52b802377bed83d48253a47e96e780ed9cc7b3b66e6acc77638a1bd4ccdca,2021-10-22 04:28:29,"[('3EisETLh7kYgxmnuVLSZxqn9dZoaemiiro', 12427), ('3EisETLh7kYgxmnuVLSZxqn9dZoaemiiro', 14212), ('352yhmmUjRT8jbWhsyRawZAv3WfS5hXFR4', 30033), ('33JdH4SAyXX1pHFcs682wxeEnmeWTzGGSA', 270000), ('36DKK2DW2Z5jXgFpezLs67SEx2R6g4yXaU', 134020), ('3FNJqBfm5ksvthT2Hb3WuCUxkNDtjH8F63', 148374), ('36sZqSJuJUjN134Efiv5eUcoxWPcsMpTgf', 377041), ('36sZqSJuJUjN134Efiv5eUcoxWPcsMpTgf', 378083), ('3BhJw1gAHoS28t68mHjmhKyugeJZESEVuX', 166865), ('3BhJw1gAHoS28t68mHjmhKyugeJZESEVuX', 175893), ('323FNGhCTWeGkGY7Cj4o5tCwUxGKC21PS3', 19808), ('3H3Ptz6E45kbWhtzPVZd44gPNKr6sUWa9f', 20673), ('3H3Ptz6E45kbWhtzPVZd44gPNKr6sUWa9f', 28613), ('35VTAgqvMSrHdTR4gY1X31DiC8h3socGmx', 253058), ('35VTAgqvMSrHdTR4gY1X31DiC8h3socGmx', 310458), ('3E5hLq9NwxiC2wWpVb7kJPuzrBF4YwRQ8D', 523570), ('3E5hLq9NwxiC2wWpVb7kJPuzrBF4YwRQ8D', 534155), ('3318BVyhhhuwJBRMidsYkKfsn7CgDS4GHP', 537969), ('385eRcL4uddx61VgWG3jn9TMBZPYeMCd99', 67300), ('385eRcL4uddx61VgWG3jn9TMBZPYeMCd99', 87000), ('385eRcL4uddx61VgWG3jn9TMBZPYeMCd99', 101200), ('3AjZH2DUvf2MyD3TwJ1G4t9FZWGQD1zfQb', 15813), ('3LqNkWGekvUwByMnN9qPswUN4oXVp2vFhs', 100797), ('3Dr2JGEQzrgQLHLKScyd7xSvedxgQXq1Eb', 414235), ('34Y4b4pUBgKdfmywrs7jDUaNoVgGxCdobR', 83372), ('34Y4b4pUBgKdfmywrs7jDUaNoVgGxCdobR', 88002), ('32qFHwHzARCqorTnxLCzxQYBTEWtqL4Kdc', 374700), ('3E34UYNwWH6tGqiudsUfVfqERax3cw7cBz', 124786), ('3JusXNrYuPWvmDLfb6WZbrmrhK6MPSt9jJ', 131064), ('3JusXNrYuPWvmDLfb6WZbrmrhK6MPSt9jJ', 135741), ('3CjmK8G5NHcWSMt2CX9LuL4YqYPjUGdBEQ', 326909), ('36SyLDWaeb3E372LEsaAgB7NQJCdHrmBpG', 175571), ('3KU7PsAN8JXUbWYjTNCEfQcJGpD19YZh9J', 149391), ('3ApfgFujXAkRdRzJaDnv4EtrwHu2q1bVew', 16031), ('3HzJ7Lsbbc3q8G8iUkrm2aYJVo8RKqqcWT', 101260), ('3MSVpJpzTBgyDFsKpeiVo1LgSDJ4EXdUbc', 105470), ('3Hms8CgHzcPsZ7LepfAV9UhY1cmgFRzJ9p', 22142), ('3Hms8CgHzcPsZ7LepfAV9UhY1cmgFRzJ9p', 23970), ('3A6C5hY4M6Wt51Y6dCFXqrpVb3182nSEkk', 140085), ('3MrPz5TDGDx5rPXAndmmv4BEGRmLXJQhYz', 6008), ('3MrPz5TDGDx5rPXAndmmv4BEGRmLXJQhYz', 6120), ('3MrPz5TDGDx5rPXAndmmv4BEGRmLXJQhYz', 6238), ('37uEzNoZhF6so5VY7tgPZdSv9X9jGohncB', 4276), ('37uEzNoZhF6so5VY7tgPZdSv9X9jGohncB', 11131), ('3GHUyEUE69FsSXrCuWucYbtENXv99Hma1o', 158653), ('39gQEJYuAS3tUYcQsdEQGBqHDXrbb7TvZb', 115400), ('3Do195rTu1EPxAHkF66mV1ESNCaBEYaBoh', 104992), ('3HiXfVuMrbVu8cTM2hna84ozrMqYmU9dHF', 17965), ('39Pejo2FegcsfyUNkY6YmVEMjVec7oWYQJ', 185555), ('34aGYFXVwghup9SPKBA8WVkeEX9YCEjaDk', 115070), ('3CRxwDrFHmNZgXEzUo8aQJ1bDyfYht94VH', 100000), ('3Jx1ThGhh5P9vL5XkMw1NauH2YEDSZo4Wd', 305028), ('3Jx1ThGhh5P9vL5XkMw1NauH2YEDSZo4Wd', 312453), ('3Jx1ThGhh5P9vL5XkMw1NauH2YEDSZo4Wd', 314994), ('3Jx1ThGhh5P9vL5XkMw1NauH2YEDSZo4Wd', 315103), ('3Jx1ThGhh5P9vL5XkMw1NauH2YEDSZo4Wd', 315151)]","[('3JSdUu1ivm3rqMvuCTAdAj6Dc2hdVhHiEe', 3813171), ('3Jx1ThGhh5P9vL5XkMw1NauH2YEDSZo4Wd', 3729872), ('3Jx1ThGhh5P9vL5XkMw1NauH2YEDSZo4Wd', 1562729)]"
17,ed9c9bb8e1abd641ed26e76ff8fb426394593e9cbbacc7007ee2a994e77817c5,2021-10-21 08:28:57,"[('3MTkVvfV9duhyZ243CMu5LH6J89PZvvkgj', 21488), ('3EGK4FVoJmq8A5khSY5kB5Xy5HA2ritLvs', 80390), ('35GCveSbMGfmx5frDeUKs9MwFr6QjfZ6du', 104946), ('32aYseRZZADDgcygnpnqEuyJuJZAzQ4coa', 6165811), ('39Pejo2FegcsfyUNkY6YmVEMjVec7oWYQJ', 188449), ('3BYH8FEUHq9N87VincT6GBTzf3Q4nYvJjQ', 569516), ('3PHECtKQNWKTE2qMEL2f2HnBkfbFpD4xYc', 1645), ('3PHECtKQNWKTE2qMEL2f2HnBkfbFpD4xYc', 1734), ('3PHECtKQNWKTE2qMEL2f2HnBkfbFpD4xYc', 1821), ('3PHECtKQNWKTE2qMEL2f2HnBkfbFpD4xYc', 2426), ('3PHECtKQNWKTE2qMEL2f2HnBkfbFpD4xYc', 2431), ('3PHECtKQNWKTE2qMEL2f2HnBkfbFpD4xYc', 2614), ('3PHECtKQNWKTE2qMEL2f2HnBkfbFpD4xYc', 3126), ('375Y8ySA1YaZZg2vfDRoxRbZ8uPw7M4YM4', 21192), ('3EY3Gqy2fMDzMRtFeUMyWcacuyR2Mk7WZE', 138963), ('3QWvPaEKc6tnKc6xwQHjAjGaaSVQQSbRNC', 112065), ('3GiGoRS6YshspTL5FcHgMy91be8D8KUFFo', 17443), ('3LBy5AnDSp586cdXxRAvDnFrtb3R4HQ8MF', 34196), ('38zvGqDMKdAxA1eRH967Zv9fh5sNUjGYaJ', 12516), ('38zvGqDMKdAxA1eRH967Zv9fh5sNUjGYaJ', 13410), ('3DfYA3UTTYjZvajQ6owCAeJWrFHduk6NFd', 44053), ('3HLZVkEMMQdvcCepxuteHC9NxNWcKviXTr', 2412), ('3HLZVkEMMQdvcCepxuteHC9NxNWcKviXTr', 12754), ('3JSdUu1ivm3rqMvuCTAdAj6Dc2hdVhHiEe', 300000), ('3JSdUu1ivm3rqMvuCTAdAj6Dc2hdVhHiEe', 300000), ('3JSdUu1ivm3rqMvuCTAdAj6Dc2hdVhHiEe', 300000), ('3JSdUu1ivm3rqMvuCTAdAj6Dc2hdVhHiEe', 300000), ('3JSdUu1ivm3rqMvuCTAdAj6Dc2hdVhHiEe', 300000)]","[('3JSdUu1ivm3rqMvuCTAdAj6Dc2hdVhHiEe', 6712910), ('3Jx1ThGhh5P9vL5XkMw1NauH2YEDSZo4Wd', 838207), ('3JSdUu1ivm3rqMvuCTAdAj6Dc2hdVhHiEe', 1500000)]"
18,b4da3cb0793a0a4b4d2537dcf674450fab79c254c5700d3f34445e273d1b8669,2021-10-20 03:47:48,"[('3Mi11GZ6h3SPb64TjfNcryafV4NnNSQvM2', 126288), ('39Pejo2FegcsfyUNkY6YmVEMjVec7oWYQJ', 185017), ('33Jz24kfsRyoXpBRozE2gdutBBuqxaZpzL', 1154573), ('3M9fci7UurSi4BqoXUnLwXuGykkpF41Ymj', 305766), ('38arRD9aka1ddQozfDcauCxamAYZBdo3Gc', 127864), ('3NadLftQgchixjNsgbvYqSkxwDzVzEXpVi', 171643), ('3QpxHUUmxSseNJjk2jxLxaw15oucrrNKTQ', 151705), ('3NTSa2vfTDhsQ3NAQUH96dFRX1AeVRPE6A', 139206), ('3DuGrc7y94dvKKKub88icZaGS577iP8Zz6', 116092), ('31pv8YMCrd4yMck5to6T4XMKGmUW8Y5Aph', 117666), ('3PGMi8xEsVRoA6bHsVXGu6uNC32bxC8DyJ', 103959), ('3QWvPaEKc6tnKc6xwQHjAjGaaSVQQSbRNC', 106963), ('38CAo8QA3neXL4FG7PY4VVGhRv8tKrfeDe', 186749), ('3F8FKGGUrrbq8SzJrnY8mKqsWzefA2ZSyE', 200741), ('38zWgo39mDgwQ1LaZmroX5Ax5zWmaubzhE', 163724), ('3BvAPUHnKckn2dJ7SqAeVDYaiTeSqUHGoY', 100647), ('3Nczm31iQzZgLd2s6AZg2EN3JWJpYzrpZR', 426623), ('3GycBFPU1ok59B1CcLy5QaATMN3RiR5b5k', 121159), ('3KgMsHntzpYmdC8LF6YXrvJqGwuz5rxDuW', 106652), ('3JM3RcCwMHAomxuVChph8s2aVyN6oRp4GA', 148890), ('3M6kjHSn4TcDN19jzHTKKugv61dCNv2EgN', 163591), ('3F1U5nQbVu7t3XXvRuvc7NLcJrp2Nxabxk', 391838), ('3EpXf18SLjhvPX9Xpx8NrGfWB3ee7jwdFv', 130701), ('34XCAdFzN4AE7azRBMGjqQL6VjHm7jhx1f', 141650), ('3CyK2r4xpH2hA75eCWH7LyX8bi7B8Bzgsh', 122510), ('3BAo32EzN7QttDivkLFrBJBi8h3vPp5cb7', 201997), ('3JuYUqkHZDbtrvAv2gpxcufSmerLAJK3tY', 154231), ('3EN8wjQfCziqWDUPhDaMKhdVWrHhYGe36u', 104676), ('36KChP98CehEGTJpFmvAzkMgWM31CSfGn3', 124055), ('3CZcT4LuV5cdUxPkVU1wD8GZk25s9RHj3F', 183713), ('3MHwaCQcbrXnz6ReRMa5KSZvv4BraN4rqe', 118043), ('38vDhw2goSSpBDzs8owP7Ti6fCqWf3Vtg9', 239673), ('3QZJp2rB6qECsR3cvPrNQm4tin714n1V7j', 152221), ('3N7GLjHgWJtABWisUHxCWbGpHSaMFZQBQV', 103960), ('3Cs9ACUmEVzritdwKg1HLuhw9ZLdN8hsyX', 106566), ('3FgUQdYPP2EGHA4Q5zQHnuSjx7WxyiXpTn', 102664), ('3Cy9NrdzsaThwYoCELDjZcNwKSfLfrnQSA', 106572), ('3Lec3qjYEr8dnQLBsVGzohkwbRxC2ybwxN', 153109), ('3Ct6zRnZiFXgnkkkeLULKKEHpaLhAq5giv', 135010), ('3GEebWNtsz75XcNy1u4bgTtMkTZeW1YXVw', 236894), ('3Arv8LpBGM1myXRkJE9CVQpueQdQnNRioo', 110189), ('3Jx1ThGhh5P9vL5XkMw1NauH2YEDSZo4Wd', 364478), ('3Jx1ThGhh5P9vL5XkMw1NauH2YEDSZo4Wd', 368864), ('3Jx1ThGhh5P9vL5XkMw1NauH2YEDSZo4Wd', 429547), ('3Jx1ThGhh5P9vL5XkMw1NauH2YEDSZo4Wd', 513191), ('3Jx1ThGhh5P9vL5XkMw1NauH2YEDSZo4Wd', 808400)]","[('3Jx1ThGhh5P9vL5XkMw1NauH2YEDSZo4Wd', 7538858), ('3Jx1ThGhh5P9vL5XkMw1NauH2YEDSZo4Wd', 2484480)]"
19,0822167594e334337422c4588d61d82c19bd39a74a352cfe52a056d450765800,2021-10-19 11:37:47,"[('3J5kPpteVY75M8KdLABZqNPEdjtqsR5pZT', 71400), ('3NdrSMAbsgbXHCHaXKvD8i6rzj4cLLCPHD', 113108), ('3KB44JATc4MkENaZy1Lx7dsKrPtPFmNebq', 124274), ('3Ljs5X2LqRMdD2zpBRSJp6pqst2icyXzvs', 14100), ('3Ljs5X2LqRMdD2zpBRSJp6pqst2icyXzvs', 17500), ('3CpNuE6AcKXDU9GnEeKxkygU8H4gLNyjk3', 112317), ('32a2rsqoNv1uTThNg42BuX2iZrXSFw9eaZ', 92445), ('34sUV8TicokyX9BmhN7cohbtsGBwoKDKB8', 116764), ('3BAH3x692pdoSrsYXo37WihcehXmJyZ3b5', 164149), ('39NccZ5fvvkcgoVGfemJK5tYEYTEuznsNv', 138683), ('39Pejo2FegcsfyUNkY6YmVEMjVec7oWYQJ', 188185), ('3BCVp6Bb8JFqWD5Y9MjqvfJJaPW3ZYc9rd', 38519), ('37vQcyaqgFP2x44MUKpTD8LbqXAmcU6E5B', 105702), ('34FjPpMXKBmB2KTFGCfzR86f94LqEAW2vf', 100597), ('3KYiHAB3prbvRdCL31NS9azMtiaV3pD3Sb', 32943), ('37fe1PvPy6ZycZMANXCPYM6wuTJCdo9UEG', 140589), ('38dL61AaDSnGxGVRs1A6ZB4UxbQLoXaxii', 113942), ('3PX9HyoqhnctV2svhLcw8zoY9WH9ykqoJQ', 155917), ('3Qxab2FyT1o3Ug1oHbpXdSUfU6BAzpa4UG', 155195), ('3L4wrfwHyPDkZp7GgF5stmJfaYM8SEC45n', 166300), ('3GTKhhrRTVSnRY2xV1zi4oFR7g9zEGqfZf', 313429), ('3FaqpmqCQb4tjHdt6aVNd6C4nKtySfc1SG', 100048), ('3PhYcnvLEbHug6W1sECKwQZVqSFUBn4FW1', 5255), ('3PhYcnvLEbHug6W1sECKwQZVqSFUBn4FW1', 5778), ('3PhYcnvLEbHug6W1sECKwQZVqSFUBn4FW1', 5792), ('33LDhGMchPyor7vLC7a18mEpwbeJ6b6hnx', 146761), ('3FymQcP8w6PBd2L8ETmzmSJCdMtLGhPNxa', 203182), ('3H4osyAE6TEngWFBhkfNws4TEYkdGq5LCQ', 583279), ('3QmhPBB84UhWWhgq82Cov41LMqzYvfSHzz', 123023), ('3J3LoKVBTJfdC5SpcGv6NcLiEPCXsBM5oj', 19803), ('3MXy2vB8QTo2nPsFLcZQjprxzHgAhsxib4', 121919), ('39yXUcaFAHAeXAPwF9M5hFpg39qcXkP5XC', 14500), ('39yXUcaFAHAeXAPwF9M5hFpg39qcXkP5XC', 14500), ('39yXUcaFAHAeXAPwF9M5hFpg39qcXkP5XC', 24100), ('39yXUcaFAHAeXAPwF9M5hFpg39qcXkP5XC', 27300), ('39yXUcaFAHAeXAPwF9M5hFpg39qcXkP5XC', 48000), ('39yXUcaFAHAeXAPwF9M5hFpg39qcXkP5XC', 52500), ('39yXUcaFAHAeXAPwF9M5hFpg39qcXkP5XC', 88513), ('33V4BJ6PuwtZbWniEtmWAqdpBfUCsapz3i', 68476), ('3FSCuiEP5eQw8PEPba4wn5TwqsuHBpUVHq', 110033), ('3E7iN6BEoAQcCyZk3iMjemF5WidbWA1cFk', 188104), ('3P8HFWde52ScGk7e4mnEJPYLfvVLzLB5ZX', 78242), ('3P42D9ukEMdDRprrrhFPyLqggjxhAfmwH6', 89107), ('38jjHscvBfav7NxQRGpiF4wrpzwu2DExVY', 195731), ('3PbdBmjzrk2nnxrdz7YrB4xWdF22psMySZ', 135630), ('3PbdBmjzrk2nnxrdz7YrB4xWdF22psMySZ', 137092), ('3Lg7765Fd5DL8Uf6vNayYZPaSbjLRejdHf', 12872), ('3Lg7765Fd5DL8Uf6vNayYZPaSbjLRejdHf', 27659), ('3AjyFapy63QsVhhV5JNcMVCchwt758voMG', 60495), ('39QjTNZhAJ8q4o9tDvm3jzSJDDqYhVYVg9', 134019), ('3Ng2Dn3zUdgXbaM7ipc7B3EvtdEXy1SYKF', 39058), ('3PuTEzfVfLrcv7DkCbyUAkshZifZi3atFo', 17930), ('3QdUXDVuGT6fRHdtangpHhgd8J3HskbwmS', 101466), ('3QdUXDVuGT6fRHdtangpHhgd8J3HskbwmS', 102645), ('3GKLun3zx5F6QLsQxUrP7HtdpXCXwguw1S', 16046), ('3M3wMjC9uLGFZoxm4pNo9SAVGz28CptqBb', 251442), ('3FBgFCzbxAJfNABKVJe5UQNBKhXdVQeHcr', 118702)]","[('3Jx1ThGhh5P9vL5XkMw1NauH2YEDSZo4Wd', 5936523)]"
20,d7a812aa7fbb8d82d3efc2390dee6c8d15f1d657375d1b03734e236e386531e7,2021-10-18 06:30:21,"[('3J4J7uYK84kic2zowZxxzTfzysBxczD3mY', 113194), ('3QN7x5vNWdBsCMZeLTMJcL1sdEcbp4T7wD', 107683), ('35bVUnXccN9ug2hteXLFE8dM4ei1sSEPth', 102418), ('39mQ9CN1AscMvkb8hnxUXJ8NNWBRJD5sUB', 153402), ('39Pejo2FegcsfyUNkY6YmVEMjVec7oWYQJ', 186958), ('3JjqGSJjGbFKYvwht1PwYGX5LBxE6WaZ83', 177292), ('33pQNHukcXTHXzJh2BTJvpjtpmSDETQoF3', 137420), ('39rJCTRd7f2L4vPAF4C99s8GgcNgw7K1t1', 145326), ('39s4N7uUoF9Te26BmLJD7YJaRrSTWGkzR6', 263352), ('3EZ5jzdYivkVh8rc9DmZmLm4Lk3XSnPPc6', 114369), ('31jY18k3dqcuUmTXq5LLJKWaMgx7UdGEJm', 119221), ('33kgnH3V778ejctUXj6w9Sp1T5TikV8nWr', 127515), ('3MwDKB9fZnrvKDrMvqm4aAfP771wBUGmLP', 512694), ('3HPAJkTokmZvAeryw9vGrKnSSBQL9Lamqx', 605591), ('3CZtbd7smCYrMsKHJgUerVrQUShZzD57tH', 186282), ('37SGRD89myDSScboLvE5AkMyKMYvHx6eev', 116478), ('3NWrhug2F7ENH5Gxuar6rp5iBzzjvFxMQ9', 294371), ('3FVBKANqXFVBGaQYjxEaDPtx4oy1dcwikF', 105221), ('35k1vn3CM2jEYkQyoCFdUpVqnX9safFub8', 103437), ('32DdgXyHTErjo9MGRAheZdKkC1Q3LgwvUk', 113497), ('3DxdByvMVLqp8MS36rt5KAfQfvR5L4rVvZ', 109515), ('3BoGWW4ZWJB1bVmGjXnpiG3mqdTF2azyaf', 119342), ('34dcE3Y2FunHNPQWD2CfZJTWs4e8n38swd', 1493133), ('3BAo32EzN7QttDivkLFrBJBi8h3vPp5cb7', 178982), ('37vhSo6YeDTdiJVyu7uqqU5xGjentrq9LM', 566775), ('3KoV8rep52KkDBx3MrSC7U5r57W1eRq2CL', 108752), ('39UiguuHyQkQ5yoGqAtitonQ69HDn3sxYP', 167617), ('35VcWm4rMrAPau6eQBKnRF6dMAMN3akaes', 131110), ('3NqyAocnrQgyKS9WnS7RE8q6Z4ze6bqAxS', 107017), ('3MKgq6qLrKVPzR7WsABAbJWtLbnnvct3Sf', 137679), ('3M33JNZcYi92vd5wFyHyRjmYkc1wbMvw4x', 106281), ('37imDtnQzDbJvodPQsTr4NRgLdcipCa64z', 111880), ('3D8m5CqYwH2wTELe39wPdcw65yBRWv3YbE', 139400), ('3DqBC6JFgqu1jijLERp8ey6rpgJomCW86t', 110250), ('32kjrpgmv8nxNbSD1Tp6SazraE5869FEEx', 187810), ('3Jx1ThGhh5P9vL5XkMw1NauH2YEDSZo4Wd', 308955), ('3Jx1ThGhh5P9vL5XkMw1NauH2YEDSZo4Wd', 313732), ('3Jx1ThGhh5P9vL5XkMw1NauH2YEDSZo4Wd', 931627)]","[('3Jx1ThGhh5P9vL5XkMw1NauH2YEDSZo4Wd', 7555524), ('3Jx1ThGhh5P9vL5XkMw1NauH2YEDSZo4Wd', 1554314)]"
21,4ec4cb2ffe9648fdaaa9ea734da9aa32fc4a8bed1dc415fcb594996cf1f5e72c,2021-10-17 05:09:00,"[('3FL2J3g3PYPrLfGHywiLgBGDD1uCHJYZGP', 128212), ('32YHy2YVEdPeQmYn3YcHzye5Ayjv5af3c2', 137088), ('3Hpp2ebSWkJiNfyyLE5vre9ZmRFEjBqmm1', 107061), ('3ENc6jZW3tvAuDxqwrVjpeebxxpWsfTQV2', 994018), ('37i6WeELDQTtGBk2gZQnaZJ5aDrmTWBevm', 109317), ('3DuGrc7y94dvKKKub88icZaGS577iP8Zz6', 118456), ('3EMrt2KKgrbrTK2ZYZSVDeBznj5BUtPJEC', 101099), ('3J7wwzcwzZXV6J6somiPaNDA48tUrGBPVC', 116842), ('3PTo79betkSKeuwtFCzs8Eqs5DUKyjF4Wt', 101174), ('3FrhRKWkKDbxY6Dr9wcgFfzqJAeb9GTC5y', 117459), ('3NWRNN2hs2kktDDc9oaNznDEuE3SmV2TgN', 201734), ('3HA3gq92sMyx6SKUUE8kwbSL67vno2Fi3Q', 157822), ('3GcNr9wvepPC32qwfGsx6g1GnfWedEq9XX', 204798), ('32gxag8xD4EjNSn5T8JA6kkyeGaccr7VXU', 131135), ('38ZUrPDN6uzDzLXQD7KaKPtYMKZeJd3ohu', 315351), ('35nDUdRbCPFg6Dj6313Jca9U1xo5bM4Lnw', 156996), ('3BiiXgRnFywdjYb4YFrT6WLpzArhMrFzGu', 116604), ('34ds2NY4SsnvZxkAtj9mZdfgkJq6jr3WNV', 189409), ('32r7oxtufwRBwr6b2w1gHCm4Sisf2pToq7', 108086), ('3Hqe5JmWAW9LJbqC2CdZTV5mjyZ1qtdLzV', 177885), ('3JM3RcCwMHAomxuVChph8s2aVyN6oRp4GA', 103379), ('3Do195rTu1EPxAHkF66mV1ESNCaBEYaBoh', 115022), ('3F1W54wptvG5Fx8muAqoKpRk2uFYDndExM', 114129), ('3NXfamxp5xJvwMFyqGrgcZRTCBdNJSp4vg', 124441), ('3FxRcJYnAZHtz3XPkvEZ2pyBRFjnL92aLc', 117422), ('3J3cj6MGPzQ24YDD9932eN3Afzt8j9SrtS', 104792), ('3KfUsN9AkGLguCEARDyQnbmBAxxSQwNBpN', 127679), ('39mQ9CN1AscMvkb8hnxUXJ8NNWBRJD5sUB', 140235), ('3PG9GTnZqwoktzguLVdvF1SQhYRaqgAQff', 143422), ('3NhFQC8FHZ9S4kPDfBaT9tL2np6C8GT5wB', 110036), ('3HiLj5jWATTZ6v5BiCw7wFTZRMtmATEGSS', 100317), ('3E8MuAZxSr1qbrUw96F1cQzRN6b2Zx2wpj', 177674), ('3P47Yy6iMWjqsBG6jF1b2HHvZaVdoSVif7', 101275), ('38wYrj7BQgEPPza7iBZGni33c7YjRpvTXV', 122242), ('3Cy9NrdzsaThwYoCELDjZcNwKSfLfrnQSA', 115447), ('3KUxGNXzRswEq3pdi7MiTjxq4zk9ixR6gc', 118587), ('3C4P1XKTDYarvLiikLPfiDxDUKsEa5s2U8', 110291), ('36UTvE9BECPqHnwe52jxVtec4iMQCNLHwt', 115892), ('39Pejo2FegcsfyUNkY6YmVEMjVec7oWYQJ', 189992), ('3NJDUcQNNz6E4D7Zs4jiCQ37BsHefiCPDx', 120269), ('3FymQcP8w6PBd2L8ETmzmSJCdMtLGhPNxa', 199624), ('3PXkXi82v3Tezr1ur2MxkoELMGhvhtbANy', 106314), ('37Kjx1w7g9yf6rR8uqEg9S3vn79QRS5Vqh', 179263), ('3KdBYpMmyxEqDFkzEhbLRJQ8UYnTZBhotp', 143815), ('3Ef6rDXfxHiXDrTxchxvd6WHvJ7kYsKjH9', 221638), ('3Jx1ThGhh5P9vL5XkMw1NauH2YEDSZo4Wd', 312986), ('3Jx1ThGhh5P9vL5XkMw1NauH2YEDSZo4Wd', 926512)]","[('3Jx1ThGhh5P9vL5XkMw1NauH2YEDSZo4Wd', 7106662), ('3Jx1ThGhh5P9vL5XkMw1NauH2YEDSZo4Wd', 1239498)]"
22,34d6e26c8a6e9bdc531edca607543f9029ee00ee5711e51fb1b6fd22b2ebdcfe,2021-10-16 11:51:18,"[('3DfC2eSr1YFVJ6poCz6ba9G2oHWxcUFsL9', 314549), ('3MuDbH1hgHNeY3A8e8Yn5of8BWPgcHSxxA', 115882), ('31uvYB89Zb9qZ2gz6GjYgRM8Hhc7gtN1xV', 177852), ('3HFuWwXuKygsDZQzMiqdRv6rkagorukYbh', 58134), ('3J1EQUDxQWMnSd6MJhB5eZyzHerjRyFn9u', 21900), ('39Pejo2FegcsfyUNkY6YmVEMjVec7oWYQJ', 175543), ('3N1bV4yXEBa9scpXpvcacYfaCKzUUPkc8u', 48249), ('38udte94M68XjT9jnqUFBCF6ghzqeBbccx', 48701), ('3F6qvtHBhw7sejfRA6R2SVQ4aHMfzMMPwx', 987395), ('31njpQ3b4h7nKScoN3AxkeoJouAX9L3fPv', 118540), ('3DQXf1LevCrSeKh97y7TTgF6ic4hCNZDDF', 24582), ('3HhMLwThazmLf5hvUtgKWebAvmyC4NvVSn', 337732), ('39Dyr3c4PY7bmd656N8Ra1yeaMCrfcJmb7', 73528), ('38SGYx35KADDaC7jJREx3vBnTwqtJ2mR3n', 80652), ('3Q8Wge5vxHZ4D7y8qskPYLmV8WyqC7akZD', 9567), ('3Q8Wge5vxHZ4D7y8qskPYLmV8WyqC7akZD', 104689), ('3EN8wjQfCziqWDUPhDaMKhdVWrHhYGe36u', 102946), ('3M3wMjC9uLGFZoxm4pNo9SAVGz28CptqBb', 88699), ('3FYpSptJzo4wNpFmmY2rFmxr39hcYxfRDt', 55986), ('3A5CAwQX87SBDNQW65MavyWgwnY5fUhiAJ', 118195), ('324Qmg8FRcs439sw4QwcdSRqYyN7CvWe6f', 242972), ('3Mmsg331YLaGxdvMcJbD5g4BX1D1PhAEzE', 7457), ('3Mmsg331YLaGxdvMcJbD5g4BX1D1PhAEzE', 9056), ('3KJKdMUkG5A596vvNDbLjA1wpYJs54sMsC', 38128), ('3GbkmGs8Vdpd1o8cSamCEqUPizxF48eiwd', 33233), ('3NqSgxTzcdA9fKqxcbkneZwomq2sYaQCxM', 14289), ('3NqSgxTzcdA9fKqxcbkneZwomq2sYaQCxM', 14861), ('3N968nARntBPhnDRSUcC4xpbeDrwTfGdVB', 47769), ('3N968nARntBPhnDRSUcC4xpbeDrwTfGdVB', 50837), ('35mkyS6EQjBKTZDwr5vxhZirS7EuyVzDwa', 387310), ('39LjXCFFpY3UQCXAhXR8BFtZ9WaZSKnsFM', 35008), ('39LjXCFFpY3UQCXAhXR8BFtZ9WaZSKnsFM', 52958), ('3Ad4w9uUBierAGFyPYpu9RH5Y3y57vEkEE', 82282), ('31xp3w6ZmWBVfiEE4GaugjEGe2xc5vBJXj', 7188), ('31xp3w6ZmWBVfiEE4GaugjEGe2xc5vBJXj', 7571), ('31xp3w6ZmWBVfiEE4GaugjEGe2xc5vBJXj', 7598), ('3KkPAThRGpTzXMJKqzgtwUvPnVL8Sbb62E', 8084), ('3KkPAThRGpTzXMJKqzgtwUvPnVL8Sbb62E', 9398), ('3LJzvv2p83VBdxAiaqS36g8nLoMJwE7aET', 14524), ('3LJzvv2p83VBdxAiaqS36g8nLoMJwE7aET', 16169), ('3AFY7KpQvDTZ26qmi52BK4jyjCBg1v5ECp', 109700), ('3KGuktGMoGpXmwCBS2WFnP2TwndrzPrhkX', 16793), ('3PB7R2Lxjd7XHWxRnXgon445aCLg2Fuw1S', 84335), ('3NFUp3GyLHm2Kjyfj3Yn1Y1moaqDT63dZr', 22965), ('3ChwaeUBriSsLLuqiUnu8XEtbYq3ALLucV', 96112), ('31iHZvcdSiHbGpzkaQgTJ2pNjUU9xB9VRj', 138527), ('3Gfcf3dVeKK1XwZRxPFde8paBfrKsNBwew', 131546), ('3Gfcf3dVeKK1XwZRxPFde8paBfrKsNBwew', 142122), ('33obdwCssUmBWCozyzfn1R1UYdqE7BQwhG', 50231), ('3CzaW4fm35g7gW2WNH9NwsQZVjsPZzqfF9', 19167), ('3LfttDxLzJZXmG9ASJnogKp6pUbbGmYNjw', 31855), ('3QDUd3bu3SPrjgd3f4f8M6CTEeay96ueSq', 114062), ('36fMhkAxwRBeTtX8Y6piLJctii5HLpWmLY', 24880), ('36fMhkAxwRBeTtX8Y6piLJctii5HLpWmLY', 24980), ('36fMhkAxwRBeTtX8Y6piLJctii5HLpWmLY', 24980), ('36fMhkAxwRBeTtX8Y6piLJctii5HLpWmLY', 24980), ('36fMhkAxwRBeTtX8Y6piLJctii5HLpWmLY', 24980), ('36fMhkAxwRBeTtX8Y6piLJctii5HLpWmLY', 24980), ('36fMhkAxwRBeTtX8Y6piLJctii5HLpWmLY', 24980), ('36fMhkAxwRBeTtX8Y6piLJctii5HLpWmLY', 24680), ('36fMhkAxwRBeTtX8Y6piLJctii5HLpWmLY', 24780), ('36fMhkAxwRBeTtX8Y6piLJctii5HLpWmLY', 24780), ('36fMhkAxwRBeTtX8Y6piLJctii5HLpWmLY', 24880), ('36fMhkAxwRBeTtX8Y6piLJctii5HLpWmLY', 35980), ('36fMhkAxwRBeTtX8Y6piLJctii5HLpWmLY', 37380), ('36fMhkAxwRBeTtX8Y6piLJctii5HLpWmLY', 38480), ('36fMhkAxwRBeTtX8Y6piLJctii5HLpWmLY', 24780), ('36fMhkAxwRBeTtX8Y6piLJctii5HLpWmLY', 24780), ('398iK3CwRsLxiuokiK91JK1vRcpnUgGSao', 118653), ('3ABtWmkZtfM7GbY4aqUyGTzS3DVqfB1vfD', 32479), ('3Jx1ThGhh5P9vL5XkMw1NauH2YEDSZo4Wd', 305011), ('3Jx1ThGhh5P9vL5XkMw1NauH2YEDSZo4Wd', 305041), ('3Jx1ThGhh5P9vL5XkMw1NauH2YEDSZo4Wd', 305043), ('3Jx1ThGhh5P9vL5XkMw1NauH2YEDSZo4Wd', 305230), ('3Jx1ThGhh5P9vL5XkMw1NauH2YEDSZo4Wd', 305257)]","[('3Jx1ThGhh5P9vL5XkMw1NauH2YEDSZo4Wd', 5682587), ('3Jx1ThGhh5P9vL5XkMw1NauH2YEDSZo4Wd', 1525582)]"
23,ec9dcd1fb01bc513290f2a2046cad5b9d84e7c95ca9ddfffa70e203aa3d4fe9e,2021-10-15 13:34:39,"[('36U1eg982PT5zpiTL3tQoyxuJ8vANbv8FY', 102653), ('3Fq9W1g1PowT7ZvjMxKbNBd2jYpgFYtjDy', 140391), ('3AEjoEY7bHEHh6bLPt8bDPVkvT8fFyvw7w', 137006), ('3Q4ppHKXM3U1x1DUbSTJ1exTxibxkJsjhX', 90560), ('3QXFf9nKKvcazKRoRm9ui2dpuTECm7Jf79', 25460), ('3QXFf9nKKvcazKRoRm9ui2dpuTECm7Jf79', 168155), ('3DxdByvMVLqp8MS36rt5KAfQfvR5L4rVvZ', 168181), ('3LGshUPJ4yb6eqqAYzpznJ9z7jkJB8XvwA', 136515), ('3LGshUPJ4yb6eqqAYzpznJ9z7jkJB8XvwA', 140819), ('3EwgBNSZoSf4V4z2DR21L9BwPFEwoSXJUE', 239768), ('391nscRprKnFaoWHqgMoMmy96DrAnXgn2Q', 134985), ('3QxYrjAhPTY4mptLqRsNcJM7BUiEPZ8573', 104970), ('3NW9nL9JzzLBDRZB8o1PbMFVf3rtYEWoJi', 101337), ('3CGskenmfgYVkAjNWFr2yQoNiKBm4SfbJX', 239070), ('3GBiNjFtERf3qNPcsRje2o34bDqKW31r8N', 31377), ('36wyJsesHwZdHvWCXBbjHzZ2VUvGNGa4sa', 73612), ('36hg8oQn3bEVNht6YQeqX99AMWGBU1DFZS', 171762), ('36hg8oQn3bEVNht6YQeqX99AMWGBU1DFZS', 171762), ('3Jf6u86rMRTBdHwPepxNkZoBouNMGbkLZq', 31311), ('3JUrQ9CA3zsqHT6PAefAbMxHXNRqchqwL5', 20496), ('3DSUE7mfVxWtss3tJo7T17EA63skaKoVtU', 123864), ('3GKLun3zx5F6QLsQxUrP7HtdpXCXwguw1S', 15764), ('3HFnQ1dbfLvUrK8EYTLCQFHbb7iubPgTq9', 1141389), ('32Ge7ELgtsgpE3cAWHSocyZ4k8RWPs3Zjc', 150600), ('37oFKbuB98jbTWVnmUiHfzz95Rc4Eiarzy', 128494), ('38UGMiSchnj5JdKTT6fmJHKHKPbU3LzMmA', 130068), ('3EveBZcKit143YEVuM15H239ya6kibiF6Z', 16968), ('3MacKnmLjisJq55pGCfBUXJR6Z3NRVo5FR', 425825), ('386GxkG8kH8StcXKqZLN6A69zhu7Kqa9Qw', 107100), ('37bjEmYMHEEd7QjTt6yM47q3CFcEkw9vEQ', 106625), ('39Pejo2FegcsfyUNkY6YmVEMjVec7oWYQJ', 187999), ('3NUgDTo3PXwvdHTcYKTVmSsmrywiGh4a8g', 1321836), ('3GFhGftDxBfetgajMAfdZrV7rmJ7yqfk5G', 200000), ('3MJTimpSdbifpPZtLLicD9uDkj2UJ9vSL6', 99646), ('35RiZMCnNwHKyK9QitxHzkxYta1fVYj1bA', 100000), ('3FGiozVVm7d771cmzdLTZhoRoWRFpezPbb', 340000), ('3KFpjCX8mG6tPG1e9BMHd41zqajqgT8S7K', 12539), ('3KFpjCX8mG6tPG1e9BMHd41zqajqgT8S7K', 13535), ('3JUZeHYnJ8q9pqYAYyTDnR3A4bUZte1mJF', 117388), ('3DUUHcpF8m4ngK1Njz2dJWwNA9dSkG9CsQ', 150221), ('3HpnFkXYGQbWa2eL81tbyVRvwAe3okSQg4', 137858), ('3HavtYuZtbhPio4jbkYzzJvgyaSSzu49rs', 57329), ('35qixYi3C9tm4T1JeUbiwSd1AdtJW7KqM6', 23626), ('3GgP7iyFEYqra9DdMYu2G2iZybScMEe4uu', 22552), ('3Jx1ThGhh5P9vL5XkMw1NauH2YEDSZo4Wd', 300000), ('3Jx1ThGhh5P9vL5XkMw1NauH2YEDSZo4Wd', 305049), ('3Jx1ThGhh5P9vL5XkMw1NauH2YEDSZo4Wd', 305265), ('3Jx1ThGhh5P9vL5XkMw1NauH2YEDSZo4Wd', 315971), ('3Jx1ThGhh5P9vL5XkMw1NauH2YEDSZo4Wd', 316586)]","[('3Jx1ThGhh5P9vL5XkMw1NauH2YEDSZo4Wd', 7554037), ('3Jx1ThGhh5P9vL5XkMw1NauH2YEDSZo4Wd', 1542871)]"
24,65d4e0fca3fbfc62465e9f8e79164bfeabc2ce54e9ae584e5bec80c46bb885b7,2021-10-14 07:33:32,"[('3BgSjL2iAmEQaxm2xiGhJxse47zygwVdvz', 190528), ('39WTaZXzFmCNLfC7Fr5ZjaxUR1y32QpoWq', 108055), ('3L5wqTu6aRcoSqfFCnoZnLWCzCvki5AatY', 141045), ('3KHvMTWqQc5Yyiu5FrBKrheL25n4MPHvbh', 110863), ('339sMJhhEYubEGovj4Y4Rvy36EZYA3XkcP', 105752), ('3HGmQfxH7KbPKrjydJGjdUYWAndccKssSh', 115085), ('3ERUPmhTZHQAcfxVdU3b2kZU48Mv5ToyTd', 152887), ('3LMjXGAua2pHZ4cwfKWqB8Bsywe9sRQ14V', 103191), ('3Kaoq6hRzXWZQxgQHPb5ztZ8erDzMwVx9B', 161518), ('3JedRgX9HN5TGhsmptuP23J2PJuRAA6FMn', 546404), ('3A2fLJehDNGuYTK14F8k2hGK22sCNB5wHd', 191188), ('32kjrpgmv8nxNbSD1Tp6SazraE5869FEEx', 190055), ('3LVkhFYYYrceUnPfjSWyyu9pD6Hnp6xLTJ', 114457), ('324Qmg8FRcs439sw4QwcdSRqYyN7CvWe6f', 239111), ('3Cy9NrdzsaThwYoCELDjZcNwKSfLfrnQSA', 110314), ('3BpJogQTG7k77uRQRLEhSLsUJpUQcWkyaN', 107619), ('32As9ma2Cts63aEbbpEfi73HGP8UEHiaBT', 144598), ('3FEkT9Y4sc9oSH2yfarqxCyrgpyzsQ8u3A', 176163), ('3JttEnCSxxv8FwZoGbSScuPjacnbyi6n7G', 129040), ('37jcLXgBnkLMXhPWR4dHXt5Xatbooxtebh', 155590), ('38pRfm51RGbE5CmYTpi8SN7kw6oZYRNje3', 531173), ('37qjQ8Sc1TGc1sJ7ErAZKD9dTrvZKe1BAm', 521036), ('3FEVqoUWfABHdGHau6yriqEXsgceduY1nu', 143548), ('39Pejo2FegcsfyUNkY6YmVEMjVec7oWYQJ', 189607), ('3JT94NzjpM5B63hRGZZb8ux7qzW9Xsc35X', 1077), ('3JT94NzjpM5B63hRGZZb8ux7qzW9Xsc35X', 134392), ('3Cjch7me8nbsQ6sSSydLpRedFoT98JLLkw', 147836), ('3PUZY7EAxaktqUPc1mJMt9tMjgKMze7RG3', 151608), ('39KkZ9B7RvbyDnB8KwY2re9wrtHAtQZH8A', 146869), ('38QKtuiU88YTQfXpH4tj4bPNzqopaYp4Te', 148561), ('37XaR4jePqDb2kzxWjB4dr5wzh3kF9zoui', 187078), ('3QhkyVpZWetUa3JzTE5HZiz2sQXyjCNpqB', 254998), ('3KLo2hdh2UrepbfrrwqVfNe8v9WDycNSAM', 136451), ('39nHKqSoyYbhVybDLnvADKdic3Wm56QgJz', 120335), ('3LZ8L8mjSgXznFeviLNpenXXqCPngZu3p7', 551251), ('3Q1DjFL6XkjfumHvd7vrG6yhMvNdD9akf8', 130079), ('35SciEnRAKVAAtskjm2oYR5nCADWm8AQHg', 104848), ('3ARtWmaXWZr3XYNwtZjJpoBMEfVaVW4e7y', 109209), ('3NMLpQQv6FWF9Xnh2fqv2LfTcz9tFAy3Yv', 504095)]","[('3Jx1ThGhh5P9vL5XkMw1NauH2YEDSZo4Wd', 7501659)]"
25,d7a97e28c5057ea103635dd0b347b31b6447a309a20f6c884502c32229960785,2021-10-13 17:45:27,"[('3AC9f5DuDhNJWpG7isPPEswFW6tWCsrH7S', 136980), ('3Dt3fSnApgmQgYmq6vgNyvkN8HogneStNL', 144378), ('38WDpLiuqxEFeBpLhph5pDckVzvsC8bxms', 168012), ('3CjDp7b31n3NkAJ2pj9nnCxFYgj8UogDLQ', 26432), ('3A6bGnacLz94LXXn6Rd5K5HRvNbjeALjy9', 133817), ('3EyuTCsAsjBf9CwZ1vj97xBU3yanDWnAir', 89594), ('32Xsd91FUm1bLcRwrJV6DLdG7SDArKFnHZ', 10986), ('32Xsd91FUm1bLcRwrJV6DLdG7SDArKFnHZ', 11661), ('3LqB267BqQJTpBD4tRbsxc7QnwCb1FKv3N', 7657), ('3LqB267BqQJTpBD4tRbsxc7QnwCb1FKv3N', 7732), ('3Mbjr5BZpXHvtTvR9baVVw54Gz8SJUYEdB', 57172), ('38wCnzbvmhibh8cwrSh9wbs8Nss8Z6PthY', 137426), ('3CfvKQCv4r4pM8M11KNRXbobgtX4mFttXG', 18052), ('3CfvKQCv4r4pM8M11KNRXbobgtX4mFttXG', 18117), ('3DADU93E6DKAjJtkg1B1LGunAjG2m4JWTk', 124378), ('3M5mRBMpVFBUPh1CnfKaieJpkq9pThEDw5', 124643), ('3DT9u4qpe4sdngS6ZmDnTmYFn5iJrJdfZ3', 13071), ('3DT9u4qpe4sdngS6ZmDnTmYFn5iJrJdfZ3', 14396), ('3G7C9eaNLUtiUDwwstnHMW1CC4fRViU2Q3', 263451), ('3EP79uGKnohdfYQQUpCmYHFbA3f7CcvKT3', 308714), ('3Ns3x3uXVsTTDGLno9rzPdPdJD3j6voLx7', 200040), ('3ARrcsgMJ9fGDjoZdL9yP18zEnRcdbeJev', 263106), ('391nscRprKnFaoWHqgMoMmy96DrAnXgn2Q', 142252), ('3AQd1PdsDtYuRbinbVeR1YFCUPMPBzYCn5', 15941), ('3AQd1PdsDtYuRbinbVeR1YFCUPMPBzYCn5', 16538), ('3QNyQxu57xHieFbWnKiZw665AVqq8xRKer', 3950), ('3QNyQxu57xHieFbWnKiZw665AVqq8xRKer', 5622), ('3QNyQxu57xHieFbWnKiZw665AVqq8xRKer', 6348), ('34itymapFixMiA9tWjnCWxiuy9SkMbvnzZ', 72253), ('34itymapFixMiA9tWjnCWxiuy9SkMbvnzZ', 72735), ('3BKafXGXJ6z9uDxSn8r7VpgoaHU2Kh5fRt', 110891), ('3Axh3t8CF9q7EZgp7BoLqC13qtZRNkXtth', 1276), ('3Axh3t8CF9q7EZgp7BoLqC13qtZRNkXtth', 1794), ('3Axh3t8CF9q7EZgp7BoLqC13qtZRNkXtth', 5393), ('3Axh3t8CF9q7EZgp7BoLqC13qtZRNkXtth', 5477), ('3N86ckxAKfkRdJzH1e9UnHLJr3zqU98jPZ', 151670), ('32dpQKYSMYZTEdAHGBk4jEYP6P7i6uDXPv', 22979), ('3Jw7BcuV9iNpXK6LarAed9iiGEcutjFfsh', 25913), ('3Jw7BcuV9iNpXK6LarAed9iiGEcutjFfsh', 26996), ('35ucVvqRExumsaMHhFT8jQFZNb7FAhs15r', 44647), ('328n68qHE4u2zUqRuVvDzbQBNqWQfcyvDK', 4861), ('328n68qHE4u2zUqRuVvDzbQBNqWQfcyvDK', 7798), ('328n68qHE4u2zUqRuVvDzbQBNqWQfcyvDK', 7834), ('3KVHV3NExDhukzaaxb4Rf1MiUgNxWczGhC', 170800), ('3E3F5rcQCsQiNwqNbT7dS6sSp95bgxzwAr', 9227), ('3E3F5rcQCsQiNwqNbT7dS6sSp95bgxzwAr', 21246), ('3CH62zgozG8VXkiUZZcqmwDuaaAPXXrMHV', 9477), ('3CH62zgozG8VXkiUZZcqmwDuaaAPXXrMHV', 28168), ('3PHhFRAgARU3tdFdAwoFT9hjv89qbKAo1M', 13539), ('3PHhFRAgARU3tdFdAwoFT9hjv89qbKAo1M', 15953), ('3PogYqk1pYc1AwW4ddSoWDvMUsEbKChZmM', 41962), ('3PogYqk1pYc1AwW4ddSoWDvMUsEbKChZmM', 49462), ('38HW8DCB6iENQnXtgrDWV1Mzbfq2wm5NMi', 109564), ('3PQaQcRLrmmKLEZonbYRKaHDRkhxUyz2uU', 102413), ('3DKR5XiNwCVsJ6oFFLwe5DNfzhPnusnadY', 117387), ('3CkSjoWvrpwWkWkxg6Qi5W9gwZ73rnHE1K', 64505), ('3ChyVsYtnvFAd6aPynMicZF6amD5AL1Tt1', 359794), ('3ChyVsYtnvFAd6aPynMicZF6amD5AL1Tt1', 1081673), ('3Hskz3BTgccKfPb1KgxkCor9yEAdPVbBkJ', 12452), ('3Hskz3BTgccKfPb1KgxkCor9yEAdPVbBkJ', 13111), ('3PTkdqS2PhEr6wvkYFPSBTiAsL9Hc8GjC7', 50000), ('3PTkdqS2PhEr6wvkYFPSBTiAsL9Hc8GjC7', 60000), ('3PTkdqS2PhEr6wvkYFPSBTiAsL9Hc8GjC7', 150000), ('34jmeinWGLHUnWgyEBJGhNXjX6yHkjRCcJ', 84272), ('3QNz5qz2MH1kxbLVTwutZ3acmmoD9pGNFc', 22963), ('3Gpz4k5yg5r4ZjYzZ1oEj2r8bixVA2V3cT', 143249), ('39Pejo2FegcsfyUNkY6YmVEMjVec7oWYQJ', 184965)]","[('3Jx1ThGhh5P9vL5XkMw1NauH2YEDSZo4Wd', 5939138)]"
26,e49621685aced976742f3dc5947d4063dedd0e44129f4b666931caea33de0c53,2021-10-25 06:59:38,"[('3DfaPdD8txy6CLr46XnqwVB9PBPkAkLfLn', 187038), ('3HVnJ57mvupdtkA9xPFdhCUPLvndKFSsZW', 130697), ('3QwoNgDPTmxvaLzFUuKc9UUafFEvv2J1Rm', 114163), ('3HKpwTqyNEDu2iq6HViwMwn4cWSs8tsFZf', 107664), ('35uGyT7CQZxadR6kuiDhkZkjHkf4wanFC5', 111468), ('34WvcDgCjUABwbkTA9iCNrWqrQfq62s8ww', 149875), ('3J4J7uYK84kic2zowZxxzTfzysBxczD3mY', 102272), ('3PbdBmjzrk2nnxrdz7YrB4xWdF22psMySZ', 142476), ('34ds2NY4SsnvZxkAtj9mZdfgkJq6jr3WNV', 180392), ('3DS4bQNMrrWv9Lq1YamY5oDgGeV5vPxNbM', 111060), ('3PodFrWZp41GSwGAcuC5eXcH1Jncpm2wV2', 119358), ('35FfLm3BBqnZrCfnLVn66nUbXXShukAavx', 173052), ('3PEEm8fhzFdKFJBtyjmaEb66iYR4aGHE9s', 214049), ('3BAo32EzN7QttDivkLFrBJBi8h3vPp5cb7', 209288), ('32F4UESXzQLSCVTMbRh9x1xF7Gd7ykcHMg', 895631), ('39Pejo2FegcsfyUNkY6YmVEMjVec7oWYQJ', 183137), ('3AvMFKeFUMmHF46nfxEitRyPb87LJ1xeoZ', 115316), ('3GK55rzZKnmFJcnbeR5PDwqfkt3ziKUMAc', 112119), ('364SuMFubnmCXuuP23Ub4867PxVapnYYgi', 131506), ('3LXdGjJ4fyFx3Erhcpz4P6Nkv12qUygPTk', 110995), ('3NBypssr6s3hFA3FmqQXfE8m2h8wdWAgXd', 102945), ('33BR1JcgfhuQ3HxaZ3HEL843CRCYCmKSWG', 131301), ('3QbG8rReZj8HfSpY9uuUEv1SDiyf9Awyc4', 102292), ('3CCaNdcPbV8YGRd2NfZZMipmx4VztjpWnW', 219740), ('3QfT6iHkpNgRsrhGivVoBY1sQKjXSnjmiy', 168231), ('3LzFdNiaQqUFnEmtSsdWmNmXn5b8fm9aGU', 103057), ('32psV4vEZqUzjYZj31Adoa1ecRsLkJuaJE', 111274), ('3QY9S3QgogZYad1JAkqLy6eHkKnSFSiUKW', 134811), ('39xi7PuA43oV1AvLrGs8qgeQe9dL5fQexK', 118636), ('32tkoqdHoZL8vmFv7LqLXQZLDvQ1HhPqUW', 112529), ('31iHZvcdSiHbGpzkaQgTJ2pNjUU9xB9VRj', 111107), ('3PDHssa6nNcrztsq4RhDGSq2Y2KEpB38NA', 230599), ('3PBxV6iSXw6E7E4XwM2B2ieNtTW3jP8id2', 196773), ('3HQFte8no6b1zLh6y5bxCcUNvnZrr4NS9z', 100499), ('33HJjjrs3zjmr9FeBsRshVxTjdSi2qnS99', 126409), ('3A7dxpZmFeh8m1N5i7ZyP7S1UQV5cCC5Vk', 116413), ('3Jq6yg7ZoZyhb1Sc4wKJQVxGuBseyZnbap', 153886), ('3Dr5iBUeKaGLBr1pmcnDmuJoKBtAwMX94E', 143430), ('3E3cHmaBspJHiu71edLsr8mReHwt1CkKWe', 324423), ('36ohr48LVGxLihjpR5SdBpdh5Xhc8wzi9B', 162383), ('3Ch8UH46qTbwjcHagLsLAhif33c864Qh6m', 797005)]","[('3JSdUu1ivm3rqMvuCTAdAj6Dc2hdVhHiEe', 4746971), ('3Jx1ThGhh5P9vL5XkMw1NauH2YEDSZo4Wd', 2616141)]"
27,9feee0571593cc7e74640eda30fae511843d55614809cfb56825841c55c676a9,2021-10-24 07:32:32,"[('3P7rzf4TFnnfXbPN2s9M1vBeEN9LrdWC35', 125910), ('3PUZY7EAxaktqUPc1mJMt9tMjgKMze7RG3', 134680), ('35VTAgqvMSrHdTR4gY1X31DiC8h3socGmx', 319377), ('3Arv8LpBGM1myXRkJE9CVQpueQdQnNRioo', 204878), ('3MooKuPXoYYNyeB3bnNTDetXWfE9bA5Koy', 256227), ('3DqLuVvjYkddQuyD5QdDTY73bwwpqgqtnf', 174233), ('3LEmbmDosjbAXcVGgCgseuv1oeZys6vA7S', 1019), ('3LEmbmDosjbAXcVGgCgseuv1oeZys6vA7S', 103577), ('3MJEHRSGubebz9SmU2ncApucxJJDoqEMXS', 101904), ('3BUgj1mTdzDmuTKPFj8rCBcJHLcwHRXq7L', 135456), ('3MX6BL86PjkSUyWobvEky6iEQgYa1FmBcM', 175010), ('3HkguZ7KTbvqJiWwkrdf2WdyNFNgHTGoNm', 115574), ('3ABFYXfUt6a7NNK7eMQmGW9qUh3gsSEcRA', 114844), ('3QPAj7i6rDnTQ17k41Lb1c8XsS1cMCBsx7', 116404), ('39BsPkMro46pzi3YRp3nfaXtLhsZqj1dWS', 104109), ('3BKmJHY3ywBEkxLCY6Qggh53fVqEndhC4Y', 102157), ('31njpQ3b4h7nKScoN3AxkeoJouAX9L3fPv', 137731), ('3LBfHkewN6FhCM9JykqdamJf7rPmgEqxZb', 108517), ('38eoFX1XGSGZJGHEjBQudS5CRY7Mx8sUDQ', 144630), ('3BeuZuKtLc3GLDbYF7dFBSqLs2c1NJ8an6', 199870), ('3H3t4YXF4GWK5WCPaatJ13jd369bNS5qqP', 103698), ('3KB44JATc4MkENaZy1Lx7dsKrPtPFmNebq', 127288), ('3PL3nfSd7SvzdtE5bM3bfjFFZUyYQ4oMeY', 157331), ('37ocMjv3PbFkkD4iH5vQok6cjMgUTrFCYf', 185230), ('3QN7x5vNWdBsCMZeLTMJcL1sdEcbp4T7wD', 110434), ('3Cy9NrdzsaThwYoCELDjZcNwKSfLfrnQSA', 109339), ('34nbGvLd79ngyGAJYgrGL9Cs2StX7BwcQH', 102210), ('3JRx9nD6F96CLud9VoQxipmc2NavfpF98J', 1996000), ('3AXgYLHVndFNUHU67Zuf3ooUyMYXC6SL4n', 211359), ('39Pejo2FegcsfyUNkY6YmVEMjVec7oWYQJ', 182022), ('3GiCuTrnrCar62YZ8AMJP8aax71jxtrWZA', 531900), ('3FKfx9suxHh5p6uu2pCqo4xfTAZUzx2J7p', 113545), ('3ER6KCUJX7xow8KGzTvFg1b1QFArCMf42c', 110498), ('3NvxAiPrGLd4oLycUsa4mj7TBvvT5DeEMb', 304214), ('3MKgq6qLrKVPzR7WsABAbJWtLbnnvct3Sf', 124488), ('33sNdxWfTougr6UhoMzvb2YMQess5wA3in', 125590)]","[('3JSdUu1ivm3rqMvuCTAdAj6Dc2hdVhHiEe', 4294026), ('3Jx1ThGhh5P9vL5XkMw1NauH2YEDSZo4Wd', 3171785)]"
28,b9ffdf2ace6a03a1a668e727ce1c7cff388c5291c7964e4b54b0afa45cef0803,2021-10-23 03:55:39,"[('3LhzMf4T6vhLE8h6cvaHsrZEUhggXQ9GDe', 326429), ('3KX4rVRCmZbS7pzCLho1YNMALJGTxwahNi', 76301), ('3JRgbnrxFn3D8kdjJbAASLvV1DJXof9pSV', 101580), ('3HAv6mGTSoEUeAhSQTTGYQq8Com78bcQW7', 1294328), ('3EYXdTAsyCaxtNzv43c2FhmMzXerrZmDm7', 162049), ('3CW3Jhd5BjkMvZ1Gkj5sHsFJK9YaBb1RBb', 105272), ('3B8JbhYfSWMRbiquXL49Riru2eMvEdV64a', 48033), ('3EScBYwuHZqrRZc1Q5bu4VGGEUjGaZX7ms', 1143), ('3EScBYwuHZqrRZc1Q5bu4VGGEUjGaZX7ms', 109157), ('39vnCJ96RZUZ87dToLbkLpqZF6egDsNVi3', 116736), ('3Lf2MgGnmRBNCrAJkJyyQRNNci6i7WLZbo', 116232), ('3CgGChbny4U5vtMSAQNi3FyK72jYsGCg23', 671659), ('3BH5QBvR195B8b86aM12rztX8GnwCcTUY1', 178955), ('3BH5QBvR195B8b86aM12rztX8GnwCcTUY1', 182726), ('3BH5QBvR195B8b86aM12rztX8GnwCcTUY1', 187215), ('33C6ETtgH7F3wPa1LRmWoTKj6cXwKPsp1M', 29162), ('37XaR4jePqDb2kzxWjB4dr5wzh3kF9zoui', 143634), ('3NQWJZho4HvqRSuckagTX5aPK3TFDpDp14', 103142), ('3LPUE8Gu3RfD3n2m4wKjeJ47y1mCSftvaZ', 149454), ('3Mmwk8CDwKn6DBEvghwfHSEv8H8Rsxdxrv', 148509), ('39RY6nozETQ9ZbVJvJXFqzCCPtMoNbMMBT', 102226), ('36Nz2Td6FkazJReApot4CPcSqQHg7Ay2ES', 15250), ('33N6Y4f2Z1DR3syTUeGcsPWVKBWkBoergd', 85993), ('35NcakEKvQ3Z9w7qEAW4PE5ir1gj9AiAP8', 44300), ('39WtLQhkQVzMG7yycBB53m6GjaBb8xFoCk', 743852), ('3AXDLKuiBChF4trfWrfLjwLLLdY5dNuLLh', 506159), ('33ogTGVGhVKYPocm4bK82Xi54hwXpNa42v', 17437), ('3Ez1FqRzwzgpiqpHNViuoDGeguKRSLWKsC', 33658), ('33juiFDpYDA6pG75i9qar9hzt7ZHNm4FiD', 102673), ('3R13JAukma62CbCwmhfvQUC4FP6zNaNB1n', 174490), ('3R13JAukma62CbCwmhfvQUC4FP6zNaNB1n', 183199), ('3R13JAukma62CbCwmhfvQUC4FP6zNaNB1n', 184184), ('3DiD7zJ6F2GkaB9bJvPaFjkmrPDbo7dNaF', 130467), ('3Lk19WgXR3P4PSLt8YdUCARki2AToGwTuf', 27961), ('3Lk19WgXR3P4PSLt8YdUCARki2AToGwTuf', 28291), ('3JayXeXYAxuWFi9QepWJEFva8Lb24uTDff', 153304), ('36JU9gZCHu8ugEm5tzQBYsScW6zAWGAzDP', 116647), ('3FBgFCzbxAJfNABKVJe5UQNBKhXdVQeHcr', 134432), ('3G9tpp2DVqauVEieNPaJKhZQKeJBfTxCRr', 32409), ('3Ktqg2SMio6G5BwzBAQ7ZNryEDcDfZJtSi', 23844), ('39Pejo2FegcsfyUNkY6YmVEMjVec7oWYQJ', 180939), ('3K1jYJHhDaLvaWQVR8JruWR3dVQSzvumW2', 59164), ('3K1jYJHhDaLvaWQVR8JruWR3dVQSzvumW2', 59702), ('3K1jYJHhDaLvaWQVR8JruWR3dVQSzvumW2', 59781)]","[('3JSdUu1ivm3rqMvuCTAdAj6Dc2hdVhHiEe', 2539588), ('3Jx1ThGhh5P9vL5XkMw1NauH2YEDSZo4Wd', 4905856)]"
29,c6e52b802377bed83d48253a47e96e780ed9cc7b3b66e6acc77638a1bd4ccdca,2021-10-22 04:28:29,"[('3EisETLh7kYgxmnuVLSZxqn9dZoaemiiro', 12427), ('3EisETLh7kYgxmnuVLSZxqn9dZoaemiiro', 14212), ('352yhmmUjRT8jbWhsyRawZAv3WfS5hXFR4', 30033), ('33JdH4SAyXX1pHFcs682wxeEnmeWTzGGSA', 270000), ('36DKK2DW2Z5jXgFpezLs67SEx2R6g4yXaU', 134020), ('3FNJqBfm5ksvthT2Hb3WuCUxkNDtjH8F63', 148374), ('36sZqSJuJUjN134Efiv5eUcoxWPcsMpTgf', 377041), ('36sZqSJuJUjN134Efiv5eUcoxWPcsMpTgf', 378083), ('3BhJw1gAHoS28t68mHjmhKyugeJZESEVuX', 166865), ('3BhJw1gAHoS28t68mHjmhKyugeJZESEVuX', 175893), ('323FNGhCTWeGkGY7Cj4o5tCwUxGKC21PS3', 19808), ('3H3Ptz6E45kbWhtzPVZd44gPNKr6sUWa9f', 20673), ('3H3Ptz6E45kbWhtzPVZd44gPNKr6sUWa9f', 28613), ('35VTAgqvMSrHdTR4gY1X31DiC8h3socGmx', 253058), ('35VTAgqvMSrHdTR4gY1X31DiC8h3socGmx', 310458), ('3E5hLq9NwxiC2wWpVb7kJPuzrBF4YwRQ8D', 523570), ('3E5hLq9NwxiC2wWpVb7kJPuzrBF4YwRQ8D', 534155), ('3318BVyhhhuwJBRMidsYkKfsn7CgDS4GHP', 537969), ('385eRcL4uddx61VgWG3jn9TMBZPYeMCd99', 67300), ('385eRcL4uddx61VgWG3jn9TMBZPYeMCd99', 87000), ('385eRcL4uddx61VgWG3jn9TMBZPYeMCd99', 101200), ('3AjZH2DUvf2MyD3TwJ1G4t9FZWGQD1zfQb', 15813), ('3LqNkWGekvUwByMnN9qPswUN4oXVp2vFhs', 100797), ('3Dr2JGEQzrgQLHLKScyd7xSvedxgQXq1Eb', 414235), ('34Y4b4pUBgKdfmywrs7jDUaNoVgGxCdobR', 83372), ('34Y4b4pUBgKdfmywrs7jDUaNoVgGxCdobR', 88002), ('32qFHwHzARCqorTnxLCzxQYBTEWtqL4Kdc', 374700), ('3E34UYNwWH6tGqiudsUfVfqERax3cw7cBz', 124786), ('3JusXNrYuPWvmDLfb6WZbrmrhK6MPSt9jJ', 131064), ('3JusXNrYuPWvmDLfb6WZbrmrhK6MPSt9jJ', 135741), ('3CjmK8G5NHcWSMt2CX9LuL4YqYPjUGdBEQ', 326909), ('36SyLDWaeb3E372LEsaAgB7NQJCdHrmBpG', 175571), ('3KU7PsAN8JXUbWYjTNCEfQcJGpD19YZh9J', 149391), ('3ApfgFujXAkRdRzJaDnv4EtrwHu2q1bVew', 16031), ('3HzJ7Lsbbc3q8G8iUkrm2aYJVo8RKqqcWT', 101260), ('3MSVpJpzTBgyDFsKpeiVo1LgSDJ4EXdUbc', 105470), ('3Hms8CgHzcPsZ7LepfAV9UhY1cmgFRzJ9p', 22142), ('3Hms8CgHzcPsZ7LepfAV9UhY1cmgFRzJ9p', 23970), ('3A6C5hY4M6Wt51Y6dCFXqrpVb3182nSEkk', 140085), ('3MrPz5TDGDx5rPXAndmmv4BEGRmLXJQhYz', 6008), ('3MrPz5TDGDx5rPXAndmmv4BEGRmLXJQhYz', 6120), ('3MrPz5TDGDx5rPXAndmmv4BEGRmLXJQhYz', 6238), ('37uEzNoZhF6so5VY7tgPZdSv9X9jGohncB', 4276), ('37uEzNoZhF6so5VY7tgPZdSv9X9jGohncB', 11131), ('3GHUyEUE69FsSXrCuWucYbtENXv99Hma1o', 158653), ('39gQEJYuAS3tUYcQsdEQGBqHDXrbb7TvZb', 115400), ('3Do195rTu1EPxAHkF66mV1ESNCaBEYaBoh', 104992), ('3HiXfVuMrbVu8cTM2hna84ozrMqYmU9dHF', 17965), ('39Pejo2FegcsfyUNkY6YmVEMjVec7oWYQJ', 185555), ('34aGYFXVwghup9SPKBA8WVkeEX9YCEjaDk', 115070), ('3CRxwDrFHmNZgXEzUo8aQJ1bDyfYht94VH', 100000), ('3Jx1ThGhh5P9vL5XkMw1NauH2YEDSZo4Wd', 305028), ('3Jx1ThGhh5P9vL5XkMw1NauH2YEDSZo4Wd', 312453), ('3Jx1ThGhh5P9vL5XkMw1NauH2YEDSZo4Wd', 314994), ('3Jx1ThGhh5P9vL5XkMw1NauH2YEDSZo4Wd', 315103), ('3Jx1ThGhh5P9vL5XkMw1NauH2YEDSZo4Wd', 315151)]","[('3JSdUu1ivm3rqMvuCTAdAj6Dc2hdVhHiEe', 3813171), ('3Jx1ThGhh5P9vL5XkMw1NauH2YEDSZo4Wd', 3729872), ('3Jx1ThGhh5P9vL5XkMw1NauH2YEDSZo4Wd', 1562729)]"
30,ed9c9bb8e1abd641ed26e76ff8fb426394593e9cbbacc7007ee2a994e77817c5,2021-10-21 08:28:57,"[('3MTkVvfV9duhyZ243CMu5LH6J89PZvvkgj', 21488), ('3EGK4FVoJmq8A5khSY5kB5Xy5HA2ritLvs', 80390), ('35GCveSbMGfmx5frDeUKs9MwFr6QjfZ6du', 104946), ('32aYseRZZADDgcygnpnqEuyJuJZAzQ4coa', 6165811), ('39Pejo2FegcsfyUNkY6YmVEMjVec7oWYQJ', 188449), ('3BYH8FEUHq9N87VincT6GBTzf3Q4nYvJjQ', 569516), ('3PHECtKQNWKTE2qMEL2f2HnBkfbFpD4xYc', 1645), ('3PHECtKQNWKTE2qMEL2f2HnBkfbFpD4xYc', 1734), ('3PHECtKQNWKTE2qMEL2f2HnBkfbFpD4xYc', 1821), ('3PHECtKQNWKTE2qMEL2f2HnBkfbFpD4xYc', 2426), ('3PHECtKQNWKTE2qMEL2f2HnBkfbFpD4xYc', 2431), ('3PHECtKQNWKTE2qMEL2f2HnBkfbFpD4xYc', 2614), ('3PHECtKQNWKTE2qMEL2f2HnBkfbFpD4xYc', 3126), ('375Y8ySA1YaZZg2vfDRoxRbZ8uPw7M4YM4', 21192), ('3EY3Gqy2fMDzMRtFeUMyWcacuyR2Mk7WZE', 138963), ('3QWvPaEKc6tnKc6xwQHjAjGaaSVQQSbRNC', 112065), ('3GiGoRS6YshspTL5FcHgMy91be8D8KUFFo', 17443), ('3LBy5AnDSp586cdXxRAvDnFrtb3R4HQ8MF', 34196), ('38zvGqDMKdAxA1eRH967Zv9fh5sNUjGYaJ', 12516), ('38zvGqDMKdAxA1eRH967Zv9fh5sNUjGYaJ', 13410), ('3DfYA3UTTYjZvajQ6owCAeJWrFHduk6NFd', 44053), ('3HLZVkEMMQdvcCepxuteHC9NxNWcKviXTr', 2412), ('3HLZVkEMMQdvcCepxuteHC9NxNWcKviXTr', 12754), ('3JSdUu1ivm3rqMvuCTAdAj6Dc2hdVhHiEe', 300000), ('3JSdUu1ivm3rqMvuCTAdAj6Dc2hdVhHiEe', 300000), ('3JSdUu1ivm3rqMvuCTAdAj6Dc2hdVhHiEe', 300000), ('3JSdUu1ivm3rqMvuCTAdAj6Dc2hdVhHiEe', 300000), ('3JSdUu1ivm3rqMvuCTAdAj6Dc2hdVhHiEe', 300000)]","[('3JSdUu1ivm3rqMvuCTAdAj6Dc2hdVhHiEe', 6712910), ('3Jx1ThGhh5P9vL5XkMw1NauH2YEDSZo4Wd', 838207), ('3JSdUu1ivm3rqMvuCTAdAj6Dc2hdVhHiEe', 1500000)]"
31,b4da3cb0793a0a4b4d2537dcf674450fab79c254c5700d3f34445e273d1b8669,2021-10-20 03:47:48,"[('3Mi11GZ6h3SPb64TjfNcryafV4NnNSQvM2', 126288), ('39Pejo2FegcsfyUNkY6YmVEMjVec7oWYQJ', 185017), ('33Jz24kfsRyoXpBRozE2gdutBBuqxaZpzL', 1154573), ('3M9fci7UurSi4BqoXUnLwXuGykkpF41Ymj', 305766), ('38arRD9aka1ddQozfDcauCxamAYZBdo3Gc', 127864), ('3NadLftQgchixjNsgbvYqSkxwDzVzEXpVi', 171643), ('3QpxHUUmxSseNJjk2jxLxaw15oucrrNKTQ', 151705), ('3NTSa2vfTDhsQ3NAQUH96dFRX1AeVRPE6A', 139206), ('3DuGrc7y94dvKKKub88icZaGS577iP8Zz6', 116092), ('31pv8YMCrd4yMck5to6T4XMKGmUW8Y5Aph', 117666), ('3PGMi8xEsVRoA6bHsVXGu6uNC32bxC8DyJ', 103959), ('3QWvPaEKc6tnKc6xwQHjAjGaaSVQQSbRNC', 106963), ('38CAo8QA3neXL4FG7PY4VVGhRv8tKrfeDe', 186749), ('3F8FKGGUrrbq8SzJrnY8mKqsWzefA2ZSyE', 200741), ('38zWgo39mDgwQ1LaZmroX5Ax5zWmaubzhE', 163724), ('3BvAPUHnKckn2dJ7SqAeVDYaiTeSqUHGoY', 100647), ('3Nczm31iQzZgLd2s6AZg2EN3JWJpYzrpZR', 426623), ('3GycBFPU1ok59B1CcLy5QaATMN3RiR5b5k', 121159), ('3KgMsHntzpYmdC8LF6YXrvJqGwuz5rxDuW', 106652), ('3JM3RcCwMHAomxuVChph8s2aVyN6oRp4GA', 148890), ('3M6kjHSn4TcDN19jzHTKKugv61dCNv2EgN', 163591), ('3F1U5nQbVu7t3XXvRuvc7NLcJrp2Nxabxk', 391838), ('3EpXf18SLjhvPX9Xpx8NrGfWB3ee7jwdFv', 130701), ('34XCAdFzN4AE7azRBMGjqQL6VjHm7jhx1f', 141650), ('3CyK2r4xpH2hA75eCWH7LyX8bi7B8Bzgsh', 122510), ('3BAo32EzN7QttDivkLFrBJBi8h3vPp5cb7', 201997), ('3JuYUqkHZDbtrvAv2gpxcufSmerLAJK3tY', 154231), ('3EN8wjQfCziqWDUPhDaMKhdVWrHhYGe36u', 104676), ('36KChP98CehEGTJpFmvAzkMgWM31CSfGn3', 124055), ('3CZcT4LuV5cdUxPkVU1wD8GZk25s9RHj3F', 183713), ('3MHwaCQcbrXnz6ReRMa5KSZvv4BraN4rqe', 118043), ('38vDhw2goSSpBDzs8owP7Ti6fCqWf3Vtg9', 239673), ('3QZJp2rB6qECsR3cvPrNQm4tin714n1V7j', 152221), ('3N7GLjHgWJtABWisUHxCWbGpHSaMFZQBQV', 103960), ('3Cs9ACUmEVzritdwKg1HLuhw9ZLdN8hsyX', 106566), ('3FgUQdYPP2EGHA4Q5zQHnuSjx7WxyiXpTn', 102664), ('3Cy9NrdzsaThwYoCELDjZcNwKSfLfrnQSA', 106572), ('3Lec3qjYEr8dnQLBsVGzohkwbRxC2ybwxN', 153109), ('3Ct6zRnZiFXgnkkkeLULKKEHpaLhAq5giv', 135010), ('3GEebWNtsz75XcNy1u4bgTtMkTZeW1YXVw', 236894), ('3Arv8LpBGM1myXRkJE9CVQpueQdQnNRioo', 110189), ('3Jx1ThGhh5P9vL5XkMw1NauH2YEDSZo4Wd', 364478), ('3Jx1ThGhh5P9vL5XkMw1NauH2YEDSZo4Wd', 368864), ('3Jx1ThGhh5P9vL5XkMw1NauH2YEDSZo4Wd', 429547), ('3Jx1ThGhh5P9vL5XkMw1NauH2YEDSZo4Wd', 513191), ('3Jx1ThGhh5P9vL5XkMw1NauH2YEDSZo4Wd', 808400)]","[('3Jx1ThGhh5P9vL5XkMw1NauH2YEDSZo4Wd', 7538858), ('3Jx1ThGhh5P9vL5XkMw1NauH2YEDSZo4Wd', 2484480)]"
32,0822167594e334337422c4588d61d82c19bd39a74a352cfe52a056d450765800,2021-10-19 11:37:47,"[('3J5kPpteVY75M8KdLABZqNPEdjtqsR5pZT', 71400), ('3NdrSMAbsgbXHCHaXKvD8i6rzj4cLLCPHD', 113108), ('3KB44JATc4MkENaZy1Lx7dsKrPtPFmNebq', 124274), ('3Ljs5X2LqRMdD2zpBRSJp6pqst2icyXzvs', 14100), ('3Ljs5X2LqRMdD2zpBRSJp6pqst2icyXzvs', 17500), ('3CpNuE6AcKXDU9GnEeKxkygU8H4gLNyjk3', 112317), ('32a2rsqoNv1uTThNg42BuX2iZrXSFw9eaZ', 92445), ('34sUV8TicokyX9BmhN7cohbtsGBwoKDKB8', 116764), ('3BAH3x692pdoSrsYXo37WihcehXmJyZ3b5', 164149), ('39NccZ5fvvkcgoVGfemJK5tYEYTEuznsNv', 138683), ('39Pejo2FegcsfyUNkY6YmVEMjVec7oWYQJ', 188185), ('3BCVp6Bb8JFqWD5Y9MjqvfJJaPW3ZYc9rd', 38519), ('37vQcyaqgFP2x44MUKpTD8LbqXAmcU6E5B', 105702), ('34FjPpMXKBmB2KTFGCfzR86f94LqEAW2vf', 100597), ('3KYiHAB3prbvRdCL31NS9azMtiaV3pD3Sb', 32943), ('37fe1PvPy6ZycZMANXCPYM6wuTJCdo9UEG', 140589), ('38dL61AaDSnGxGVRs1A6ZB4UxbQLoXaxii', 113942), ('3PX9HyoqhnctV2svhLcw8zoY9WH9ykqoJQ', 155917), ('3Qxab2FyT1o3Ug1oHbpXdSUfU6BAzpa4UG', 155195), ('3L4wrfwHyPDkZp7GgF5stmJfaYM8SEC45n', 166300), ('3GTKhhrRTVSnRY2xV1zi4oFR7g9zEGqfZf', 313429), ('3FaqpmqCQb4tjHdt6aVNd6C4nKtySfc1SG', 100048), ('3PhYcnvLEbHug6W1sECKwQZVqSFUBn4FW1', 5255), ('3PhYcnvLEbHug6W1sECKwQZVqSFUBn4FW1', 5778), ('3PhYcnvLEbHug6W1sECKwQZVqSFUBn4FW1', 5792), ('33LDhGMchPyor7vLC7a18mEpwbeJ6b6hnx', 146761), ('3FymQcP8w6PBd2L8ETmzmSJCdMtLGhPNxa', 203182), ('3H4osyAE6TEngWFBhkfNws4TEYkdGq5LCQ', 583279), ('3QmhPBB84UhWWhgq82Cov41LMqzYvfSHzz', 123023), ('3J3LoKVBTJfdC5SpcGv6NcLiEPCXsBM5oj', 19803), ('3MXy2vB8QTo2nPsFLcZQjprxzHgAhsxib4', 121919), ('39yXUcaFAHAeXAPwF9M5hFpg39qcXkP5XC', 14500), ('39yXUcaFAHAeXAPwF9M5hFpg39qcXkP5XC', 14500), ('39yXUcaFAHAeXAPwF9M5hFpg39qcXkP5XC', 24100), ('39yXUcaFAHAeXAPwF9M5hFpg39qcXkP5XC', 27300), ('39yXUcaFAHAeXAPwF9M5hFpg39qcXkP5XC', 48000), ('39yXUcaFAHAeXAPwF9M5hFpg39qcXkP5XC', 52500), ('39yXUcaFAHAeXAPwF9M5hFpg39qcXkP5XC', 88513), ('33V4BJ6PuwtZbWniEtmWAqdpBfUCsapz3i', 68476), ('3FSCuiEP5eQw8PEPba4wn5TwqsuHBpUVHq', 110033), ('3E7iN6BEoAQcCyZk3iMjemF5WidbWA1cFk', 188104), ('3P8HFWde52ScGk7e4mnEJPYLfvVLzLB5ZX', 78242), ('3P42D9ukEMdDRprrrhFPyLqggjxhAfmwH6', 89107), ('38jjHscvBfav7NxQRGpiF4wrpzwu2DExVY', 195731), ('3PbdBmjzrk2nnxrdz7YrB4xWdF22psMySZ', 135630), ('3PbdBmjzrk2nnxrdz7YrB4xWdF22psMySZ', 137092), ('3Lg7765Fd5DL8Uf6vNayYZPaSbjLRejdHf', 12872), ('3Lg7765Fd5DL8Uf6vNayYZPaSbjLRejdHf', 27659), ('3AjyFapy63QsVhhV5JNcMVCchwt758voMG', 60495), ('39QjTNZhAJ8q4o9tDvm3jzSJDDqYhVYVg9', 134019), ('3Ng2Dn3zUdgXbaM7ipc7B3EvtdEXy1SYKF', 39058), ('3PuTEzfVfLrcv7DkCbyUAkshZifZi3atFo', 17930), ('3QdUXDVuGT6fRHdtangpHhgd8J3HskbwmS', 101466), ('3QdUXDVuGT6fRHdtangpHhgd8J3HskbwmS', 102645), ('3GKLun3zx5F6QLsQxUrP7HtdpXCXwguw1S', 16046), ('3M3wMjC9uLGFZoxm4pNo9SAVGz28CptqBb', 251442), ('3FBgFCzbxAJfNABKVJe5UQNBKhXdVQeHcr', 118702)]","[('3Jx1ThGhh5P9vL5XkMw1NauH2YEDSZo4Wd', 5936523)]"
33,d7a812aa7fbb8d82d3efc2390dee6c8d15f1d657375d1b03734e236e386531e7,2021-10-18 06:30:21,"[('3J4J7uYK84kic2zowZxxzTfzysBxczD3mY', 113194), ('3QN7x5vNWdBsCMZeLTMJcL1sdEcbp4T7wD', 107683), ('35bVUnXccN9ug2hteXLFE8dM4ei1sSEPth', 102418), ('39mQ9CN1AscMvkb8hnxUXJ8NNWBRJD5sUB', 153402), ('39Pejo2FegcsfyUNkY6YmVEMjVec7oWYQJ', 186958), ('3JjqGSJjGbFKYvwht1PwYGX5LBxE6WaZ83', 177292), ('33pQNHukcXTHXzJh2BTJvpjtpmSDETQoF3', 137420), ('39rJCTRd7f2L4vPAF4C99s8GgcNgw7K1t1', 145326), ('39s4N7uUoF9Te26BmLJD7YJaRrSTWGkzR6', 263352), ('3EZ5jzdYivkVh8rc9DmZmLm4Lk3XSnPPc6', 114369), ('31jY18k3dqcuUmTXq5LLJKWaMgx7UdGEJm', 119221), ('33kgnH3V778ejctUXj6w9Sp1T5TikV8nWr', 127515), ('3MwDKB9fZnrvKDrMvqm4aAfP771wBUGmLP', 512694), ('3HPAJkTokmZvAeryw9vGrKnSSBQL9Lamqx', 605591), ('3CZtbd7smCYrMsKHJgUerVrQUShZzD57tH', 186282), ('37SGRD89myDSScboLvE5AkMyKMYvHx6eev', 116478), ('3NWrhug2F7ENH5Gxuar6rp5iBzzjvFxMQ9', 294371), ('3FVBKANqXFVBGaQYjxEaDPtx4oy1dcwikF', 105221), ('35k1vn3CM2jEYkQyoCFdUpVqnX9safFub8', 103437), ('32DdgXyHTErjo9MGRAheZdKkC1Q3LgwvUk', 113497), ('3DxdByvMVLqp8MS36rt5KAfQfvR5L4rVvZ', 109515), ('3BoGWW4ZWJB1bVmGjXnpiG3mqdTF2azyaf', 119342), ('34dcE3Y2FunHNPQWD2CfZJTWs4e8n38swd', 1493133), ('3BAo32EzN7QttDivkLFrBJBi8h3vPp5cb7', 178982), ('37vhSo6YeDTdiJVyu7uqqU5xGjentrq9LM', 566775), ('3KoV8rep52KkDBx3MrSC7U5r57W1eRq2CL', 108752), ('39UiguuHyQkQ5yoGqAtitonQ69HDn3sxYP', 167617), ('35VcWm4rMrAPau6eQBKnRF6dMAMN3akaes', 131110), ('3NqyAocnrQgyKS9WnS7RE8q6Z4ze6bqAxS', 107017), ('3MKgq6qLrKVPzR7WsABAbJWtLbnnvct3Sf', 137679), ('3M33JNZcYi92vd5wFyHyRjmYkc1wbMvw4x', 106281), ('37imDtnQzDbJvodPQsTr4NRgLdcipCa64z', 111880), ('3D8m5CqYwH2wTELe39wPdcw65yBRWv3YbE', 139400), ('3DqBC6JFgqu1jijLERp8ey6rpgJomCW86t', 110250), ('32kjrpgmv8nxNbSD1Tp6SazraE5869FEEx', 187810), ('3Jx1ThGhh5P9vL5XkMw1NauH2YEDSZo4Wd', 308955), ('3Jx1ThGhh5P9vL5XkMw1NauH2YEDSZo4Wd', 313732), ('3Jx1ThGhh5P9vL5XkMw1NauH2YEDSZo4Wd', 931627)]","[('3Jx1ThGhh5P9vL5XkMw1NauH2YEDSZo4Wd', 7555524), ('3Jx1ThGhh5P9vL5XkMw1NauH2YEDSZo4Wd', 1554314)]"
34,4ec4cb2ffe9648fdaaa9ea734da9aa32fc4a8bed1dc415fcb594996cf1f5e72c,2021-10-17 05:09:00,"[('3FL2J3g3PYPrLfGHywiLgBGDD1uCHJYZGP', 128212), ('32YHy2YVEdPeQmYn3YcHzye5Ayjv5af3c2', 137088), ('3Hpp2ebSWkJiNfyyLE5vre9ZmRFEjBqmm1', 107061), ('3ENc6jZW3tvAuDxqwrVjpeebxxpWsfTQV2', 994018), ('37i6WeELDQTtGBk2gZQnaZJ5aDrmTWBevm', 109317), ('3DuGrc7y94dvKKKub88icZaGS577iP8Zz6', 118456), ('3EMrt2KKgrbrTK2ZYZSVDeBznj5BUtPJEC', 101099), ('3J7wwzcwzZXV6J6somiPaNDA48tUrGBPVC', 116842), ('3PTo79betkSKeuwtFCzs8Eqs5DUKyjF4Wt', 101174), ('3FrhRKWkKDbxY6Dr9wcgFfzqJAeb9GTC5y', 117459), ('3NWRNN2hs2kktDDc9oaNznDEuE3SmV2TgN', 201734), ('3HA3gq92sMyx6SKUUE8kwbSL67vno2Fi3Q', 157822), ('3GcNr9wvepPC32qwfGsx6g1GnfWedEq9XX', 204798), ('32gxag8xD4EjNSn5T8JA6kkyeGaccr7VXU', 131135), ('38ZUrPDN6uzDzLXQD7KaKPtYMKZeJd3ohu', 315351), ('35nDUdRbCPFg6Dj6313Jca9U1xo5bM4Lnw', 156996), ('3BiiXgRnFywdjYb4YFrT6WLpzArhMrFzGu', 116604), ('34ds2NY4SsnvZxkAtj9mZdfgkJq6jr3WNV', 189409), ('32r7oxtufwRBwr6b2w1gHCm4Sisf2pToq7', 108086), ('3Hqe5JmWAW9LJbqC2CdZTV5mjyZ1qtdLzV', 177885), ('3JM3RcCwMHAomxuVChph8s2aVyN6oRp4GA', 103379), ('3Do195rTu1EPxAHkF66mV1ESNCaBEYaBoh', 115022), ('3F1W54wptvG5Fx8muAqoKpRk2uFYDndExM', 114129), ('3NXfamxp5xJvwMFyqGrgcZRTCBdNJSp4vg', 124441), ('3FxRcJYnAZHtz3XPkvEZ2pyBRFjnL92aLc', 117422), ('3J3cj6MGPzQ24YDD9932eN3Afzt8j9SrtS', 104792), ('3KfUsN9AkGLguCEARDyQnbmBAxxSQwNBpN', 127679), ('39mQ9CN1AscMvkb8hnxUXJ8NNWBRJD5sUB', 140235), ('3PG9GTnZqwoktzguLVdvF1SQhYRaqgAQff', 143422), ('3NhFQC8FHZ9S4kPDfBaT9tL2np6C8GT5wB', 110036), ('3HiLj5jWATTZ6v5BiCw7wFTZRMtmATEGSS', 100317), ('3E8MuAZxSr1qbrUw96F1cQzRN6b2Zx2wpj', 177674), ('3P47Yy6iMWjqsBG6jF1b2HHvZaVdoSVif7', 101275), ('38wYrj7BQgEPPza7iBZGni33c7YjRpvTXV', 122242), ('3Cy9NrdzsaThwYoCELDjZcNwKSfLfrnQSA', 115447), ('3KUxGNXzRswEq3pdi7MiTjxq4zk9ixR6gc', 118587), ('3C4P1XKTDYarvLiikLPfiDxDUKsEa5s2U8', 110291), ('36UTvE9BECPqHnwe52jxVtec4iMQCNLHwt', 115892), ('39Pejo2FegcsfyUNkY6YmVEMjVec7oWYQJ', 189992), ('3NJDUcQNNz6E4D7Zs4jiCQ37BsHefiCPDx', 120269), ('3FymQcP8w6PBd2L8ETmzmSJCdMtLGhPNxa', 199624), ('3PXkXi82v3Tezr1ur2MxkoELMGhvhtbANy', 106314), ('37Kjx1w7g9yf6rR8uqEg9S3vn79QRS5Vqh', 179263), ('3KdBYpMmyxEqDFkzEhbLRJQ8UYnTZBhotp', 143815), ('3Ef6rDXfxHiXDrTxchxvd6WHvJ7kYsKjH9', 221638), ('3Jx1ThGhh5P9vL5XkMw1NauH2YEDSZo4Wd', 312986), ('3Jx1ThGhh5P9vL5XkMw1NauH2YEDSZo4Wd', 926512)]","[('3Jx1ThGhh5P9vL5XkMw1NauH2YEDSZo4Wd', 7106662), ('3Jx1ThGhh5P9vL5XkMw1NauH2YEDSZo4Wd', 1239498)]"
35,34d6e26c8a6e9bdc531edca607543f9029ee00ee5711e51fb1b6fd22b2ebdcfe,2021-10-16 11:51:18,"[('3DfC2eSr1YFVJ6poCz6ba9G2oHWxcUFsL9', 314549), ('3MuDbH1hgHNeY3A8e8Yn5of8BWPgcHSxxA', 115882), ('31uvYB89Zb9qZ2gz6GjYgRM8Hhc7gtN1xV', 177852), ('3HFuWwXuKygsDZQzMiqdRv6rkagorukYbh', 58134), ('3J1EQUDxQWMnSd6MJhB5eZyzHerjRyFn9u', 21900), ('39Pejo2FegcsfyUNkY6YmVEMjVec7oWYQJ', 175543), ('3N1bV4yXEBa9scpXpvcacYfaCKzUUPkc8u', 48249), ('38udte94M68XjT9jnqUFBCF6ghzqeBbccx', 48701), ('3F6qvtHBhw7sejfRA6R2SVQ4aHMfzMMPwx', 987395), ('31njpQ3b4h7nKScoN3AxkeoJouAX9L3fPv', 118540), ('3DQXf1LevCrSeKh97y7TTgF6ic4hCNZDDF', 24582), ('3HhMLwThazmLf5hvUtgKWebAvmyC4NvVSn', 337732), ('39Dyr3c4PY7bmd656N8Ra1yeaMCrfcJmb7', 73528), ('38SGYx35KADDaC7jJREx3vBnTwqtJ2mR3n', 80652), ('3Q8Wge5vxHZ4D7y8qskPYLmV8WyqC7akZD', 9567), ('3Q8Wge5vxHZ4D7y8qskPYLmV8WyqC7akZD', 104689), ('3EN8wjQfCziqWDUPhDaMKhdVWrHhYGe36u', 102946), ('3M3wMjC9uLGFZoxm4pNo9SAVGz28CptqBb', 88699), ('3FYpSptJzo4wNpFmmY2rFmxr39hcYxfRDt', 55986), ('3A5CAwQX87SBDNQW65MavyWgwnY5fUhiAJ', 118195), ('324Qmg8FRcs439sw4QwcdSRqYyN7CvWe6f', 242972), ('3Mmsg331YLaGxdvMcJbD5g4BX1D1PhAEzE', 7457), ('3Mmsg331YLaGxdvMcJbD5g4BX1D1PhAEzE', 9056), ('3KJKdMUkG5A596vvNDbLjA1wpYJs54sMsC', 38128), ('3GbkmGs8Vdpd1o8cSamCEqUPizxF48eiwd', 33233), ('3NqSgxTzcdA9fKqxcbkneZwomq2sYaQCxM', 14289), ('3NqSgxTzcdA9fKqxcbkneZwomq2sYaQCxM', 14861), ('3N968nARntBPhnDRSUcC4xpbeDrwTfGdVB', 47769), ('3N968nARntBPhnDRSUcC4xpbeDrwTfGdVB', 50837), ('35mkyS6EQjBKTZDwr5vxhZirS7EuyVzDwa', 387310), ('39LjXCFFpY3UQCXAhXR8BFtZ9WaZSKnsFM', 35008), ('39LjXCFFpY3UQCXAhXR8BFtZ9WaZSKnsFM', 52958), ('3Ad4w9uUBierAGFyPYpu9RH5Y3y57vEkEE', 82282), ('31xp3w6ZmWBVfiEE4GaugjEGe2xc5vBJXj', 7188), ('31xp3w6ZmWBVfiEE4GaugjEGe2xc5vBJXj', 7571), ('31xp3w6ZmWBVfiEE4GaugjEGe2xc5vBJXj', 7598), ('3KkPAThRGpTzXMJKqzgtwUvPnVL8Sbb62E', 8084), ('3KkPAThRGpTzXMJKqzgtwUvPnVL8Sbb62E', 9398), ('3LJzvv2p83VBdxAiaqS36g8nLoMJwE7aET', 14524), ('3LJzvv2p83VBdxAiaqS36g8nLoMJwE7aET', 16169), ('3AFY7KpQvDTZ26qmi52BK4jyjCBg1v5ECp', 109700), ('3KGuktGMoGpXmwCBS2WFnP2TwndrzPrhkX', 16793), ('3PB7R2Lxjd7XHWxRnXgon445aCLg2Fuw1S', 84335), ('3NFUp3GyLHm2Kjyfj3Yn1Y1moaqDT63dZr', 22965), ('3ChwaeUBriSsLLuqiUnu8XEtbYq3ALLucV', 96112), ('31iHZvcdSiHbGpzkaQgTJ2pNjUU9xB9VRj', 138527), ('3Gfcf3dVeKK1XwZRxPFde8paBfrKsNBwew', 131546), ('3Gfcf3dVeKK1XwZRxPFde8paBfrKsNBwew', 142122), ('33obdwCssUmBWCozyzfn1R1UYdqE7BQwhG', 50231), ('3CzaW4fm35g7gW2WNH9NwsQZVjsPZzqfF9', 19167), ('3LfttDxLzJZXmG9ASJnogKp6pUbbGmYNjw', 31855), ('3QDUd3bu3SPrjgd3f4f8M6CTEeay96ueSq', 114062), ('36fMhkAxwRBeTtX8Y6piLJctii5HLpWmLY', 24880), ('36fMhkAxwRBeTtX8Y6piLJctii5HLpWmLY', 24980), ('36fMhkAxwRBeTtX8Y6piLJctii5HLpWmLY', 24980), ('36fMhkAxwRBeTtX8Y6piLJctii5HLpWmLY', 24980), ('36fMhkAxwRBeTtX8Y6piLJctii5HLpWmLY', 24980), ('36fMhkAxwRBeTtX8Y6piLJctii5HLpWmLY', 24980), ('36fMhkAxwRBeTtX8Y6piLJctii5HLpWmLY', 24980), ('36fMhkAxwRBeTtX8Y6piLJctii5HLpWmLY', 24680), ('36fMhkAxwRBeTtX8Y6piLJctii5HLpWmLY', 24780), ('36fMhkAxwRBeTtX8Y6piLJctii5HLpWmLY', 24780), ('36fMhkAxwRBeTtX8Y6piLJctii5HLpWmLY', 24880), ('36fMhkAxwRBeTtX8Y6piLJctii5HLpWmLY', 35980), ('36fMhkAxwRBeTtX8Y6piLJctii5HLpWmLY', 37380), ('36fMhkAxwRBeTtX8Y6piLJctii5HLpWmLY', 38480), ('36fMhkAxwRBeTtX8Y6piLJctii5HLpWmLY', 24780), ('36fMhkAxwRBeTtX8Y6piLJctii5HLpWmLY', 24780), ('398iK3CwRsLxiuokiK91JK1vRcpnUgGSao', 118653), ('3ABtWmkZtfM7GbY4aqUyGTzS3DVqfB1vfD', 32479), ('3Jx1ThGhh5P9vL5XkMw1NauH2YEDSZo4Wd', 305011), ('3Jx1ThGhh5P9vL5XkMw1NauH2YEDSZo4Wd', 305041), ('3Jx1ThGhh5P9vL5XkMw1NauH2YEDSZo4Wd', 305043), ('3Jx1ThGhh5P9vL5XkMw1NauH2YEDSZo4Wd', 305230), ('3Jx1ThGhh5P9vL5XkMw1NauH2YEDSZo4Wd', 305257)]","[('3Jx1ThGhh5P9vL5XkMw1NauH2YEDSZo4Wd', 5682587), ('3Jx1ThGhh5P9vL5XkMw1NauH2YEDSZo4Wd', 1525582)]"
36,ec9dcd1fb01bc513290f2a2046cad5b9d84e7c95ca9ddfffa70e203aa3d4fe9e,2021-10-15 13:34:39,"[('36U1eg982PT5zpiTL3tQoyxuJ8vANbv8FY', 102653), ('3Fq9W1g1PowT7ZvjMxKbNBd2jYpgFYtjDy', 140391), ('3AEjoEY7bHEHh6bLPt8bDPVkvT8fFyvw7w', 137006), ('3Q4ppHKXM3U1x1DUbSTJ1exTxibxkJsjhX', 90560), ('3QXFf9nKKvcazKRoRm9ui2dpuTECm7Jf79', 25460), ('3QXFf9nKKvcazKRoRm9ui2dpuTECm7Jf79', 168155), ('3DxdByvMVLqp8MS36rt5KAfQfvR5L4rVvZ', 168181), ('3LGshUPJ4yb6eqqAYzpznJ9z7jkJB8XvwA', 136515), ('3LGshUPJ4yb6eqqAYzpznJ9z7jkJB8XvwA', 140819), ('3EwgBNSZoSf4V4z2DR21L9BwPFEwoSXJUE', 239768), ('391nscRprKnFaoWHqgMoMmy96DrAnXgn2Q', 134985), ('3QxYrjAhPTY4mptLqRsNcJM7BUiEPZ8573', 104970), ('3NW9nL9JzzLBDRZB8o1PbMFVf3rtYEWoJi', 101337), ('3CGskenmfgYVkAjNWFr2yQoNiKBm4SfbJX', 239070), ('3GBiNjFtERf3qNPcsRje2o34bDqKW31r8N', 31377), ('36wyJsesHwZdHvWCXBbjHzZ2VUvGNGa4sa', 73612), ('36hg8oQn3bEVNht6YQeqX99AMWGBU1DFZS', 171762), ('36hg8oQn3bEVNht6YQeqX99AMWGBU1DFZS', 171762), ('3Jf6u86rMRTBdHwPepxNkZoBouNMGbkLZq', 31311), ('3JUrQ9CA3zsqHT6PAefAbMxHXNRqchqwL5', 20496), ('3DSUE7mfVxWtss3tJo7T17EA63skaKoVtU', 123864), ('3GKLun3zx5F6QLsQxUrP7HtdpXCXwguw1S', 15764), ('3HFnQ1dbfLvUrK8EYTLCQFHbb7iubPgTq9', 1141389), ('32Ge7ELgtsgpE3cAWHSocyZ4k8RWPs3Zjc', 150600), ('37oFKbuB98jbTWVnmUiHfzz95Rc4Eiarzy', 128494), ('38UGMiSchnj5JdKTT6fmJHKHKPbU3LzMmA', 130068), ('3EveBZcKit143YEVuM15H239ya6kibiF6Z', 16968), ('3MacKnmLjisJq55pGCfBUXJR6Z3NRVo5FR', 425825), ('386GxkG8kH8StcXKqZLN6A69zhu7Kqa9Qw', 107100), ('37bjEmYMHEEd7QjTt6yM47q3CFcEkw9vEQ', 106625), ('39Pejo2FegcsfyUNkY6YmVEMjVec7oWYQJ', 187999), ('3NUgDTo3PXwvdHTcYKTVmSsmrywiGh4a8g', 1321836), ('3GFhGftDxBfetgajMAfdZrV7rmJ7yqfk5G', 200000), ('3MJTimpSdbifpPZtLLicD9uDkj2UJ9vSL6', 99646), ('35RiZMCnNwHKyK9QitxHzkxYta1fVYj1bA', 100000), ('3FGiozVVm7d771cmzdLTZhoRoWRFpezPbb', 340000), ('3KFpjCX8mG6tPG1e9BMHd41zqajqgT8S7K', 12539), ('3KFpjCX8mG6tPG1e9BMHd41zqajqgT8S7K', 13535), ('3JUZeHYnJ8q9pqYAYyTDnR3A4bUZte1mJF', 117388), ('3DUUHcpF8m4ngK1Njz2dJWwNA9dSkG9CsQ', 150221), ('3HpnFkXYGQbWa2eL81tbyVRvwAe3okSQg4', 137858), ('3HavtYuZtbhPio4jbkYzzJvgyaSSzu49rs', 57329), ('35qixYi3C9tm4T1JeUbiwSd1AdtJW7KqM6', 23626), ('3GgP7iyFEYqra9DdMYu2G2iZybScMEe4uu', 22552), ('3Jx1ThGhh5P9vL5XkMw1NauH2YEDSZo4Wd', 300000), ('3Jx1ThGhh5P9vL5XkMw1NauH2YEDSZo4Wd', 305049), ('3Jx1ThGhh5P9vL5XkMw1NauH2YEDSZo4Wd', 305265), ('3Jx1ThGhh5P9vL5XkMw1NauH2YEDSZo4Wd', 315971), ('3Jx1ThGhh5P9vL5XkMw1NauH2YEDSZo4Wd', 316586)]","[('3Jx1ThGhh5P9vL5XkMw1NauH2YEDSZo4Wd', 7554037), ('3Jx1ThGhh5P9vL5XkMw1NauH2YEDSZo4Wd', 1542871)]"
37,65d4e0fca3fbfc62465e9f8e79164bfeabc2ce54e9ae584e5bec80c46bb885b7,2021-10-14 07:33:32,"[('3BgSjL2iAmEQaxm2xiGhJxse47zygwVdvz', 190528), ('39WTaZXzFmCNLfC7Fr5ZjaxUR1y32QpoWq', 108055), ('3L5wqTu6aRcoSqfFCnoZnLWCzCvki5AatY', 141045), ('3KHvMTWqQc5Yyiu5FrBKrheL25n4MPHvbh', 110863), ('339sMJhhEYubEGovj4Y4Rvy36EZYA3XkcP', 105752), ('3HGmQfxH7KbPKrjydJGjdUYWAndccKssSh', 115085), ('3ERUPmhTZHQAcfxVdU3b2kZU48Mv5ToyTd', 152887), ('3LMjXGAua2pHZ4cwfKWqB8Bsywe9sRQ14V', 103191), ('3Kaoq6hRzXWZQxgQHPb5ztZ8erDzMwVx9B', 161518), ('3JedRgX9HN5TGhsmptuP23J2PJuRAA6FMn', 546404), ('3A2fLJehDNGuYTK14F8k2hGK22sCNB5wHd', 191188), ('32kjrpgmv8nxNbSD1Tp6SazraE5869FEEx', 190055), ('3LVkhFYYYrceUnPfjSWyyu9pD6Hnp6xLTJ', 114457), ('324Qmg8FRcs439sw4QwcdSRqYyN7CvWe6f', 239111), ('3Cy9NrdzsaThwYoCELDjZcNwKSfLfrnQSA', 110314), ('3BpJogQTG7k77uRQRLEhSLsUJpUQcWkyaN', 107619), ('32As9ma2Cts63aEbbpEfi73HGP8UEHiaBT', 144598), ('3FEkT9Y4sc9oSH2yfarqxCyrgpyzsQ8u3A', 176163), ('3JttEnCSxxv8FwZoGbSScuPjacnbyi6n7G', 129040), ('37jcLXgBnkLMXhPWR4dHXt5Xatbooxtebh', 155590), ('38pRfm51RGbE5CmYTpi8SN7kw6oZYRNje3', 531173), ('37qjQ8Sc1TGc1sJ7ErAZKD9dTrvZKe1BAm', 521036), ('3FEVqoUWfABHdGHau6yriqEXsgceduY1nu', 143548), ('39Pejo2FegcsfyUNkY6YmVEMjVec7oWYQJ', 189607), ('3JT94NzjpM5B63hRGZZb8ux7qzW9Xsc35X', 1077), ('3JT94NzjpM5B63hRGZZb8ux7qzW9Xsc35X', 134392), ('3Cjch7me8nbsQ6sSSydLpRedFoT98JLLkw', 147836), ('3PUZY7EAxaktqUPc1mJMt9tMjgKMze7RG3', 151608), ('39KkZ9B7RvbyDnB8KwY2re9wrtHAtQZH8A', 146869), ('38QKtuiU88YTQfXpH4tj4bPNzqopaYp4Te', 148561), ('37XaR4jePqDb2kzxWjB4dr5wzh3kF9zoui', 187078), ('3QhkyVpZWetUa3JzTE5HZiz2sQXyjCNpqB', 254998), ('3KLo2hdh2UrepbfrrwqVfNe8v9WDycNSAM', 136451), ('39nHKqSoyYbhVybDLnvADKdic3Wm56QgJz', 120335), ('3LZ8L8mjSgXznFeviLNpenXXqCPngZu3p7', 551251), ('3Q1DjFL6XkjfumHvd7vrG6yhMvNdD9akf8', 130079), ('35SciEnRAKVAAtskjm2oYR5nCADWm8AQHg', 104848), ('3ARtWmaXWZr3XYNwtZjJpoBMEfVaVW4e7y', 109209), ('3NMLpQQv6FWF9Xnh2fqv2LfTcz9tFAy3Yv', 504095)]","[('3Jx1ThGhh5P9vL5XkMw1NauH2YEDSZo4Wd', 7501659)]"
38,d7a97e28c5057ea103635dd0b347b31b6447a309a20f6c884502c32229960785,2021-10-13 17:45:27,"[('3AC9f5DuDhNJWpG7isPPEswFW6tWCsrH7S', 136980), ('3Dt3fSnApgmQgYmq6vgNyvkN8HogneStNL', 144378), ('38WDpLiuqxEFeBpLhph5pDckVzvsC8bxms', 168012), ('3CjDp7b31n3NkAJ2pj9nnCxFYgj8UogDLQ', 26432), ('3A6bGnacLz94LXXn6Rd5K5HRvNbjeALjy9', 133817), ('3EyuTCsAsjBf9CwZ1vj97xBU3yanDWnAir', 89594), ('32Xsd91FUm1bLcRwrJV6DLdG7SDArKFnHZ', 10986), ('32Xsd91FUm1bLcRwrJV6DLdG7SDArKFnHZ', 11661), ('3LqB267BqQJTpBD4tRbsxc7QnwCb1FKv3N', 7657), ('3LqB267BqQJTpBD4tRbsxc7QnwCb1FKv3N', 7732), ('3Mbjr5BZpXHvtTvR9baVVw54Gz8SJUYEdB', 57172), ('38wCnzbvmhibh8cwrSh9wbs8Nss8Z6PthY', 137426), ('3CfvKQCv4r4pM8M11KNRXbobgtX4mFttXG', 18052), ('3CfvKQCv4r4pM8M11KNRXbobgtX4mFttXG', 18117), ('3DADU93E6DKAjJtkg1B1LGunAjG2m4JWTk', 124378), ('3M5mRBMpVFBUPh1CnfKaieJpkq9pThEDw5', 124643), ('3DT9u4qpe4sdngS6ZmDnTmYFn5iJrJdfZ3', 13071), ('3DT9u4qpe4sdngS6ZmDnTmYFn5iJrJdfZ3', 14396), ('3G7C9eaNLUtiUDwwstnHMW1CC4fRViU2Q3', 263451), ('3EP79uGKnohdfYQQUpCmYHFbA3f7CcvKT3', 308714), ('3Ns3x3uXVsTTDGLno9rzPdPdJD3j6voLx7', 200040), ('3ARrcsgMJ9fGDjoZdL9yP18zEnRcdbeJev', 263106), ('391nscRprKnFaoWHqgMoMmy96DrAnXgn2Q', 142252), ('3AQd1PdsDtYuRbinbVeR1YFCUPMPBzYCn5', 15941), ('3AQd1PdsDtYuRbinbVeR1YFCUPMPBzYCn5', 16538), ('3QNyQxu57xHieFbWnKiZw665AVqq8xRKer', 3950), ('3QNyQxu57xHieFbWnKiZw665AVqq8xRKer', 5622), ('3QNyQxu57xHieFbWnKiZw665AVqq8xRKer', 6348), ('34itymapFixMiA9tWjnCWxiuy9SkMbvnzZ', 72253), ('34itymapFixMiA9tWjnCWxiuy9SkMbvnzZ', 72735), ('3BKafXGXJ6z9uDxSn8r7VpgoaHU2Kh5fRt', 110891), ('3Axh3t8CF9q7EZgp7BoLqC13qtZRNkXtth', 1276), ('3Axh3t8CF9q7EZgp7BoLqC13qtZRNkXtth', 1794), ('3Axh3t8CF9q7EZgp7BoLqC13qtZRNkXtth', 5393), ('3Axh3t8CF9q7EZgp7BoLqC13qtZRNkXtth', 5477), ('3N86ckxAKfkRdJzH1e9UnHLJr3zqU98jPZ', 151670), ('32dpQKYSMYZTEdAHGBk4jEYP6P7i6uDXPv', 22979), ('3Jw7BcuV9iNpXK6LarAed9iiGEcutjFfsh', 25913), ('3Jw7BcuV9iNpXK6LarAed9iiGEcutjFfsh', 26996), ('35ucVvqRExumsaMHhFT8jQFZNb7FAhs15r', 44647), ('328n68qHE4u2zUqRuVvDzbQBNqWQfcyvDK', 4861), ('328n68qHE4u2zUqRuVvDzbQBNqWQfcyvDK', 7798), ('328n68qHE4u2zUqRuVvDzbQBNqWQfcyvDK', 7834), ('3KVHV3NExDhukzaaxb4Rf1MiUgNxWczGhC', 170800), ('3E3F5rcQCsQiNwqNbT7dS6sSp95bgxzwAr', 9227), ('3E3F5rcQCsQiNwqNbT7dS6sSp95bgxzwAr', 21246), ('3CH62zgozG8VXkiUZZcqmwDuaaAPXXrMHV', 9477), ('3CH62zgozG8VXkiUZZcqmwDuaaAPXXrMHV', 28168), ('3PHhFRAgARU3tdFdAwoFT9hjv89qbKAo1M', 13539), ('3PHhFRAgARU3tdFdAwoFT9hjv89qbKAo1M', 15953), ('3PogYqk1pYc1AwW4ddSoWDvMUsEbKChZmM', 41962), ('3PogYqk1pYc1AwW4ddSoWDvMUsEbKChZmM', 49462), ('38HW8DCB6iENQnXtgrDWV1Mzbfq2wm5NMi', 109564), ('3PQaQcRLrmmKLEZonbYRKaHDRkhxUyz2uU', 102413), ('3DKR5XiNwCVsJ6oFFLwe5DNfzhPnusnadY', 117387), ('3CkSjoWvrpwWkWkxg6Qi5W9gwZ73rnHE1K', 64505), ('3ChyVsYtnvFAd6aPynMicZF6amD5AL1Tt1', 359794), ('3ChyVsYtnvFAd6aPynMicZF6amD5AL1Tt1', 1081673), ('3Hskz3BTgccKfPb1KgxkCor9yEAdPVbBkJ', 12452), ('3Hskz3BTgccKfPb1KgxkCor9yEAdPVbBkJ', 13111), ('3PTkdqS2PhEr6wvkYFPSBTiAsL9Hc8GjC7', 50000), ('3PTkdqS2PhEr6wvkYFPSBTiAsL9Hc8GjC7', 60000), ('3PTkdqS2PhEr6wvkYFPSBTiAsL9Hc8GjC7', 150000), ('34jmeinWGLHUnWgyEBJGhNXjX6yHkjRCcJ', 84272), ('3QNz5qz2MH1kxbLVTwutZ3acmmoD9pGNFc', 22963), ('3Gpz4k5yg5r4ZjYzZ1oEj2r8bixVA2V3cT', 143249), ('39Pejo2FegcsfyUNkY6YmVEMjVec7oWYQJ', 184965)]","[('3Jx1ThGhh5P9vL5XkMw1NauH2YEDSZo4Wd', 5939138)]"
39,e49621685aced976742f3dc5947d4063dedd0e44129f4b666931caea33de0c53,2021-10-25 06:59:38,"[('3DfaPdD8txy6CLr46XnqwVB9PBPkAkLfLn', 187038), ('3HVnJ57mvupdtkA9xPFdhCUPLvndKFSsZW', 130697), ('3QwoNgDPTmxvaLzFUuKc9UUafFEvv2J1Rm', 114163), ('3HKpwTqyNEDu2iq6HViwMwn4cWSs8tsFZf', 107664), ('35uGyT7CQZxadR6kuiDhkZkjHkf4wanFC5', 111468), ('34WvcDgCjUABwbkTA9iCNrWqrQfq62s8ww', 149875), ('3J4J7uYK84kic2zowZxxzTfzysBxczD3mY', 102272), ('3PbdBmjzrk2nnxrdz7YrB4xWdF22psMySZ', 142476), ('34ds2NY4SsnvZxkAtj9mZdfgkJq6jr3WNV', 180392), ('3DS4bQNMrrWv9Lq1YamY5oDgGeV5vPxNbM', 111060), ('3PodFrWZp41GSwGAcuC5eXcH1Jncpm2wV2', 119358), ('35FfLm3BBqnZrCfnLVn66nUbXXShukAavx', 173052), ('3PEEm8fhzFdKFJBtyjmaEb66iYR4aGHE9s', 214049), ('3BAo32EzN7QttDivkLFrBJBi8h3vPp5cb7', 209288), ('32F4UESXzQLSCVTMbRh9x1xF7Gd7ykcHMg', 895631), ('39Pejo2FegcsfyUNkY6YmVEMjVec7oWYQJ', 183137), ('3AvMFKeFUMmHF46nfxEitRyPb87LJ1xeoZ', 115316), ('3GK55rzZKnmFJcnbeR5PDwqfkt3ziKUMAc', 112119), ('364SuMFubnmCXuuP23Ub4867PxVapnYYgi', 131506), ('3LXdGjJ4fyFx3Erhcpz4P6Nkv12qUygPTk', 110995), ('3NBypssr6s3hFA3FmqQXfE8m2h8wdWAgXd', 102945), ('33BR1JcgfhuQ3HxaZ3HEL843CRCYCmKSWG', 131301), ('3QbG8rReZj8HfSpY9uuUEv1SDiyf9Awyc4', 102292), ('3CCaNdcPbV8YGRd2NfZZMipmx4VztjpWnW', 219740), ('3QfT6iHkpNgRsrhGivVoBY1sQKjXSnjmiy', 168231), ('3LzFdNiaQqUFnEmtSsdWmNmXn5b8fm9aGU', 103057), ('32psV4vEZqUzjYZj31Adoa1ecRsLkJuaJE', 111274), ('3QY9S3QgogZYad1JAkqLy6eHkKnSFSiUKW', 134811), ('39xi7PuA43oV1AvLrGs8qgeQe9dL5fQexK', 118636), ('32tkoqdHoZL8vmFv7LqLXQZLDvQ1HhPqUW', 112529), ('31iHZvcdSiHbGpzkaQgTJ2pNjUU9xB9VRj', 111107), ('3PDHssa6nNcrztsq4RhDGSq2Y2KEpB38NA', 230599), ('3PBxV6iSXw6E7E4XwM2B2ieNtTW3jP8id2', 196773), ('3HQFte8no6b1zLh6y5bxCcUNvnZrr4NS9z', 100499), ('33HJjjrs3zjmr9FeBsRshVxTjdSi2qnS99', 126409), ('3A7dxpZmFeh8m1N5i7ZyP7S1UQV5cCC5Vk', 116413), ('3Jq6yg7ZoZyhb1Sc4wKJQVxGuBseyZnbap', 153886), ('3Dr5iBUeKaGLBr1pmcnDmuJoKBtAwMX94E', 143430), ('3E3cHmaBspJHiu71edLsr8mReHwt1CkKWe', 324423), ('36ohr48LVGxLihjpR5SdBpdh5Xhc8wzi9B', 162383), ('3Ch8UH46qTbwjcHagLsLAhif33c864Qh6m', 797005)]","[('3JSdUu1ivm3rqMvuCTAdAj6Dc2hdVhHiEe', 4746971), ('3Jx1ThGhh5P9vL5XkMw1NauH2YEDSZo4Wd', 2616141)]"
40,9feee0571593cc7e74640eda30fae511843d55614809cfb56825841c55c676a9,2021-10-24 07:32:32,"[('3P7rzf4TFnnfXbPN2s9M1vBeEN9LrdWC35', 125910), ('3PUZY7EAxaktqUPc1mJMt9tMjgKMze7RG3', 134680), ('35VTAgqvMSrHdTR4gY1X31DiC8h3socGmx', 319377), ('3Arv8LpBGM1myXRkJE9CVQpueQdQnNRioo', 204878), ('3MooKuPXoYYNyeB3bnNTDetXWfE9bA5Koy', 256227), ('3DqLuVvjYkddQuyD5QdDTY73bwwpqgqtnf', 174233), ('3LEmbmDosjbAXcVGgCgseuv1oeZys6vA7S', 1019), ('3LEmbmDosjbAXcVGgCgseuv1oeZys6vA7S', 103577), ('3MJEHRSGubebz9SmU2ncApucxJJDoqEMXS', 101904), ('3BUgj1mTdzDmuTKPFj8rCBcJHLcwHRXq7L', 135456), ('3MX6BL86PjkSUyWobvEky6iEQgYa1FmBcM', 175010), ('3HkguZ7KTbvqJiWwkrdf2WdyNFNgHTGoNm', 115574), ('3ABFYXfUt6a7NNK7eMQmGW9qUh3gsSEcRA', 114844), ('3QPAj7i6rDnTQ17k41Lb1c8XsS1cMCBsx7', 116404), ('39BsPkMro46pzi3YRp3nfaXtLhsZqj1dWS', 104109), ('3BKmJHY3ywBEkxLCY6Qggh53fVqEndhC4Y', 102157), ('31njpQ3b4h7nKScoN3AxkeoJouAX9L3fPv', 137731), ('3LBfHkewN6FhCM9JykqdamJf7rPmgEqxZb', 108517), ('38eoFX1XGSGZJGHEjBQudS5CRY7Mx8sUDQ', 144630), ('3BeuZuKtLc3GLDbYF7dFBSqLs2c1NJ8an6', 199870), ('3H3t4YXF4GWK5WCPaatJ13jd369bNS5qqP', 103698), ('3KB44JATc4MkENaZy1Lx7dsKrPtPFmNebq', 127288), ('3PL3nfSd7SvzdtE5bM3bfjFFZUyYQ4oMeY', 157331), ('37ocMjv3PbFkkD4iH5vQok6cjMgUTrFCYf', 185230), ('3QN7x5vNWdBsCMZeLTMJcL1sdEcbp4T7wD', 110434), ('3Cy9NrdzsaThwYoCELDjZcNwKSfLfrnQSA', 109339), ('34nbGvLd79ngyGAJYgrGL9Cs2StX7BwcQH', 102210), ('3JRx9nD6F96CLud9VoQxipmc2NavfpF98J', 1996000), ('3AXgYLHVndFNUHU67Zuf3ooUyMYXC6SL4n', 211359), ('39Pejo2FegcsfyUNkY6YmVEMjVec7oWYQJ', 182022), ('3GiCuTrnrCar62YZ8AMJP8aax71jxtrWZA', 531900), ('3FKfx9suxHh5p6uu2pCqo4xfTAZUzx2J7p', 113545), ('3ER6KCUJX7xow8KGzTvFg1b1QFArCMf42c', 110498), ('3NvxAiPrGLd4oLycUsa4mj7TBvvT5DeEMb', 304214), ('3MKgq6qLrKVPzR7WsABAbJWtLbnnvct3Sf', 124488), ('33sNdxWfTougr6UhoMzvb2YMQess5wA3in', 125590)]","[('3JSdUu1ivm3rqMvuCTAdAj6Dc2hdVhHiEe', 4294026), ('3Jx1ThGhh5P9vL5XkMw1NauH2YEDSZo4Wd', 3171785)]"
41,b9ffdf2ace6a03a1a668e727ce1c7cff388c5291c7964e4b54b0afa45cef0803,2021-10-23 03:55:39,"[('3LhzMf4T6vhLE8h6cvaHsrZEUhggXQ9GDe', 326429), ('3KX4rVRCmZbS7pzCLho1YNMALJGTxwahNi', 76301), ('3JRgbnrxFn3D8kdjJbAASLvV1DJXof9pSV', 101580), ('3HAv6mGTSoEUeAhSQTTGYQq8Com78bcQW7', 1294328), ('3EYXdTAsyCaxtNzv43c2FhmMzXerrZmDm7', 162049), ('3CW3Jhd5BjkMvZ1Gkj5sHsFJK9YaBb1RBb', 105272), ('3B8JbhYfSWMRbiquXL49Riru2eMvEdV64a', 48033), ('3EScBYwuHZqrRZc1Q5bu4VGGEUjGaZX7ms', 1143), ('3EScBYwuHZqrRZc1Q5bu4VGGEUjGaZX7ms', 109157), ('39vnCJ96RZUZ87dToLbkLpqZF6egDsNVi3', 116736), ('3Lf2MgGnmRBNCrAJkJyyQRNNci6i7WLZbo', 116232), ('3CgGChbny4U5vtMSAQNi3FyK72jYsGCg23', 671659), ('3BH5QBvR195B8b86aM12rztX8GnwCcTUY1', 178955), ('3BH5QBvR195B8b86aM12rztX8GnwCcTUY1', 182726), ('3BH5QBvR195B8b86aM12rztX8GnwCcTUY1', 187215), ('33C6ETtgH7F3wPa1LRmWoTKj6cXwKPsp1M', 29162), ('37XaR4jePqDb2kzxWjB4dr5wzh3kF9zoui', 143634), ('3NQWJZho4HvqRSuckagTX5aPK3TFDpDp14', 103142), ('3LPUE8Gu3RfD3n2m4wKjeJ47y1mCSftvaZ', 149454), ('3Mmwk8CDwKn6DBEvghwfHSEv8H8Rsxdxrv', 148509), ('39RY6nozETQ9ZbVJvJXFqzCCPtMoNbMMBT', 102226), ('36Nz2Td6FkazJReApot4CPcSqQHg7Ay2ES', 15250), ('33N6Y4f2Z1DR3syTUeGcsPWVKBWkBoergd', 85993), ('35NcakEKvQ3Z9w7qEAW4PE5ir1gj9AiAP8', 44300), ('39WtLQhkQVzMG7yycBB53m6GjaBb8xFoCk', 743852), ('3AXDLKuiBChF4trfWrfLjwLLLdY5dNuLLh', 506159), ('33ogTGVGhVKYPocm4bK82Xi54hwXpNa42v', 17437), ('3Ez1FqRzwzgpiqpHNViuoDGeguKRSLWKsC', 33658), ('33juiFDpYDA6pG75i9qar9hzt7ZHNm4FiD', 102673), ('3R13JAukma62CbCwmhfvQUC4FP6zNaNB1n', 174490), ('3R13JAukma62CbCwmhfvQUC4FP6zNaNB1n', 183199), ('3R13JAukma62CbCwmhfvQUC4FP6zNaNB1n', 184184), ('3DiD7zJ6F2GkaB9bJvPaFjkmrPDbo7dNaF', 130467), ('3Lk19WgXR3P4PSLt8YdUCARki2AToGwTuf', 27961), ('3Lk19WgXR3P4PSLt8YdUCARki2AToGwTuf', 28291), ('3JayXeXYAxuWFi9QepWJEFva8Lb24uTDff', 153304), ('36JU9gZCHu8ugEm5tzQBYsScW6zAWGAzDP', 116647), ('3FBgFCzbxAJfNABKVJe5UQNBKhXdVQeHcr', 134432), ('3G9tpp2DVqauVEieNPaJKhZQKeJBfTxCRr', 32409), ('3Ktqg2SMio6G5BwzBAQ7ZNryEDcDfZJtSi', 23844), ('39Pejo2FegcsfyUNkY6YmVEMjVec7oWYQJ', 180939), ('3K1jYJHhDaLvaWQVR8JruWR3dVQSzvumW2', 59164), ('3K1jYJHhDaLvaWQVR8JruWR3dVQSzvumW2', 59702), ('3K1jYJHhDaLvaWQVR8JruWR3dVQSzvumW2', 59781)]","[('3JSdUu1ivm3rqMvuCTAdAj6Dc2hdVhHiEe', 2539588), ('3Jx1ThGhh5P9vL5XkMw1NauH2YEDSZo4Wd', 4905856)]"
42,c6e52b802377bed83d48253a47e96e780ed9cc7b3b66e6acc77638a1bd4ccdca,2021-10-22 04:28:29,"[('3EisETLh7kYgxmnuVLSZxqn9dZoaemiiro', 12427), ('3EisETLh7kYgxmnuVLSZxqn9dZoaemiiro', 14212), ('352yhmmUjRT8jbWhsyRawZAv3WfS5hXFR4', 30033), ('33JdH4SAyXX1pHFcs682wxeEnmeWTzGGSA', 270000), ('36DKK2DW2Z5jXgFpezLs67SEx2R6g4yXaU', 134020), ('3FNJqBfm5ksvthT2Hb3WuCUxkNDtjH8F63', 148374), ('36sZqSJuJUjN134Efiv5eUcoxWPcsMpTgf', 377041), ('36sZqSJuJUjN134Efiv5eUcoxWPcsMpTgf', 378083), ('3BhJw1gAHoS28t68mHjmhKyugeJZESEVuX', 166865), ('3BhJw1gAHoS28t68mHjmhKyugeJZESEVuX', 175893), ('323FNGhCTWeGkGY7Cj4o5tCwUxGKC21PS3', 19808), ('3H3Ptz6E45kbWhtzPVZd44gPNKr6sUWa9f', 20673), ('3H3Ptz6E45kbWhtzPVZd44gPNKr6sUWa9f', 28613), ('35VTAgqvMSrHdTR4gY1X31DiC8h3socGmx', 253058), ('35VTAgqvMSrHdTR4gY1X31DiC8h3socGmx', 310458), ('3E5hLq9NwxiC2wWpVb7kJPuzrBF4YwRQ8D', 523570), ('3E5hLq9NwxiC2wWpVb7kJPuzrBF4YwRQ8D', 534155), ('3318BVyhhhuwJBRMidsYkKfsn7CgDS4GHP', 537969), ('385eRcL4uddx61VgWG3jn9TMBZPYeMCd99', 67300), ('385eRcL4uddx61VgWG3jn9TMBZPYeMCd99', 87000), ('385eRcL4uddx61VgWG3jn9TMBZPYeMCd99', 101200), ('3AjZH2DUvf2MyD3TwJ1G4t9FZWGQD1zfQb', 15813), ('3LqNkWGekvUwByMnN9qPswUN4oXVp2vFhs', 100797), ('3Dr2JGEQzrgQLHLKScyd7xSvedxgQXq1Eb', 414235), ('34Y4b4pUBgKdfmywrs7jDUaNoVgGxCdobR', 83372), ('34Y4b4pUBgKdfmywrs7jDUaNoVgGxCdobR', 88002), ('32qFHwHzARCqorTnxLCzxQYBTEWtqL4Kdc', 374700), ('3E34UYNwWH6tGqiudsUfVfqERax3cw7cBz', 124786), ('3JusXNrYuPWvmDLfb6WZbrmrhK6MPSt9jJ', 131064), ('3JusXNrYuPWvmDLfb6WZbrmrhK6MPSt9jJ', 135741), ('3CjmK8G5NHcWSMt2CX9LuL4YqYPjUGdBEQ', 326909), ('36SyLDWaeb3E372LEsaAgB7NQJCdHrmBpG', 175571), ('3KU7PsAN8JXUbWYjTNCEfQcJGpD19YZh9J', 149391), ('3ApfgFujXAkRdRzJaDnv4EtrwHu2q1bVew', 16031), ('3HzJ7Lsbbc3q8G8iUkrm2aYJVo8RKqqcWT', 101260), ('3MSVpJpzTBgyDFsKpeiVo1LgSDJ4EXdUbc', 105470), ('3Hms8CgHzcPsZ7LepfAV9UhY1cmgFRzJ9p', 22142), ('3Hms8CgHzcPsZ7LepfAV9UhY1cmgFRzJ9p', 23970), ('3A6C5hY4M6Wt51Y6dCFXqrpVb3182nSEkk', 140085), ('3MrPz5TDGDx5rPXAndmmv4BEGRmLXJQhYz', 6008), ('3MrPz5TDGDx5rPXAndmmv4BEGRmLXJQhYz', 6120), ('3MrPz5TDGDx5rPXAndmmv4BEGRmLXJQhYz', 6238), ('37uEzNoZhF6so5VY7tgPZdSv9X9jGohncB', 4276), ('37uEzNoZhF6so5VY7tgPZdSv9X9jGohncB', 11131), ('3GHUyEUE69FsSXrCuWucYbtENXv99Hma1o', 158653), ('39gQEJYuAS3tUYcQsdEQGBqHDXrbb7TvZb', 115400), ('3Do195rTu1EPxAHkF66mV1ESNCaBEYaBoh', 104992), ('3HiXfVuMrbVu8cTM2hna84ozrMqYmU9dHF', 17965), ('39Pejo2FegcsfyUNkY6YmVEMjVec7oWYQJ', 185555), ('34aGYFXVwghup9SPKBA8WVkeEX9YCEjaDk', 115070), ('3CRxwDrFHmNZgXEzUo8aQJ1bDyfYht94VH', 100000), ('3Jx1ThGhh5P9vL5XkMw1NauH2YEDSZo4Wd', 305028), ('3Jx1ThGhh5P9vL5XkMw1NauH2YEDSZo4Wd', 312453), ('3Jx1ThGhh5P9vL5XkMw1NauH2YEDSZo4Wd', 314994), ('3Jx1ThGhh5P9vL5XkMw1NauH2YEDSZo4Wd', 315103), ('3Jx1ThGhh5P9vL5XkMw1NauH2YEDSZo4Wd', 315151)]","[('3JSdUu1ivm3rqMvuCTAdAj6Dc2hdVhHiEe', 3813171), ('3Jx1ThGhh5P9vL5XkMw1NauH2YEDSZo4Wd', 3729872), ('3Jx1ThGhh5P9vL5XkMw1NauH2YEDSZo4Wd', 1562729)]"
43,ed9c9bb8e1abd641ed26e76ff8fb426394593e9cbbacc7007ee2a994e77817c5,2021-10-21 08:28:57,"[('3MTkVvfV9duhyZ243CMu5LH6J89PZvvkgj', 21488), ('3EGK4FVoJmq8A5khSY5kB5Xy5HA2ritLvs', 80390), ('35GCveSbMGfmx5frDeUKs9MwFr6QjfZ6du', 104946), ('32aYseRZZADDgcygnpnqEuyJuJZAzQ4coa', 6165811), ('39Pejo2FegcsfyUNkY6YmVEMjVec7oWYQJ', 188449), ('3BYH8FEUHq9N87VincT6GBTzf3Q4nYvJjQ', 569516), ('3PHECtKQNWKTE2qMEL2f2HnBkfbFpD4xYc', 1645), ('3PHECtKQNWKTE2qMEL2f2HnBkfbFpD4xYc', 1734), ('3PHECtKQNWKTE2qMEL2f2HnBkfbFpD4xYc', 1821), ('3PHECtKQNWKTE2qMEL2f2HnBkfbFpD4xYc', 2426), ('3PHECtKQNWKTE2qMEL2f2HnBkfbFpD4xYc', 2431), ('3PHECtKQNWKTE2qMEL2f2HnBkfbFpD4xYc', 2614), ('3PHECtKQNWKTE2qMEL2f2HnBkfbFpD4xYc', 3126), ('375Y8ySA1YaZZg2vfDRoxRbZ8uPw7M4YM4', 21192), ('3EY3Gqy2fMDzMRtFeUMyWcacuyR2Mk7WZE', 138963), ('3QWvPaEKc6tnKc6xwQHjAjGaaSVQQSbRNC', 112065), ('3GiGoRS6YshspTL5FcHgMy91be8D8KUFFo', 17443), ('3LBy5AnDSp586cdXxRAvDnFrtb3R4HQ8MF', 34196), ('38zvGqDMKdAxA1eRH967Zv9fh5sNUjGYaJ', 12516), ('38zvGqDMKdAxA1eRH967Zv9fh5sNUjGYaJ', 13410), ('3DfYA3UTTYjZvajQ6owCAeJWrFHduk6NFd', 44053), ('3HLZVkEMMQdvcCepxuteHC9NxNWcKviXTr', 2412), ('3HLZVkEMMQdvcCepxuteHC9NxNWcKviXTr', 12754), ('3JSdUu1ivm3rqMvuCTAdAj6Dc2hdVhHiEe', 300000), ('3JSdUu1ivm3rqMvuCTAdAj6Dc2hdVhHiEe', 300000), ('3JSdUu1ivm3rqMvuCTAdAj6Dc2hdVhHiEe', 300000), ('3JSdUu1ivm3rqMvuCTAdAj6Dc2hdVhHiEe', 300000), ('3JSdUu1ivm3rqMvuCTAdAj6Dc2hdVhHiEe', 300000)]","[('3JSdUu1ivm3rqMvuCTAdAj6Dc2hdVhHiEe', 6712910), ('3Jx1ThGhh5P9vL5XkMw1NauH2YEDSZo4Wd', 838207), ('3JSdUu1ivm3rqMvuCTAdAj6Dc2hdVhHiEe', 1500000)]"
44,b4da3cb0793a0a4b4d2537dcf674450fab79c254c5700d3f34445e273d1b8669,2021-10-20 03:47:48,"[('3Mi11GZ6h3SPb64TjfNcryafV4NnNSQvM2', 126288), ('39Pejo2FegcsfyUNkY6YmVEMjVec7oWYQJ', 185017), ('33Jz24kfsRyoXpBRozE2gdutBBuqxaZpzL', 1154573), ('3M9fci7UurSi4BqoXUnLwXuGykkpF41Ymj', 305766), ('38arRD9aka1ddQozfDcauCxamAYZBdo3Gc', 127864), ('3NadLftQgchixjNsgbvYqSkxwDzVzEXpVi', 171643), ('3QpxHUUmxSseNJjk2jxLxaw15oucrrNKTQ', 151705), ('3NTSa2vfTDhsQ3NAQUH96dFRX1AeVRPE6A', 139206), ('3DuGrc7y94dvKKKub88icZaGS577iP8Zz6', 116092), ('31pv8YMCrd4yMck5to6T4XMKGmUW8Y5Aph', 117666), ('3PGMi8xEsVRoA6bHsVXGu6uNC32bxC8DyJ', 103959), ('3QWvPaEKc6tnKc6xwQHjAjGaaSVQQSbRNC', 106963), ('38CAo8QA3neXL4FG7PY4VVGhRv8tKrfeDe', 186749), ('3F8FKGGUrrbq8SzJrnY8mKqsWzefA2ZSyE', 200741), ('38zWgo39mDgwQ1LaZmroX5Ax5zWmaubzhE', 163724), ('3BvAPUHnKckn2dJ7SqAeVDYaiTeSqUHGoY', 100647), ('3Nczm31iQzZgLd2s6AZg2EN3JWJpYzrpZR', 426623), ('3GycBFPU1ok59B1CcLy5QaATMN3RiR5b5k', 121159), ('3KgMsHntzpYmdC8LF6YXrvJqGwuz5rxDuW', 106652), ('3JM3RcCwMHAomxuVChph8s2aVyN6oRp4GA', 148890), ('3M6kjHSn4TcDN19jzHTKKugv61dCNv2EgN', 163591), ('3F1U5nQbVu7t3XXvRuvc7NLcJrp2Nxabxk', 391838), ('3EpXf18SLjhvPX9Xpx8NrGfWB3ee7jwdFv', 130701), ('34XCAdFzN4AE7azRBMGjqQL6VjHm7jhx1f', 141650), ('3CyK2r4xpH2hA75eCWH7LyX8bi7B8Bzgsh', 122510), ('3BAo32EzN7QttDivkLFrBJBi8h3vPp5cb7', 201997), ('3JuYUqkHZDbtrvAv2gpxcufSmerLAJK3tY', 154231), ('3EN8wjQfCziqWDUPhDaMKhdVWrHhYGe36u', 104676), ('36KChP98CehEGTJpFmvAzkMgWM31CSfGn3', 124055), ('3CZcT4LuV5cdUxPkVU1wD8GZk25s9RHj3F', 183713), ('3MHwaCQcbrXnz6ReRMa5KSZvv4BraN4rqe', 118043), ('38vDhw2goSSpBDzs8owP7Ti6fCqWf3Vtg9', 239673), ('3QZJp2rB6qECsR3cvPrNQm4tin714n1V7j', 152221), ('3N7GLjHgWJtABWisUHxCWbGpHSaMFZQBQV', 103960), ('3Cs9ACUmEVzritdwKg1HLuhw9ZLdN8hsyX', 106566), ('3FgUQdYPP2EGHA4Q5zQHnuSjx7WxyiXpTn', 102664), ('3Cy9NrdzsaThwYoCELDjZcNwKSfLfrnQSA', 106572), ('3Lec3qjYEr8dnQLBsVGzohkwbRxC2ybwxN', 153109), ('3Ct6zRnZiFXgnkkkeLULKKEHpaLhAq5giv', 135010), ('3GEebWNtsz75XcNy1u4bgTtMkTZeW1YXVw', 236894), ('3Arv8LpBGM1myXRkJE9CVQpueQdQnNRioo', 110189), ('3Jx1ThGhh5P9vL5XkMw1NauH2YEDSZo4Wd', 364478), ('3Jx1ThGhh5P9vL5XkMw1NauH2YEDSZo4Wd', 368864), ('3Jx1ThGhh5P9vL5XkMw1NauH2YEDSZo4Wd', 429547), ('3Jx1ThGhh5P9vL5XkMw1NauH2YEDSZo4Wd', 513191), ('3Jx1ThGhh5P9vL5XkMw1NauH2YEDSZo4Wd', 808400)]","[('3Jx1ThGhh5P9vL5XkMw1NauH2YEDSZo4Wd', 7538858), ('3Jx1ThGhh5P9vL5XkMw1NauH2YEDSZo4Wd', 2484480)]"
45,0822167594e334337422c4588d61d82c19bd39a74a352cfe52a056d450765800,2021-10-19 11:37:47,"[('3J5kPpteVY75M8KdLABZqNPEdjtqsR5pZT', 71400), ('3NdrSMAbsgbXHCHaXKvD8i6rzj4cLLCPHD', 113108), ('3KB44JATc4MkENaZy1Lx7dsKrPtPFmNebq', 124274), ('3Ljs5X2LqRMdD2zpBRSJp6pqst2icyXzvs', 14100), ('3Ljs5X2LqRMdD2zpBRSJp6pqst2icyXzvs', 17500), ('3CpNuE6AcKXDU9GnEeKxkygU8H4gLNyjk3', 112317), ('32a2rsqoNv1uTThNg42BuX2iZrXSFw9eaZ', 92445), ('34sUV8TicokyX9BmhN7cohbtsGBwoKDKB8', 116764), ('3BAH3x692pdoSrsYXo37WihcehXmJyZ3b5', 164149), ('39NccZ5fvvkcgoVGfemJK5tYEYTEuznsNv', 138683), ('39Pejo2FegcsfyUNkY6YmVEMjVec7oWYQJ', 188185), ('3BCVp6Bb8JFqWD5Y9MjqvfJJaPW3ZYc9rd', 38519), ('37vQcyaqgFP2x44MUKpTD8LbqXAmcU6E5B', 105702), ('34FjPpMXKBmB2KTFGCfzR86f94LqEAW2vf', 100597), ('3KYiHAB3prbvRdCL31NS9azMtiaV3pD3Sb', 32943), ('37fe1PvPy6ZycZMANXCPYM6wuTJCdo9UEG', 140589), ('38dL61AaDSnGxGVRs1A6ZB4UxbQLoXaxii', 113942), ('3PX9HyoqhnctV2svhLcw8zoY9WH9ykqoJQ', 155917), ('3Qxab2FyT1o3Ug1oHbpXdSUfU6BAzpa4UG', 155195), ('3L4wrfwHyPDkZp7GgF5stmJfaYM8SEC45n', 166300), ('3GTKhhrRTVSnRY2xV1zi4oFR7g9zEGqfZf', 313429), ('3FaqpmqCQb4tjHdt6aVNd6C4nKtySfc1SG', 100048), ('3PhYcnvLEbHug6W1sECKwQZVqSFUBn4FW1', 5255), ('3PhYcnvLEbHug6W1sECKwQZVqSFUBn4FW1', 5778), ('3PhYcnvLEbHug6W1sECKwQZVqSFUBn4FW1', 5792), ('33LDhGMchPyor7vLC7a18mEpwbeJ6b6hnx', 146761), ('3FymQcP8w6PBd2L8ETmzmSJCdMtLGhPNxa', 203182), ('3H4osyAE6TEngWFBhkfNws4TEYkdGq5LCQ', 583279), ('3QmhPBB84UhWWhgq82Cov41LMqzYvfSHzz', 123023), ('3J3LoKVBTJfdC5SpcGv6NcLiEPCXsBM5oj', 19803), ('3MXy2vB8QTo2nPsFLcZQjprxzHgAhsxib4', 121919), ('39yXUcaFAHAeXAPwF9M5hFpg39qcXkP5XC', 14500), ('39yXUcaFAHAeXAPwF9M5hFpg39qcXkP5XC', 14500), ('39yXUcaFAHAeXAPwF9M5hFpg39qcXkP5XC', 24100), ('39yXUcaFAHAeXAPwF9M5hFpg39qcXkP5XC', 27300), ('39yXUcaFAHAeXAPwF9M5hFpg39qcXkP5XC', 48000), ('39yXUcaFAHAeXAPwF9M5hFpg39qcXkP5XC', 52500), ('39yXUcaFAHAeXAPwF9M5hFpg39qcXkP5XC', 88513), ('33V4BJ6PuwtZbWniEtmWAqdpBfUCsapz3i', 68476), ('3FSCuiEP5eQw8PEPba4wn5TwqsuHBpUVHq', 110033), ('3E7iN6BEoAQcCyZk3iMjemF5WidbWA1cFk', 188104), ('3P8HFWde52ScGk7e4mnEJPYLfvVLzLB5ZX', 78242), ('3P42D9ukEMdDRprrrhFPyLqggjxhAfmwH6', 89107), ('38jjHscvBfav7NxQRGpiF4wrpzwu2DExVY', 195731), ('3PbdBmjzrk2nnxrdz7YrB4xWdF22psMySZ', 135630), ('3PbdBmjzrk2nnxrdz7YrB4xWdF22psMySZ', 137092), ('3Lg7765Fd5DL8Uf6vNayYZPaSbjLRejdHf', 12872), ('3Lg7765Fd5DL8Uf6vNayYZPaSbjLRejdHf', 27659), ('3AjyFapy63QsVhhV5JNcMVCchwt758voMG', 60495), ('39QjTNZhAJ8q4o9tDvm3jzSJDDqYhVYVg9', 134019), ('3Ng2Dn3zUdgXbaM7ipc7B3EvtdEXy1SYKF', 39058), ('3PuTEzfVfLrcv7DkCbyUAkshZifZi3atFo', 17930), ('3QdUXDVuGT6fRHdtangpHhgd8J3HskbwmS', 101466), ('3QdUXDVuGT6fRHdtangpHhgd8J3HskbwmS', 102645), ('3GKLun3zx5F6QLsQxUrP7HtdpXCXwguw1S', 16046), ('3M3wMjC9uLGFZoxm4pNo9SAVGz28CptqBb', 251442), ('3FBgFCzbxAJfNABKVJe5UQNBKhXdVQeHcr', 118702)]","[('3Jx1ThGhh5P9vL5XkMw1NauH2YEDSZo4Wd', 5936523)]"
46,d7a812aa7fbb8d82d3efc2390dee6c8d15f1d657375d1b03734e236e386531e7,2021-10-18 06:30:21,"[('3J4J7uYK84kic2zowZxxzTfzysBxczD3mY', 113194), ('3QN7x5vNWdBsCMZeLTMJcL1sdEcbp4T7wD', 107683), ('35bVUnXccN9ug2hteXLFE8dM4ei1sSEPth', 102418), ('39mQ9CN1AscMvkb8hnxUXJ8NNWBRJD5sUB', 153402), ('39Pejo2FegcsfyUNkY6YmVEMjVec7oWYQJ', 186958), ('3JjqGSJjGbFKYvwht1PwYGX5LBxE6WaZ83', 177292), ('33pQNHukcXTHXzJh2BTJvpjtpmSDETQoF3', 137420), ('39rJCTRd7f2L4vPAF4C99s8GgcNgw7K1t1', 145326), ('39s4N7uUoF9Te26BmLJD7YJaRrSTWGkzR6', 263352), ('3EZ5jzdYivkVh8rc9DmZmLm4Lk3XSnPPc6', 114369), ('31jY18k3dqcuUmTXq5LLJKWaMgx7UdGEJm', 119221), ('33kgnH3V778ejctUXj6w9Sp1T5TikV8nWr', 127515), ('3MwDKB9fZnrvKDrMvqm4aAfP771wBUGmLP', 512694), ('3HPAJkTokmZvAeryw9vGrKnSSBQL9Lamqx', 605591), ('3CZtbd7smCYrMsKHJgUerVrQUShZzD57tH', 186282), ('37SGRD89myDSScboLvE5AkMyKMYvHx6eev', 116478), ('3NWrhug2F7ENH5Gxuar6rp5iBzzjvFxMQ9', 294371), ('3FVBKANqXFVBGaQYjxEaDPtx4oy1dcwikF', 105221), ('35k1vn3CM2jEYkQyoCFdUpVqnX9safFub8', 103437), ('32DdgXyHTErjo9MGRAheZdKkC1Q3LgwvUk', 113497), ('3DxdByvMVLqp8MS36rt5KAfQfvR5L4rVvZ', 109515), ('3BoGWW4ZWJB1bVmGjXnpiG3mqdTF2azyaf', 119342), ('34dcE3Y2FunHNPQWD2CfZJTWs4e8n38swd', 1493133), ('3BAo32EzN7QttDivkLFrBJBi8h3vPp5cb7', 178982), ('37vhSo6YeDTdiJVyu7uqqU5xGjentrq9LM', 566775), ('3KoV8rep52KkDBx3MrSC7U5r57W1eRq2CL', 108752), ('39UiguuHyQkQ5yoGqAtitonQ69HDn3sxYP', 167617), ('35VcWm4rMrAPau6eQBKnRF6dMAMN3akaes', 131110), ('3NqyAocnrQgyKS9WnS7RE8q6Z4ze6bqAxS', 107017), ('3MKgq6qLrKVPzR7WsABAbJWtLbnnvct3Sf', 137679), ('3M33JNZcYi92vd5wFyHyRjmYkc1wbMvw4x', 106281), ('37imDtnQzDbJvodPQsTr4NRgLdcipCa64z', 111880), ('3D8m5CqYwH2wTELe39wPdcw65yBRWv3YbE', 139400), ('3DqBC6JFgqu1jijLERp8ey6rpgJomCW86t', 110250), ('32kjrpgmv8nxNbSD1Tp6SazraE5869FEEx', 187810), ('3Jx1ThGhh5P9vL5XkMw1NauH2YEDSZo4Wd', 308955), ('3Jx1ThGhh5P9vL5XkMw1NauH2YEDSZo4Wd', 313732), ('3Jx1ThGhh5P9vL5XkMw1NauH2YEDSZo4Wd', 931627)]","[('3Jx1ThGhh5P9vL5XkMw1NauH2YEDSZo4Wd', 7555524), ('3Jx1ThGhh5P9vL5XkMw1NauH2YEDSZo4Wd', 1554314)]"
47,4ec4cb2ffe9648fdaaa9ea734da9aa32fc4a8bed1dc415fcb594996cf1f5e72c,2021-10-17 05:09:00,"[('3FL2J3g3PYPrLfGHywiLgBGDD1uCHJYZGP', 128212), ('32YHy2YVEdPeQmYn3YcHzye5Ayjv5af3c2', 137088), ('3Hpp2ebSWkJiNfyyLE5vre9ZmRFEjBqmm1', 107061), ('3ENc6jZW3tvAuDxqwrVjpeebxxpWsfTQV2', 994018), ('37i6WeELDQTtGBk2gZQnaZJ5aDrmTWBevm', 109317), ('3DuGrc7y94dvKKKub88icZaGS577iP8Zz6', 118456), ('3EMrt2KKgrbrTK2ZYZSVDeBznj5BUtPJEC', 101099), ('3J7wwzcwzZXV6J6somiPaNDA48tUrGBPVC', 116842), ('3PTo79betkSKeuwtFCzs8Eqs5DUKyjF4Wt', 101174), ('3FrhRKWkKDbxY6Dr9wcgFfzqJAeb9GTC5y', 117459), ('3NWRNN2hs2kktDDc9oaNznDEuE3SmV2TgN', 201734), ('3HA3gq92sMyx6SKUUE8kwbSL67vno2Fi3Q', 157822), ('3GcNr9wvepPC32qwfGsx6g1GnfWedEq9XX', 204798), ('32gxag8xD4EjNSn5T8JA6kkyeGaccr7VXU', 131135), ('38ZUrPDN6uzDzLXQD7KaKPtYMKZeJd3ohu', 315351), ('35nDUdRbCPFg6Dj6313Jca9U1xo5bM4Lnw', 156996), ('3BiiXgRnFywdjYb4YFrT6WLpzArhMrFzGu', 116604), ('34ds2NY4SsnvZxkAtj9mZdfgkJq6jr3WNV', 189409), ('32r7oxtufwRBwr6b2w1gHCm4Sisf2pToq7', 108086), ('3Hqe5JmWAW9LJbqC2CdZTV5mjyZ1qtdLzV', 177885), ('3JM3RcCwMHAomxuVChph8s2aVyN6oRp4GA', 103379), ('3Do195rTu1EPxAHkF66mV1ESNCaBEYaBoh', 115022), ('3F1W54wptvG5Fx8muAqoKpRk2uFYDndExM', 114129), ('3NXfamxp5xJvwMFyqGrgcZRTCBdNJSp4vg', 124441), ('3FxRcJYnAZHtz3XPkvEZ2pyBRFjnL92aLc', 117422), ('3J3cj6MGPzQ24YDD9932eN3Afzt8j9SrtS', 104792), ('3KfUsN9AkGLguCEARDyQnbmBAxxSQwNBpN', 127679), ('39mQ9CN1AscMvkb8hnxUXJ8NNWBRJD5sUB', 140235), ('3PG9GTnZqwoktzguLVdvF1SQhYRaqgAQff', 143422), ('3NhFQC8FHZ9S4kPDfBaT9tL2np6C8GT5wB', 110036), ('3HiLj5jWATTZ6v5BiCw7wFTZRMtmATEGSS', 100317), ('3E8MuAZxSr1qbrUw96F1cQzRN6b2Zx2wpj', 177674), ('3P47Yy6iMWjqsBG6jF1b2HHvZaVdoSVif7', 101275), ('38wYrj7BQgEPPza7iBZGni33c7YjRpvTXV', 122242), ('3Cy9NrdzsaThwYoCELDjZcNwKSfLfrnQSA', 115447), ('3KUxGNXzRswEq3pdi7MiTjxq4zk9ixR6gc', 118587), ('3C4P1XKTDYarvLiikLPfiDxDUKsEa5s2U8', 110291), ('36UTvE9BECPqHnwe52jxVtec4iMQCNLHwt', 115892), ('39Pejo2FegcsfyUNkY6YmVEMjVec7oWYQJ', 189992), ('3NJDUcQNNz6E4D7Zs4jiCQ37BsHefiCPDx', 120269), ('3FymQcP8w6PBd2L8ETmzmSJCdMtLGhPNxa', 199624), ('3PXkXi82v3Tezr1ur2MxkoELMGhvhtbANy', 106314), ('37Kjx1w7g9yf6rR8uqEg9S3vn79QRS5Vqh', 179263), ('3KdBYpMmyxEqDFkzEhbLRJQ8UYnTZBhotp', 143815), ('3Ef6rDXfxHiXDrTxchxvd6WHvJ7kYsKjH9', 221638), ('3Jx1ThGhh5P9vL5XkMw1NauH2YEDSZo4Wd', 312986), ('3Jx1ThGhh5P9vL5XkMw1NauH2YEDSZo4Wd', 926512)]","[('3Jx1ThGhh5P9vL5XkMw1NauH2YEDSZo4Wd', 7106662), ('3Jx1ThGhh5P9vL5XkMw1NauH2YEDSZo4Wd', 1239498)]"
48,34d6e26c8a6e9bdc531edca607543f9029ee00ee5711e51fb1b6fd22b2ebdcfe,2021-10-16 11:51:18,"[('3DfC2eSr1YFVJ6poCz6ba9G2oHWxcUFsL9', 314549), ('3MuDbH1hgHNeY3A8e8Yn5of8BWPgcHSxxA', 115882), ('31uvYB89Zb9qZ2gz6GjYgRM8Hhc7gtN1xV', 177852), ('3HFuWwXuKygsDZQzMiqdRv6rkagorukYbh', 58134), ('3J1EQUDxQWMnSd6MJhB5eZyzHerjRyFn9u', 21900), ('39Pejo2FegcsfyUNkY6YmVEMjVec7oWYQJ', 175543), ('3N1bV4yXEBa9scpXpvcacYfaCKzUUPkc8u', 48249), ('38udte94M68XjT9jnqUFBCF6ghzqeBbccx', 48701), ('3F6qvtHBhw7sejfRA6R2SVQ4aHMfzMMPwx', 987395), ('31njpQ3b4h7nKScoN3AxkeoJouAX9L3fPv', 118540), ('3DQXf1LevCrSeKh97y7TTgF6ic4hCNZDDF', 24582), ('3HhMLwThazmLf5hvUtgKWebAvmyC4NvVSn', 337732), ('39Dyr3c4PY7bmd656N8Ra1yeaMCrfcJmb7', 73528), ('38SGYx35KADDaC7jJREx3vBnTwqtJ2mR3n', 80652), ('3Q8Wge5vxHZ4D7y8qskPYLmV8WyqC7akZD', 9567), ('3Q8Wge5vxHZ4D7y8qskPYLmV8WyqC7akZD', 104689), ('3EN8wjQfCziqWDUPhDaMKhdVWrHhYGe36u', 102946), ('3M3wMjC9uLGFZoxm4pNo9SAVGz28CptqBb', 88699), ('3FYpSptJzo4wNpFmmY2rFmxr39hcYxfRDt', 55986), ('3A5CAwQX87SBDNQW65MavyWgwnY5fUhiAJ', 118195), ('324Qmg8FRcs439sw4QwcdSRqYyN7CvWe6f', 242972), ('3Mmsg331YLaGxdvMcJbD5g4BX1D1PhAEzE', 7457), ('3Mmsg331YLaGxdvMcJbD5g4BX1D1PhAEzE', 9056), ('3KJKdMUkG5A596vvNDbLjA1wpYJs54sMsC', 38128), ('3GbkmGs8Vdpd1o8cSamCEqUPizxF48eiwd', 33233), ('3NqSgxTzcdA9fKqxcbkneZwomq2sYaQCxM', 14289), ('3NqSgxTzcdA9fKqxcbkneZwomq2sYaQCxM', 14861), ('3N968nARntBPhnDRSUcC4xpbeDrwTfGdVB', 47769), ('3N968nARntBPhnDRSUcC4xpbeDrwTfGdVB', 50837), ('35mkyS6EQjBKTZDwr5vxhZirS7EuyVzDwa', 387310), ('39LjXCFFpY3UQCXAhXR8BFtZ9WaZSKnsFM', 35008), ('39LjXCFFpY3UQCXAhXR8BFtZ9WaZSKnsFM', 52958), ('3Ad4w9uUBierAGFyPYpu9RH5Y3y57vEkEE', 82282), ('31xp3w6ZmWBVfiEE4GaugjEGe2xc5vBJXj', 7188), ('31xp3w6ZmWBVfiEE4GaugjEGe2xc5vBJXj', 7571), ('31xp3w6ZmWBVfiEE4GaugjEGe2xc5vBJXj', 7598), ('3KkPAThRGpTzXMJKqzgtwUvPnVL8Sbb62E', 8084), ('3KkPAThRGpTzXMJKqzgtwUvPnVL8Sbb62E', 9398), ('3LJzvv2p83VBdxAiaqS36g8nLoMJwE7aET', 14524), ('3LJzvv2p83VBdxAiaqS36g8nLoMJwE7aET', 16169), ('3AFY7KpQvDTZ26qmi52BK4jyjCBg1v5ECp', 109700), ('3KGuktGMoGpXmwCBS2WFnP2TwndrzPrhkX', 16793), ('3PB7R2Lxjd7XHWxRnXgon445aCLg2Fuw1S', 84335), ('3NFUp3GyLHm2Kjyfj3Yn1Y1moaqDT63dZr', 22965), ('3ChwaeUBriSsLLuqiUnu8XEtbYq3ALLucV', 96112), ('31iHZvcdSiHbGpzkaQgTJ2pNjUU9xB9VRj', 138527), ('3Gfcf3dVeKK1XwZRxPFde8paBfrKsNBwew', 131546), ('3Gfcf3dVeKK1XwZRxPFde8paBfrKsNBwew', 142122), ('33obdwCssUmBWCozyzfn1R1UYdqE7BQwhG', 50231), ('3CzaW4fm35g7gW2WNH9NwsQZVjsPZzqfF9', 19167), ('3LfttDxLzJZXmG9ASJnogKp6pUbbGmYNjw', 31855), ('3QDUd3bu3SPrjgd3f4f8M6CTEeay96ueSq', 114062), ('36fMhkAxwRBeTtX8Y6piLJctii5HLpWmLY', 24880), ('36fMhkAxwRBeTtX8Y6piLJctii5HLpWmLY', 24980), ('36fMhkAxwRBeTtX8Y6piLJctii5HLpWmLY', 24980), ('36fMhkAxwRBeTtX8Y6piLJctii5HLpWmLY', 24980), ('36fMhkAxwRBeTtX8Y6piLJctii5HLpWmLY', 24980), ('36fMhkAxwRBeTtX8Y6piLJctii5HLpWmLY', 24980), ('36fMhkAxwRBeTtX8Y6piLJctii5HLpWmLY', 24980), ('36fMhkAxwRBeTtX8Y6piLJctii5HLpWmLY', 24680), ('36fMhkAxwRBeTtX8Y6piLJctii5HLpWmLY', 24780), ('36fMhkAxwRBeTtX8Y6piLJctii5HLpWmLY', 24780), ('36fMhkAxwRBeTtX8Y6piLJctii5HLpWmLY', 24880), ('36fMhkAxwRBeTtX8Y6piLJctii5HLpWmLY', 35980), ('36fMhkAxwRBeTtX8Y6piLJctii5HLpWmLY', 37380), ('36fMhkAxwRBeTtX8Y6piLJctii5HLpWmLY', 38480), ('36fMhkAxwRBeTtX8Y6piLJctii5HLpWmLY', 24780), ('36fMhkAxwRBeTtX8Y6piLJctii5HLpWmLY', 24780), ('398iK3CwRsLxiuokiK91JK1vRcpnUgGSao', 118653), ('3ABtWmkZtfM7GbY4aqUyGTzS3DVqfB1vfD', 32479), ('3Jx1ThGhh5P9vL5XkMw1NauH2YEDSZo4Wd', 305011), ('3Jx1ThGhh5P9vL5XkMw1NauH2YEDSZo4Wd', 305041), ('3Jx1ThGhh5P9vL5XkMw1NauH2YEDSZo4Wd', 305043), ('3Jx1ThGhh5P9vL5XkMw1NauH2YEDSZo4Wd', 305230), ('3Jx1ThGhh5P9vL5XkMw1NauH2YEDSZo4Wd', 305257)]","[('3Jx1ThGhh5P9vL5XkMw1NauH2YEDSZo4Wd', 5682587), ('3Jx1ThGhh5P9vL5XkMw1NauH2YEDSZo4Wd', 1525582)]"
49,ec9dcd1fb01bc513290f2a2046cad5b9d84e7c95ca9ddfffa70e203aa3d4fe9e,2021-10-15 13:34:39,"[('36U1eg982PT5zpiTL3tQoyxuJ8vANbv8FY', 102653), ('3Fq9W1g1PowT7ZvjMxKbNBd2jYpgFYtjDy', 140391), ('3AEjoEY7bHEHh6bLPt8bDPVkvT8fFyvw7w', 137006), ('3Q4ppHKXM3U1x1DUbSTJ1exTxibxkJsjhX', 90560), ('3QXFf9nKKvcazKRoRm9ui2dpuTECm7Jf79', 25460), ('3QXFf9nKKvcazKRoRm9ui2dpuTECm7Jf79', 168155), ('3DxdByvMVLqp8MS36rt5KAfQfvR5L4rVvZ', 168181), ('3LGshUPJ4yb6eqqAYzpznJ9z7jkJB8XvwA', 136515), ('3LGshUPJ4yb6eqqAYzpznJ9z7jkJB8XvwA', 140819), ('3EwgBNSZoSf4V4z2DR21L9BwPFEwoSXJUE', 239768), ('391nscRprKnFaoWHqgMoMmy96DrAnXgn2Q', 134985), ('3QxYrjAhPTY4mptLqRsNcJM7BUiEPZ8573', 104970), ('3NW9nL9JzzLBDRZB8o1PbMFVf3rtYEWoJi', 101337), ('3CGskenmfgYVkAjNWFr2yQoNiKBm4SfbJX', 239070), ('3GBiNjFtERf3qNPcsRje2o34bDqKW31r8N', 31377), ('36wyJsesHwZdHvWCXBbjHzZ2VUvGNGa4sa', 73612), ('36hg8oQn3bEVNht6YQeqX99AMWGBU1DFZS', 171762), ('36hg8oQn3bEVNht6YQeqX99AMWGBU1DFZS', 171762), ('3Jf6u86rMRTBdHwPepxNkZoBouNMGbkLZq', 31311), ('3JUrQ9CA3zsqHT6PAefAbMxHXNRqchqwL5', 20496), ('3DSUE7mfVxWtss3tJo7T17EA63skaKoVtU', 123864), ('3GKLun3zx5F6QLsQxUrP7HtdpXCXwguw1S', 15764), ('3HFnQ1dbfLvUrK8EYTLCQFHbb7iubPgTq9', 1141389), ('32Ge7ELgtsgpE3cAWHSocyZ4k8RWPs3Zjc', 150600), ('37oFKbuB98jbTWVnmUiHfzz95Rc4Eiarzy', 128494), ('38UGMiSchnj5JdKTT6fmJHKHKPbU3LzMmA', 130068), ('3EveBZcKit143YEVuM15H239ya6kibiF6Z', 16968), ('3MacKnmLjisJq55pGCfBUXJR6Z3NRVo5FR', 425825), ('386GxkG8kH8StcXKqZLN6A69zhu7Kqa9Qw', 107100), ('37bjEmYMHEEd7QjTt6yM47q3CFcEkw9vEQ', 106625), ('39Pejo2FegcsfyUNkY6YmVEMjVec7oWYQJ', 187999), ('3NUgDTo3PXwvdHTcYKTVmSsmrywiGh4a8g', 1321836), ('3GFhGftDxBfetgajMAfdZrV7rmJ7yqfk5G', 200000), ('3MJTimpSdbifpPZtLLicD9uDkj2UJ9vSL6', 99646), ('35RiZMCnNwHKyK9QitxHzkxYta1fVYj1bA', 100000), ('3FGiozVVm7d771cmzdLTZhoRoWRFpezPbb', 340000), ('3KFpjCX8mG6tPG1e9BMHd41zqajqgT8S7K', 12539), ('3KFpjCX8mG6tPG1e9BMHd41zqajqgT8S7K', 13535), ('3JUZeHYnJ8q9pqYAYyTDnR3A4bUZte1mJF', 117388), ('3DUUHcpF8m4ngK1Njz2dJWwNA9dSkG9CsQ', 150221), ('3HpnFkXYGQbWa2eL81tbyVRvwAe3okSQg4', 137858), ('3HavtYuZtbhPio4jbkYzzJvgyaSSzu49rs', 57329), ('35qixYi3C9tm4T1JeUbiwSd1AdtJW7KqM6', 23626), ('3GgP7iyFEYqra9DdMYu2G2iZybScMEe4uu', 22552), ('3Jx1ThGhh5P9vL5XkMw1NauH2YEDSZo4Wd', 300000), ('3Jx1ThGhh5P9vL5XkMw1NauH2YEDSZo4Wd', 305049), ('3Jx1ThGhh5P9vL5XkMw1NauH2YEDSZo4Wd', 305265), ('3Jx1ThGhh5P9vL5XkMw1NauH2YEDSZo4Wd', 315971), ('3Jx1ThGhh5P9vL5XkMw1NauH2YEDSZo4Wd', 316586)]","[('3Jx1ThGhh5P9vL5XkMw1NauH2YEDSZo4Wd', 7554037), ('3Jx1ThGhh5P9vL5XkMw1NauH2YEDSZo4Wd', 1542871)]"
50,65d4e0fca3fbfc62465e9f8e79164bfeabc2ce54e9ae584e5bec80c46bb885b7,2021-10-14 07:33:32,"[('3BgSjL2iAmEQaxm2xiGhJxse47zygwVdvz', 190528), ('39WTaZXzFmCNLfC7Fr5ZjaxUR1y32QpoWq', 108055), ('3L5wqTu6aRcoSqfFCnoZnLWCzCvki5AatY', 141045), ('3KHvMTWqQc5Yyiu5FrBKrheL25n4MPHvbh', 110863), ('339sMJhhEYubEGovj4Y4Rvy36EZYA3XkcP', 105752), ('3HGmQfxH7KbPKrjydJGjdUYWAndccKssSh', 115085), ('3ERUPmhTZHQAcfxVdU3b2kZU48Mv5ToyTd', 152887), ('3LMjXGAua2pHZ4cwfKWqB8Bsywe9sRQ14V', 103191), ('3Kaoq6hRzXWZQxgQHPb5ztZ8erDzMwVx9B', 161518), ('3JedRgX9HN5TGhsmptuP23J2PJuRAA6FMn', 546404), ('3A2fLJehDNGuYTK14F8k2hGK22sCNB5wHd', 191188), ('32kjrpgmv8nxNbSD1Tp6SazraE5869FEEx', 190055), ('3LVkhFYYYrceUnPfjSWyyu9pD6Hnp6xLTJ', 114457), ('324Qmg8FRcs439sw4QwcdSRqYyN7CvWe6f', 239111), ('3Cy9NrdzsaThwYoCELDjZcNwKSfLfrnQSA', 110314), ('3BpJogQTG7k77uRQRLEhSLsUJpUQcWkyaN', 107619), ('32As9ma2Cts63aEbbpEfi73HGP8UEHiaBT', 144598), ('3FEkT9Y4sc9oSH2yfarqxCyrgpyzsQ8u3A', 176163), ('3JttEnCSxxv8FwZoGbSScuPjacnbyi6n7G', 129040), ('37jcLXgBnkLMXhPWR4dHXt5Xatbooxtebh', 155590), ('38pRfm51RGbE5CmYTpi8SN7kw6oZYRNje3', 531173), ('37qjQ8Sc1TGc1sJ7ErAZKD9dTrvZKe1BAm', 521036), ('3FEVqoUWfABHdGHau6yriqEXsgceduY1nu', 143548), ('39Pejo2FegcsfyUNkY6YmVEMjVec7oWYQJ', 189607), ('3JT94NzjpM5B63hRGZZb8ux7qzW9Xsc35X', 1077), ('3JT94NzjpM5B63hRGZZb8ux7qzW9Xsc35X', 134392), ('3Cjch7me8nbsQ6sSSydLpRedFoT98JLLkw', 147836), ('3PUZY7EAxaktqUPc1mJMt9tMjgKMze7RG3', 151608), ('39KkZ9B7RvbyDnB8KwY2re9wrtHAtQZH8A', 146869), ('38QKtuiU88YTQfXpH4tj4bPNzqopaYp4Te', 148561), ('37XaR4jePqDb2kzxWjB4dr5wzh3kF9zoui', 187078), ('3QhkyVpZWetUa3JzTE5HZiz2sQXyjCNpqB', 254998), ('3KLo2hdh2UrepbfrrwqVfNe8v9WDycNSAM', 136451), ('39nHKqSoyYbhVybDLnvADKdic3Wm56QgJz', 120335), ('3LZ8L8mjSgXznFeviLNpenXXqCPngZu3p7', 551251), ('3Q1DjFL6XkjfumHvd7vrG6yhMvNdD9akf8', 130079), ('35SciEnRAKVAAtskjm2oYR5nCADWm8AQHg', 104848), ('3ARtWmaXWZr3XYNwtZjJpoBMEfVaVW4e7y', 109209), ('3NMLpQQv6FWF9Xnh2fqv2LfTcz9tFAy3Yv', 504095)]","[('3Jx1ThGhh5P9vL5XkMw1NauH2YEDSZo4Wd', 7501659)]"
51,d7a97e28c5057ea103635dd0b347b31b6447a309a20f6c884502c32229960785,2021-10-13 17:45:27,"[('3AC9f5DuDhNJWpG7isPPEswFW6tWCsrH7S', 136980), ('3Dt3fSnApgmQgYmq6vgNyvkN8HogneStNL', 144378), ('38WDpLiuqxEFeBpLhph5pDckVzvsC8bxms', 168012), ('3CjDp7b31n3NkAJ2pj9nnCxFYgj8UogDLQ', 26432), ('3A6bGnacLz94LXXn6Rd5K5HRvNbjeALjy9', 133817), ('3EyuTCsAsjBf9CwZ1vj97xBU3yanDWnAir', 89594), ('32Xsd91FUm1bLcRwrJV6DLdG7SDArKFnHZ', 10986), ('32Xsd91FUm1bLcRwrJV6DLdG7SDArKFnHZ', 11661), ('3LqB267BqQJTpBD4tRbsxc7QnwCb1FKv3N', 7657), ('3LqB267BqQJTpBD4tRbsxc7QnwCb1FKv3N', 7732), ('3Mbjr5BZpXHvtTvR9baVVw54Gz8SJUYEdB', 57172), ('38wCnzbvmhibh8cwrSh9wbs8Nss8Z6PthY', 137426), ('3CfvKQCv4r4pM8M11KNRXbobgtX4mFttXG', 18052), ('3CfvKQCv4r4pM8M11KNRXbobgtX4mFttXG', 18117), ('3DADU93E6DKAjJtkg1B1LGunAjG2m4JWTk', 124378), ('3M5mRBMpVFBUPh1CnfKaieJpkq9pThEDw5', 124643), ('3DT9u4qpe4sdngS6ZmDnTmYFn5iJrJdfZ3', 13071), ('3DT9u4qpe4sdngS6ZmDnTmYFn5iJrJdfZ3', 14396), ('3G7C9eaNLUtiUDwwstnHMW1CC4fRViU2Q3', 263451), ('3EP79uGKnohdfYQQUpCmYHFbA3f7CcvKT3', 308714), ('3Ns3x3uXVsTTDGLno9rzPdPdJD3j6voLx7', 200040), ('3ARrcsgMJ9fGDjoZdL9yP18zEnRcdbeJev', 263106), ('391nscRprKnFaoWHqgMoMmy96DrAnXgn2Q', 142252), ('3AQd1PdsDtYuRbinbVeR1YFCUPMPBzYCn5', 15941), ('3AQd1PdsDtYuRbinbVeR1YFCUPMPBzYCn5', 16538), ('3QNyQxu57xHieFbWnKiZw665AVqq8xRKer', 3950), ('3QNyQxu57xHieFbWnKiZw665AVqq8xRKer', 5622), ('3QNyQxu57xHieFbWnKiZw665AVqq8xRKer', 6348), ('34itymapFixMiA9tWjnCWxiuy9SkMbvnzZ', 72253), ('34itymapFixMiA9tWjnCWxiuy9SkMbvnzZ', 72735), ('3BKafXGXJ6z9uDxSn8r7VpgoaHU2Kh5fRt', 110891), ('3Axh3t8CF9q7EZgp7BoLqC13qtZRNkXtth', 1276), ('3Axh3t8CF9q7EZgp7BoLqC13qtZRNkXtth', 1794), ('3Axh3t8CF9q7EZgp7BoLqC13qtZRNkXtth', 5393), ('3Axh3t8CF9q7EZgp7BoLqC13qtZRNkXtth', 5477), ('3N86ckxAKfkRdJzH1e9UnHLJr3zqU98jPZ', 151670), ('32dpQKYSMYZTEdAHGBk4jEYP6P7i6uDXPv', 22979), ('3Jw7BcuV9iNpXK6LarAed9iiGEcutjFfsh', 25913), ('3Jw7BcuV9iNpXK6LarAed9iiGEcutjFfsh', 26996), ('35ucVvqRExumsaMHhFT8jQFZNb7FAhs15r', 44647), ('328n68qHE4u2zUqRuVvDzbQBNqWQfcyvDK', 4861), ('328n68qHE4u2zUqRuVvDzbQBNqWQfcyvDK', 7798), ('328n68qHE4u2zUqRuVvDzbQBNqWQfcyvDK', 7834), ('3KVHV3NExDhukzaaxb4Rf1MiUgNxWczGhC', 170800), ('3E3F5rcQCsQiNwqNbT7dS6sSp95bgxzwAr', 9227), ('3E3F5rcQCsQiNwqNbT7dS6sSp95bgxzwAr', 21246), ('3CH62zgozG8VXkiUZZcqmwDuaaAPXXrMHV', 9477), ('3CH62zgozG8VXkiUZZcqmwDuaaAPXXrMHV', 28168), ('3PHhFRAgARU3tdFdAwoFT9hjv89qbKAo1M', 13539), ('3PHhFRAgARU3tdFdAwoFT9hjv89qbKAo1M', 15953), ('3PogYqk1pYc1AwW4ddSoWDvMUsEbKChZmM', 41962), ('3PogYqk1pYc1AwW4ddSoWDvMUsEbKChZmM', 49462), ('38HW8DCB6iENQnXtgrDWV1Mzbfq2wm5NMi', 109564), ('3PQaQcRLrmmKLEZonbYRKaHDRkhxUyz2uU', 102413), ('3DKR5XiNwCVsJ6oFFLwe5DNfzhPnusnadY', 117387), ('3CkSjoWvrpwWkWkxg6Qi5W9gwZ73rnHE1K', 64505), ('3ChyVsYtnvFAd6aPynMicZF6amD5AL1Tt1', 359794), ('3ChyVsYtnvFAd6aPynMicZF6amD5AL1Tt1', 1081673), ('3Hskz3BTgccKfPb1KgxkCor9yEAdPVbBkJ', 12452), ('3Hskz3BTgccKfPb1KgxkCor9yEAdPVbBkJ', 13111), ('3PTkdqS2PhEr6wvkYFPSBTiAsL9Hc8GjC7', 50000), ('3PTkdqS2PhEr6wvkYFPSBTiAsL9Hc8GjC7', 60000), ('3PTkdqS2PhEr6wvkYFPSBTiAsL9Hc8GjC7', 150000), ('34jmeinWGLHUnWgyEBJGhNXjX6yHkjRCcJ', 84272), ('3QNz5qz2MH1kxbLVTwutZ3acmmoD9pGNFc', 22963), ('3Gpz4k5yg5r4ZjYzZ1oEj2r8bixVA2V3cT', 143249), ('39Pejo2FegcsfyUNkY6YmVEMjVec7oWYQJ', 184965)]","[('3Jx1ThGhh5P9vL5XkMw1NauH2YEDSZo4Wd', 5939138)]"
52,e49621685aced976742f3dc5947d4063dedd0e44129f4b666931caea33de0c53,2021-10-25 06:59:38,"[('3DfaPdD8txy6CLr46XnqwVB9PBPkAkLfLn', 187038), ('3HVnJ57mvupdtkA9xPFdhCUPLvndKFSsZW', 130697), ('3QwoNgDPTmxvaLzFUuKc9UUafFEvv2J1Rm', 114163), ('3HKpwTqyNEDu2iq6HViwMwn4cWSs8tsFZf', 107664), ('35uGyT7CQZxadR6kuiDhkZkjHkf4wanFC5', 111468), ('34WvcDgCjUABwbkTA9iCNrWqrQfq62s8ww', 149875), ('3J4J7uYK84kic2zowZxxzTfzysBxczD3mY', 102272), ('3PbdBmjzrk2nnxrdz7YrB4xWdF22psMySZ', 142476), ('34ds2NY4SsnvZxkAtj9mZdfgkJq6jr3WNV', 180392), ('3DS4bQNMrrWv9Lq1YamY5oDgGeV5vPxNbM', 111060), ('3PodFrWZp41GSwGAcuC5eXcH1Jncpm2wV2', 119358), ('35FfLm3BBqnZrCfnLVn66nUbXXShukAavx', 173052), ('3PEEm8fhzFdKFJBtyjmaEb66iYR4aGHE9s', 214049), ('3BAo32EzN7QttDivkLFrBJBi8h3vPp5cb7', 209288), ('32F4UESXzQLSCVTMbRh9x1xF7Gd7ykcHMg', 895631), ('39Pejo2FegcsfyUNkY6YmVEMjVec7oWYQJ', 183137), ('3AvMFKeFUMmHF46nfxEitRyPb87LJ1xeoZ', 115316), ('3GK55rzZKnmFJcnbeR5PDwqfkt3ziKUMAc', 112119), ('364SuMFubnmCXuuP23Ub4867PxVapnYYgi', 131506), ('3LXdGjJ4fyFx3Erhcpz4P6Nkv12qUygPTk', 110995), ('3NBypssr6s3hFA3FmqQXfE8m2h8wdWAgXd', 102945), ('33BR1JcgfhuQ3HxaZ3HEL843CRCYCmKSWG', 131301), ('3QbG8rReZj8HfSpY9uuUEv1SDiyf9Awyc4', 102292), ('3CCaNdcPbV8YGRd2NfZZMipmx4VztjpWnW', 219740), ('3QfT6iHkpNgRsrhGivVoBY1sQKjXSnjmiy', 168231), ('3LzFdNiaQqUFnEmtSsdWmNmXn5b8fm9aGU', 103057), ('32psV4vEZqUzjYZj31Adoa1ecRsLkJuaJE', 111274), ('3QY9S3QgogZYad1JAkqLy6eHkKnSFSiUKW', 134811), ('39xi7PuA43oV1AvLrGs8qgeQe9dL5fQexK', 118636), ('32tkoqdHoZL8vmFv7LqLXQZLDvQ1HhPqUW', 112529), ('31iHZvcdSiHbGpzkaQgTJ2pNjUU9xB9VRj', 111107), ('3PDHssa6nNcrztsq4RhDGSq2Y2KEpB38NA', 230599), ('3PBxV6iSXw6E7E4XwM2B2ieNtTW3jP8id2', 196773), ('3HQFte8no6b1zLh6y5bxCcUNvnZrr4NS9z', 100499), ('33HJjjrs3zjmr9FeBsRshVxTjdSi2qnS99', 126409), ('3A7dxpZmFeh8m1N5i7ZyP7S1UQV5cCC5Vk', 116413), ('3Jq6yg7ZoZyhb1Sc4wKJQVxGuBseyZnbap', 153886), ('3Dr5iBUeKaGLBr1pmcnDmuJoKBtAwMX94E', 143430), ('3E3cHmaBspJHiu71edLsr8mReHwt1CkKWe', 324423), ('36ohr48LVGxLihjpR5SdBpdh5Xhc8wzi9B', 162383), ('3Ch8UH46qTbwjcHagLsLAhif33c864Qh6m', 797005)]","[('3JSdUu1ivm3rqMvuCTAdAj6Dc2hdVhHiEe', 4746971), ('3Jx1ThGhh5P9vL5XkMw1NauH2YEDSZo4Wd', 2616141)]"
53,9feee0571593cc7e74640eda30fae511843d55614809cfb56825841c55c676a9,2021-10-24 07:32:32,"[('3P7rzf4TFnnfXbPN2s9M1vBeEN9LrdWC35', 125910), ('3PUZY7EAxaktqUPc1mJMt9tMjgKMze7RG3', 134680), ('35VTAgqvMSrHdTR4gY1X31DiC8h3socGmx', 319377), ('3Arv8LpBGM1myXRkJE9CVQpueQdQnNRioo', 204878), ('3MooKuPXoYYNyeB3bnNTDetXWfE9bA5Koy', 256227), ('3DqLuVvjYkddQuyD5QdDTY73bwwpqgqtnf', 174233), ('3LEmbmDosjbAXcVGgCgseuv1oeZys6vA7S', 1019), ('3LEmbmDosjbAXcVGgCgseuv1oeZys6vA7S', 103577), ('3MJEHRSGubebz9SmU2ncApucxJJDoqEMXS', 101904), ('3BUgj1mTdzDmuTKPFj8rCBcJHLcwHRXq7L', 135456), ('3MX6BL86PjkSUyWobvEky6iEQgYa1FmBcM', 175010), ('3HkguZ7KTbvqJiWwkrdf2WdyNFNgHTGoNm', 115574), ('3ABFYXfUt6a7NNK7eMQmGW9qUh3gsSEcRA', 114844), ('3QPAj7i6rDnTQ17k41Lb1c8XsS1cMCBsx7', 116404), ('39BsPkMro46pzi3YRp3nfaXtLhsZqj1dWS', 104109), ('3BKmJHY3ywBEkxLCY6Qggh53fVqEndhC4Y', 102157), ('31njpQ3b4h7nKScoN3AxkeoJouAX9L3fPv', 137731), ('3LBfHkewN6FhCM9JykqdamJf7rPmgEqxZb', 108517), ('38eoFX1XGSGZJGHEjBQudS5CRY7Mx8sUDQ', 144630), ('3BeuZuKtLc3GLDbYF7dFBSqLs2c1NJ8an6', 199870), ('3H3t4YXF4GWK5WCPaatJ13jd369bNS5qqP', 103698), ('3KB44JATc4MkENaZy1Lx7dsKrPtPFmNebq', 127288), ('3PL3nfSd7SvzdtE5bM3bfjFFZUyYQ4oMeY', 157331), ('37ocMjv3PbFkkD4iH5vQok6cjMgUTrFCYf', 185230), ('3QN7x5vNWdBsCMZeLTMJcL1sdEcbp4T7wD', 110434), ('3Cy9NrdzsaThwYoCELDjZcNwKSfLfrnQSA', 109339), ('34nbGvLd79ngyGAJYgrGL9Cs2StX7BwcQH', 102210), ('3JRx9nD6F96CLud9VoQxipmc2NavfpF98J', 1996000), ('3AXgYLHVndFNUHU67Zuf3ooUyMYXC6SL4n', 211359), ('39Pejo2FegcsfyUNkY6YmVEMjVec7oWYQJ', 182022), ('3GiCuTrnrCar62YZ8AMJP8aax71jxtrWZA', 531900), ('3FKfx9suxHh5p6uu2pCqo4xfTAZUzx2J7p', 113545), ('3ER6KCUJX7xow8KGzTvFg1b1QFArCMf42c', 110498), ('3NvxAiPrGLd4oLycUsa4mj7TBvvT5DeEMb', 304214), ('3MKgq6qLrKVPzR7WsABAbJWtLbnnvct3Sf', 124488), ('33sNdxWfTougr6UhoMzvb2YMQess5wA3in', 125590)]","[('3JSdUu1ivm3rqMvuCTAdAj6Dc2hdVhHiEe', 4294026), ('3Jx1ThGhh5P9vL5XkMw1NauH2YEDSZo4Wd', 3171785)]"
54,b9ffdf2ace6a03a1a668e727ce1c7cff388c5291c7964e4b54b0afa45cef0803,2021-10-23 03:55:39,"[('3LhzMf4T6vhLE8h6cvaHsrZEUhggXQ9GDe', 326429), ('3KX4rVRCmZbS7pzCLho1YNMALJGTxwahNi', 76301), ('3JRgbnrxFn3D8kdjJbAASLvV1DJXof9pSV', 101580), ('3HAv6mGTSoEUeAhSQTTGYQq8Com78bcQW7', 1294328), ('3EYXdTAsyCaxtNzv43c2FhmMzXerrZmDm7', 162049), ('3CW3Jhd5BjkMvZ1Gkj5sHsFJK9YaBb1RBb', 105272), ('3B8JbhYfSWMRbiquXL49Riru2eMvEdV64a', 48033), ('3EScBYwuHZqrRZc1Q5bu4VGGEUjGaZX7ms', 1143), ('3EScBYwuHZqrRZc1Q5bu4VGGEUjGaZX7ms', 109157), ('39vnCJ96RZUZ87dToLbkLpqZF6egDsNVi3', 116736), ('3Lf2MgGnmRBNCrAJkJyyQRNNci6i7WLZbo', 116232), ('3CgGChbny4U5vtMSAQNi3FyK72jYsGCg23', 671659), ('3BH5QBvR195B8b86aM12rztX8GnwCcTUY1', 178955), ('3BH5QBvR195B8b86aM12rztX8GnwCcTUY1', 182726), ('3BH5QBvR195B8b86aM12rztX8GnwCcTUY1', 187215), ('33C6ETtgH7F3wPa1LRmWoTKj6cXwKPsp1M', 29162), ('37XaR4jePqDb2kzxWjB4dr5wzh3kF9zoui', 143634), ('3NQWJZho4HvqRSuckagTX5aPK3TFDpDp14', 103142), ('3LPUE8Gu3RfD3n2m4wKjeJ47y1mCSftvaZ', 149454), ('3Mmwk8CDwKn6DBEvghwfHSEv8H8Rsxdxrv', 148509), ('39RY6nozETQ9ZbVJvJXFqzCCPtMoNbMMBT', 102226), ('36Nz2Td6FkazJReApot4CPcSqQHg7Ay2ES', 15250), ('33N6Y4f2Z1DR3syTUeGcsPWVKBWkBoergd', 85993), ('35NcakEKvQ3Z9w7qEAW4PE5ir1gj9AiAP8', 44300), ('39WtLQhkQVzMG7yycBB53m6GjaBb8xFoCk', 743852), ('3AXDLKuiBChF4trfWrfLjwLLLdY5dNuLLh', 506159), ('33ogTGVGhVKYPocm4bK82Xi54hwXpNa42v', 17437), ('3Ez1FqRzwzgpiqpHNViuoDGeguKRSLWKsC', 33658), ('33juiFDpYDA6pG75i9qar9hzt7ZHNm4FiD', 102673), ('3R13JAukma62CbCwmhfvQUC4FP6zNaNB1n', 174490), ('3R13JAukma62CbCwmhfvQUC4FP6zNaNB1n', 183199), ('3R13JAukma62CbCwmhfvQUC4FP6zNaNB1n', 184184), ('3DiD7zJ6F2GkaB9bJvPaFjkmrPDbo7dNaF', 130467), ('3Lk19WgXR3P4PSLt8YdUCARki2AToGwTuf', 27961), ('3Lk19WgXR3P4PSLt8YdUCARki2AToGwTuf', 28291), ('3JayXeXYAxuWFi9QepWJEFva8Lb24uTDff', 153304), ('36JU9gZCHu8ugEm5tzQBYsScW6zAWGAzDP', 116647), ('3FBgFCzbxAJfNABKVJe5UQNBKhXdVQeHcr', 134432), ('3G9tpp2DVqauVEieNPaJKhZQKeJBfTxCRr', 32409), ('3Ktqg2SMio6G5BwzBAQ7ZNryEDcDfZJtSi', 23844), ('39Pejo2FegcsfyUNkY6YmVEMjVec7oWYQJ', 180939), ('3K1jYJHhDaLvaWQVR8JruWR3dVQSzvumW2', 59164), ('3K1jYJHhDaLvaWQVR8JruWR3dVQSzvumW2', 59702), ('3K1jYJHhDaLvaWQVR8JruWR3dVQSzvumW2', 59781)]","[('3JSdUu1ivm3rqMvuCTAdAj6Dc2hdVhHiEe', 2539588), ('3Jx1ThGhh5P9vL5XkMw1NauH2YEDSZo4Wd', 4905856)]"
55,c6e52b802377bed83d48253a47e96e780ed9cc7b3b66e6acc77638a1bd4ccdca,2021-10-22 04:28:29,"[('3EisETLh7kYgxmnuVLSZxqn9dZoaemiiro', 12427), ('3EisETLh7kYgxmnuVLSZxqn9dZoaemiiro', 14212), ('352yhmmUjRT8jbWhsyRawZAv3WfS5hXFR4', 30033), ('33JdH4SAyXX1pHFcs682wxeEnmeWTzGGSA', 270000), ('36DKK2DW2Z5jXgFpezLs67SEx2R6g4yXaU', 134020), ('3FNJqBfm5ksvthT2Hb3WuCUxkNDtjH8F63', 148374), ('36sZqSJuJUjN134Efiv5eUcoxWPcsMpTgf', 377041), ('36sZqSJuJUjN134Efiv5eUcoxWPcsMpTgf', 378083), ('3BhJw1gAHoS28t68mHjmhKyugeJZESEVuX', 166865), ('3BhJw1gAHoS28t68mHjmhKyugeJZESEVuX', 175893), ('323FNGhCTWeGkGY7Cj4o5tCwUxGKC21PS3', 19808), ('3H3Ptz6E45kbWhtzPVZd44gPNKr6sUWa9f', 20673), ('3H3Ptz6E45kbWhtzPVZd44gPNKr6sUWa9f', 28613), ('35VTAgqvMSrHdTR4gY1X31DiC8h3socGmx', 253058), ('35VTAgqvMSrHdTR4gY1X31DiC8h3socGmx', 310458), ('3E5hLq9NwxiC2wWpVb7kJPuzrBF4YwRQ8D', 523570), ('3E5hLq9NwxiC2wWpVb7kJPuzrBF4YwRQ8D', 534155), ('3318BVyhhhuwJBRMidsYkKfsn7CgDS4GHP', 537969), ('385eRcL4uddx61VgWG3jn9TMBZPYeMCd99', 67300), ('385eRcL4uddx61VgWG3jn9TMBZPYeMCd99', 87000), ('385eRcL4uddx61VgWG3jn9TMBZPYeMCd99', 101200), ('3AjZH2DUvf2MyD3TwJ1G4t9FZWGQD1zfQb', 15813), ('3LqNkWGekvUwByMnN9qPswUN4oXVp2vFhs', 100797), ('3Dr2JGEQzrgQLHLKScyd7xSvedxgQXq1Eb', 414235), ('34Y4b4pUBgKdfmywrs7jDUaNoVgGxCdobR', 83372), ('34Y4b4pUBgKdfmywrs7jDUaNoVgGxCdobR', 88002), ('32qFHwHzARCqorTnxLCzxQYBTEWtqL4Kdc', 374700), ('3E34UYNwWH6tGqiudsUfVfqERax3cw7cBz', 124786), ('3JusXNrYuPWvmDLfb6WZbrmrhK6MPSt9jJ', 131064), ('3JusXNrYuPWvmDLfb6WZbrmrhK6MPSt9jJ', 135741), ('3CjmK8G5NHcWSMt2CX9LuL4YqYPjUGdBEQ', 326909), ('36SyLDWaeb3E372LEsaAgB7NQJCdHrmBpG', 175571), ('3KU7PsAN8JXUbWYjTNCEfQcJGpD19YZh9J', 149391), ('3ApfgFujXAkRdRzJaDnv4EtrwHu2q1bVew', 16031), ('3HzJ7Lsbbc3q8G8iUkrm2aYJVo8RKqqcWT', 101260), ('3MSVpJpzTBgyDFsKpeiVo1LgSDJ4EXdUbc', 105470), ('3Hms8CgHzcPsZ7LepfAV9UhY1cmgFRzJ9p', 22142), ('3Hms8CgHzcPsZ7LepfAV9UhY1cmgFRzJ9p', 23970), ('3A6C5hY4M6Wt51Y6dCFXqrpVb3182nSEkk', 140085), ('3MrPz5TDGDx5rPXAndmmv4BEGRmLXJQhYz', 6008), ('3MrPz5TDGDx5rPXAndmmv4BEGRmLXJQhYz', 6120), ('3MrPz5TDGDx5rPXAndmmv4BEGRmLXJQhYz', 6238), ('37uEzNoZhF6so5VY7tgPZdSv9X9jGohncB', 4276), ('37uEzNoZhF6so5VY7tgPZdSv9X9jGohncB', 11131), ('3GHUyEUE69FsSXrCuWucYbtENXv99Hma1o', 158653), ('39gQEJYuAS3tUYcQsdEQGBqHDXrbb7TvZb', 115400), ('3Do195rTu1EPxAHkF66mV1ESNCaBEYaBoh', 104992), ('3HiXfVuMrbVu8cTM2hna84ozrMqYmU9dHF', 17965), ('39Pejo2FegcsfyUNkY6YmVEMjVec7oWYQJ', 185555), ('34aGYFXVwghup9SPKBA8WVkeEX9YCEjaDk', 115070), ('3CRxwDrFHmNZgXEzUo8aQJ1bDyfYht94VH', 100000), ('3Jx1ThGhh5P9vL5XkMw1NauH2YEDSZo4Wd', 305028), ('3Jx1ThGhh5P9vL5XkMw1NauH2YEDSZo4Wd', 312453), ('3Jx1ThGhh5P9vL5XkMw1NauH2YEDSZo4Wd', 314994), ('3Jx1ThGhh5P9vL5XkMw1NauH2YEDSZo4Wd', 315103), ('3Jx1ThGhh5P9vL5XkMw1NauH2YEDSZo4Wd', 315151)]","[('3JSdUu1ivm3rqMvuCTAdAj6Dc2hdVhHiEe', 3813171), ('3Jx1ThGhh5P9vL5XkMw1NauH2YEDSZo4Wd', 3729872), ('3Jx1ThGhh5P9vL5XkMw1NauH2YEDSZo4Wd', 1562729)]"
56,ed9c9bb8e1abd641ed26e76ff8fb426394593e9cbbacc7007ee2a994e77817c5,2021-10-21 08:28:57,"[('3MTkVvfV9duhyZ243CMu5LH6J89PZvvkgj', 21488), ('3EGK4FVoJmq8A5khSY5kB5Xy5HA2ritLvs', 80390), ('35GCveSbMGfmx5frDeUKs9MwFr6QjfZ6du', 104946), ('32aYseRZZADDgcygnpnqEuyJuJZAzQ4coa', 6165811), ('39Pejo2FegcsfyUNkY6YmVEMjVec7oWYQJ', 188449), ('3BYH8FEUHq9N87VincT6GBTzf3Q4nYvJjQ', 569516), ('3PHECtKQNWKTE2qMEL2f2HnBkfbFpD4xYc', 1645), ('3PHECtKQNWKTE2qMEL2f2HnBkfbFpD4xYc', 1734), ('3PHECtKQNWKTE2qMEL2f2HnBkfbFpD4xYc', 1821), ('3PHECtKQNWKTE2qMEL2f2HnBkfbFpD4xYc', 2426), ('3PHECtKQNWKTE2qMEL2f2HnBkfbFpD4xYc', 2431), ('3PHECtKQNWKTE2qMEL2f2HnBkfbFpD4xYc', 2614), ('3PHECtKQNWKTE2qMEL2f2HnBkfbFpD4xYc', 3126), ('375Y8ySA1YaZZg2vfDRoxRbZ8uPw7M4YM4', 21192), ('3EY3Gqy2fMDzMRtFeUMyWcacuyR2Mk7WZE', 138963), ('3QWvPaEKc6tnKc6xwQHjAjGaaSVQQSbRNC', 112065), ('3GiGoRS6YshspTL5FcHgMy91be8D8KUFFo', 17443), ('3LBy5AnDSp586cdXxRAvDnFrtb3R4HQ8MF', 34196), ('38zvGqDMKdAxA1eRH967Zv9fh5sNUjGYaJ', 12516), ('38zvGqDMKdAxA1eRH967Zv9fh5sNUjGYaJ', 13410), ('3DfYA3UTTYjZvajQ6owCAeJWrFHduk6NFd', 44053), ('3HLZVkEMMQdvcCepxuteHC9NxNWcKviXTr', 2412), ('3HLZVkEMMQdvcCepxuteHC9NxNWcKviXTr', 12754), ('3JSdUu1ivm3rqMvuCTAdAj6Dc2hdVhHiEe', 300000), ('3JSdUu1ivm3rqMvuCTAdAj6Dc2hdVhHiEe', 300000), ('3JSdUu1ivm3rqMvuCTAdAj6Dc2hdVhHiEe', 300000), ('3JSdUu1ivm3rqMvuCTAdAj6Dc2hdVhHiEe', 300000), ('3JSdUu1ivm3rqMvuCTAdAj6Dc2hdVhHiEe', 300000)]","[('3JSdUu1ivm3rqMvuCTAdAj6Dc2hdVhHiEe', 6712910), ('3Jx1ThGhh5P9vL5XkMw1NauH2YEDSZo4Wd', 838207), ('3JSdUu1ivm3rqMvuCTAdAj6Dc2hdVhHiEe', 1500000)]"
57,b4da3cb0793a0a4b4d2537dcf674450fab79c254c5700d3f34445e273d1b8669,2021-10-20 03:47:48,"[('3Mi11GZ6h3SPb64TjfNcryafV4NnNSQvM2', 126288), ('39Pejo2FegcsfyUNkY6YmVEMjVec7oWYQJ', 185017), ('33Jz24kfsRyoXpBRozE2gdutBBuqxaZpzL', 1154573), ('3M9fci7UurSi4BqoXUnLwXuGykkpF41Ymj', 305766), ('38arRD9aka1ddQozfDcauCxamAYZBdo3Gc', 127864), ('3NadLftQgchixjNsgbvYqSkxwDzVzEXpVi', 171643), ('3QpxHUUmxSseNJjk2jxLxaw15oucrrNKTQ', 151705), ('3NTSa2vfTDhsQ3NAQUH96dFRX1AeVRPE6A', 139206), ('3DuGrc7y94dvKKKub88icZaGS577iP8Zz6', 116092), ('31pv8YMCrd4yMck5to6T4XMKGmUW8Y5Aph', 117666), ('3PGMi8xEsVRoA6bHsVXGu6uNC32bxC8DyJ', 103959), ('3QWvPaEKc6tnKc6xwQHjAjGaaSVQQSbRNC', 106963), ('38CAo8QA3neXL4FG7PY4VVGhRv8tKrfeDe', 186749), ('3F8FKGGUrrbq8SzJrnY8mKqsWzefA2ZSyE', 200741), ('38zWgo39mDgwQ1LaZmroX5Ax5zWmaubzhE', 163724), ('3BvAPUHnKckn2dJ7SqAeVDYaiTeSqUHGoY', 100647), ('3Nczm31iQzZgLd2s6AZg2EN3JWJpYzrpZR', 426623), ('3GycBFPU1ok59B1CcLy5QaATMN3RiR5b5k', 121159), ('3KgMsHntzpYmdC8LF6YXrvJqGwuz5rxDuW', 106652), ('3JM3RcCwMHAomxuVChph8s2aVyN6oRp4GA', 148890), ('3M6kjHSn4TcDN19jzHTKKugv61dCNv2EgN', 163591), ('3F1U5nQbVu7t3XXvRuvc7NLcJrp2Nxabxk', 391838), ('3EpXf18SLjhvPX9Xpx8NrGfWB3ee7jwdFv', 130701), ('34XCAdFzN4AE7azRBMGjqQL6VjHm7jhx1f', 141650), ('3CyK2r4xpH2hA75eCWH7LyX8bi7B8Bzgsh', 122510), ('3BAo32EzN7QttDivkLFrBJBi8h3vPp5cb7', 201997), ('3JuYUqkHZDbtrvAv2gpxcufSmerLAJK3tY', 154231), ('3EN8wjQfCziqWDUPhDaMKhdVWrHhYGe36u', 104676), ('36KChP98CehEGTJpFmvAzkMgWM31CSfGn3', 124055), ('3CZcT4LuV5cdUxPkVU1wD8GZk25s9RHj3F', 183713), ('3MHwaCQcbrXnz6ReRMa5KSZvv4BraN4rqe', 118043), ('38vDhw2goSSpBDzs8owP7Ti6fCqWf3Vtg9', 239673), ('3QZJp2rB6qECsR3cvPrNQm4tin714n1V7j', 152221), ('3N7GLjHgWJtABWisUHxCWbGpHSaMFZQBQV', 103960), ('3Cs9ACUmEVzritdwKg1HLuhw9ZLdN8hsyX', 106566), ('3FgUQdYPP2EGHA4Q5zQHnuSjx7WxyiXpTn', 102664), ('3Cy9NrdzsaThwYoCELDjZcNwKSfLfrnQSA', 106572), ('3Lec3qjYEr8dnQLBsVGzohkwbRxC2ybwxN', 153109), ('3Ct6zRnZiFXgnkkkeLULKKEHpaLhAq5giv', 135010), ('3GEebWNtsz75XcNy1u4bgTtMkTZeW1YXVw', 236894), ('3Arv8LpBGM1myXRkJE9CVQpueQdQnNRioo', 110189), ('3Jx1ThGhh5P9vL5XkMw1NauH2YEDSZo4Wd', 364478), ('3Jx1ThGhh5P9vL5XkMw1NauH2YEDSZo4Wd', 368864), ('3Jx1ThGhh5P9vL5XkMw1NauH2YEDSZo4Wd', 429547), ('3Jx1ThGhh5P9vL5XkMw1NauH2YEDSZo4Wd', 513191), ('3Jx1ThGhh5P9vL5XkMw1NauH2YEDSZo4Wd', 808400)]","[('3Jx1ThGhh5P9vL5XkMw1NauH2YEDSZo4Wd', 7538858), ('3Jx1ThGhh5P9vL5XkMw1NauH2YEDSZo4Wd', 2484480)]"
58,0822167594e334337422c4588d61d82c19bd39a74a352cfe52a056d450765800,2021-10-19 11:37:47,"[('3J5kPpteVY75M8KdLABZqNPEdjtqsR5pZT', 71400), ('3NdrSMAbsgbXHCHaXKvD8i6rzj4cLLCPHD', 113108), ('3KB44JATc4MkENaZy1Lx7dsKrPtPFmNebq', 124274), ('3Ljs5X2LqRMdD2zpBRSJp6pqst2icyXzvs', 14100), ('3Ljs5X2LqRMdD2zpBRSJp6pqst2icyXzvs', 17500), ('3CpNuE6AcKXDU9GnEeKxkygU8H4gLNyjk3', 112317), ('32a2rsqoNv1uTThNg42BuX2iZrXSFw9eaZ', 92445), ('34sUV8TicokyX9BmhN7cohbtsGBwoKDKB8', 116764), ('3BAH3x692pdoSrsYXo37WihcehXmJyZ3b5', 164149), ('39NccZ5fvvkcgoVGfemJK5tYEYTEuznsNv', 138683), ('39Pejo2FegcsfyUNkY6YmVEMjVec7oWYQJ', 188185), ('3BCVp6Bb8JFqWD5Y9MjqvfJJaPW3ZYc9rd', 38519), ('37vQcyaqgFP2x44MUKpTD8LbqXAmcU6E5B', 105702), ('34FjPpMXKBmB2KTFGCfzR86f94LqEAW2vf', 100597), ('3KYiHAB3prbvRdCL31NS9azMtiaV3pD3Sb', 32943), ('37fe1PvPy6ZycZMANXCPYM6wuTJCdo9UEG', 140589), ('38dL61AaDSnGxGVRs1A6ZB4UxbQLoXaxii', 113942), ('3PX9HyoqhnctV2svhLcw8zoY9WH9ykqoJQ', 155917), ('3Qxab2FyT1o3Ug1oHbpXdSUfU6BAzpa4UG', 155195), ('3L4wrfwHyPDkZp7GgF5stmJfaYM8SEC45n', 166300), ('3GTKhhrRTVSnRY2xV1zi4oFR7g9zEGqfZf', 313429), ('3FaqpmqCQb4tjHdt6aVNd6C4nKtySfc1SG', 100048), ('3PhYcnvLEbHug6W1sECKwQZVqSFUBn4FW1', 5255), ('3PhYcnvLEbHug6W1sECKwQZVqSFUBn4FW1', 5778), ('3PhYcnvLEbHug6W1sECKwQZVqSFUBn4FW1', 5792), ('33LDhGMchPyor7vLC7a18mEpwbeJ6b6hnx', 146761), ('3FymQcP8w6PBd2L8ETmzmSJCdMtLGhPNxa', 203182), ('3H4osyAE6TEngWFBhkfNws4TEYkdGq5LCQ', 583279), ('3QmhPBB84UhWWhgq82Cov41LMqzYvfSHzz', 123023), ('3J3LoKVBTJfdC5SpcGv6NcLiEPCXsBM5oj', 19803), ('3MXy2vB8QTo2nPsFLcZQjprxzHgAhsxib4', 121919), ('39yXUcaFAHAeXAPwF9M5hFpg39qcXkP5XC', 14500), ('39yXUcaFAHAeXAPwF9M5hFpg39qcXkP5XC', 14500), ('39yXUcaFAHAeXAPwF9M5hFpg39qcXkP5XC', 24100), ('39yXUcaFAHAeXAPwF9M5hFpg39qcXkP5XC', 27300), ('39yXUcaFAHAeXAPwF9M5hFpg39qcXkP5XC', 48000), ('39yXUcaFAHAeXAPwF9M5hFpg39qcXkP5XC', 52500), ('39yXUcaFAHAeXAPwF9M5hFpg39qcXkP5XC', 88513), ('33V4BJ6PuwtZbWniEtmWAqdpBfUCsapz3i', 68476), ('3FSCuiEP5eQw8PEPba4wn5TwqsuHBpUVHq', 110033), ('3E7iN6BEoAQcCyZk3iMjemF5WidbWA1cFk', 188104), ('3P8HFWde52ScGk7e4mnEJPYLfvVLzLB5ZX', 78242), ('3P42D9ukEMdDRprrrhFPyLqggjxhAfmwH6', 89107), ('38jjHscvBfav7NxQRGpiF4wrpzwu2DExVY', 195731), ('3PbdBmjzrk2nnxrdz7YrB4xWdF22psMySZ', 135630), ('3PbdBmjzrk2nnxrdz7YrB4xWdF22psMySZ', 137092), ('3Lg7765Fd5DL8Uf6vNayYZPaSbjLRejdHf', 12872), ('3Lg7765Fd5DL8Uf6vNayYZPaSbjLRejdHf', 27659), ('3AjyFapy63QsVhhV5JNcMVCchwt758voMG', 60495), ('39QjTNZhAJ8q4o9tDvm3jzSJDDqYhVYVg9', 134019), ('3Ng2Dn3zUdgXbaM7ipc7B3EvtdEXy1SYKF', 39058), ('3PuTEzfVfLrcv7DkCbyUAkshZifZi3atFo', 17930), ('3QdUXDVuGT6fRHdtangpHhgd8J3HskbwmS', 101466), ('3QdUXDVuGT6fRHdtangpHhgd8J3HskbwmS', 102645), ('3GKLun3zx5F6QLsQxUrP7HtdpXCXwguw1S', 16046), ('3M3wMjC9uLGFZoxm4pNo9SAVGz28CptqBb', 251442), ('3FBgFCzbxAJfNABKVJe5UQNBKhXdVQeHcr', 118702)]","[('3Jx1ThGhh5P9vL5XkMw1NauH2YEDSZo4Wd', 5936523)]"
59,d7a812aa7fbb8d82d3efc2390dee6c8d15f1d657375d1b03734e236e386531e7,2021-10-18 06:30:21,"[('3J4J7uYK84kic2zowZxxzTfzysBxczD3mY', 113194), ('3QN7x5vNWdBsCMZeLTMJcL1sdEcbp4T7wD', 107683), ('35bVUnXccN9ug2hteXLFE8dM4ei1sSEPth', 102418), ('39mQ9CN1AscMvkb8hnxUXJ8NNWBRJD5sUB', 153402), ('39Pejo2FegcsfyUNkY6YmVEMjVec7oWYQJ', 186958), ('3JjqGSJjGbFKYvwht1PwYGX5LBxE6WaZ83', 177292), ('33pQNHukcXTHXzJh2BTJvpjtpmSDETQoF3', 137420), ('39rJCTRd7f2L4vPAF4C99s8GgcNgw7K1t1', 145326), ('39s4N7uUoF9Te26BmLJD7YJaRrSTWGkzR6', 263352), ('3EZ5jzdYivkVh8rc9DmZmLm4Lk3XSnPPc6', 114369), ('31jY18k3dqcuUmTXq5LLJKWaMgx7UdGEJm', 119221), ('33kgnH3V778ejctUXj6w9Sp1T5TikV8nWr', 127515), ('3MwDKB9fZnrvKDrMvqm4aAfP771wBUGmLP', 512694), ('3HPAJkTokmZvAeryw9vGrKnSSBQL9Lamqx', 605591), ('3CZtbd7smCYrMsKHJgUerVrQUShZzD57tH', 186282), ('37SGRD89myDSScboLvE5AkMyKMYvHx6eev', 116478), ('3NWrhug2F7ENH5Gxuar6rp5iBzzjvFxMQ9', 294371), ('3FVBKANqXFVBGaQYjxEaDPtx4oy1dcwikF', 105221), ('35k1vn3CM2jEYkQyoCFdUpVqnX9safFub8', 103437), ('32DdgXyHTErjo9MGRAheZdKkC1Q3LgwvUk', 113497), ('3DxdByvMVLqp8MS36rt5KAfQfvR5L4rVvZ', 109515), ('3BoGWW4ZWJB1bVmGjXnpiG3mqdTF2azyaf', 119342), ('34dcE3Y2FunHNPQWD2CfZJTWs4e8n38swd', 1493133), ('3BAo32EzN7QttDivkLFrBJBi8h3vPp5cb7', 178982), ('37vhSo6YeDTdiJVyu7uqqU5xGjentrq9LM', 566775), ('3KoV8rep52KkDBx3MrSC7U5r57W1eRq2CL', 108752), ('39UiguuHyQkQ5yoGqAtitonQ69HDn3sxYP', 167617), ('35VcWm4rMrAPau6eQBKnRF6dMAMN3akaes', 131110), ('3NqyAocnrQgyKS9WnS7RE8q6Z4ze6bqAxS', 107017), ('3MKgq6qLrKVPzR7WsABAbJWtLbnnvct3Sf', 137679), ('3M33JNZcYi92vd5wFyHyRjmYkc1wbMvw4x', 106281), ('37imDtnQzDbJvodPQsTr4NRgLdcipCa64z', 111880), ('3D8m5CqYwH2wTELe39wPdcw65yBRWv3YbE', 139400), ('3DqBC6JFgqu1jijLERp8ey6rpgJomCW86t', 110250), ('32kjrpgmv8nxNbSD1Tp6SazraE5869FEEx', 187810), ('3Jx1ThGhh5P9vL5XkMw1NauH2YEDSZo4Wd', 308955), ('3Jx1ThGhh5P9vL5XkMw1NauH2YEDSZo4Wd', 313732), ('3Jx1ThGhh5P9vL5XkMw1NauH2YEDSZo4Wd', 931627)]","[('3Jx1ThGhh5P9vL5XkMw1NauH2YEDSZo4Wd', 7555524), ('3Jx1ThGhh5P9vL5XkMw1NauH2YEDSZo4Wd', 1554314)]"
60,4ec4cb2ffe9648fdaaa9ea734da9aa32fc4a8bed1dc415fcb594996cf1f5e72c,2021-10-17 05:09:00,"[('3FL2J3g3PYPrLfGHywiLgBGDD1uCHJYZGP', 128212), ('32YHy2YVEdPeQmYn3YcHzye5Ayjv5af3c2', 137088), ('3Hpp2ebSWkJiNfyyLE5vre9ZmRFEjBqmm1', 107061), ('3ENc6jZW3tvAuDxqwrVjpeebxxpWsfTQV2', 994018), ('37i6WeELDQTtGBk2gZQnaZJ5aDrmTWBevm', 109317), ('3DuGrc7y94dvKKKub88icZaGS577iP8Zz6', 118456), ('3EMrt2KKgrbrTK2ZYZSVDeBznj5BUtPJEC', 101099), ('3J7wwzcwzZXV6J6somiPaNDA48tUrGBPVC', 116842), ('3PTo79betkSKeuwtFCzs8Eqs5DUKyjF4Wt', 101174), ('3FrhRKWkKDbxY6Dr9wcgFfzqJAeb9GTC5y', 117459), ('3NWRNN2hs2kktDDc9oaNznDEuE3SmV2TgN', 201734), ('3HA3gq92sMyx6SKUUE8kwbSL67vno2Fi3Q', 157822), ('3GcNr9wvepPC32qwfGsx6g1GnfWedEq9XX', 204798), ('32gxag8xD4EjNSn5T8JA6kkyeGaccr7VXU', 131135), ('38ZUrPDN6uzDzLXQD7KaKPtYMKZeJd3ohu', 315351), ('35nDUdRbCPFg6Dj6313Jca9U1xo5bM4Lnw', 156996), ('3BiiXgRnFywdjYb4YFrT6WLpzArhMrFzGu', 116604), ('34ds2NY4SsnvZxkAtj9mZdfgkJq6jr3WNV', 189409), ('32r7oxtufwRBwr6b2w1gHCm4Sisf2pToq7', 108086), ('3Hqe5JmWAW9LJbqC2CdZTV5mjyZ1qtdLzV', 177885), ('3JM3RcCwMHAomxuVChph8s2aVyN6oRp4GA', 103379), ('3Do195rTu1EPxAHkF66mV1ESNCaBEYaBoh', 115022), ('3F1W54wptvG5Fx8muAqoKpRk2uFYDndExM', 114129), ('3NXfamxp5xJvwMFyqGrgcZRTCBdNJSp4vg', 124441), ('3FxRcJYnAZHtz3XPkvEZ2pyBRFjnL92aLc', 117422), ('3J3cj6MGPzQ24YDD9932eN3Afzt8j9SrtS', 104792), ('3KfUsN9AkGLguCEARDyQnbmBAxxSQwNBpN', 127679), ('39mQ9CN1AscMvkb8hnxUXJ8NNWBRJD5sUB', 140235), ('3PG9GTnZqwoktzguLVdvF1SQhYRaqgAQff', 143422), ('3NhFQC8FHZ9S4kPDfBaT9tL2np6C8GT5wB', 110036), ('3HiLj5jWATTZ6v5BiCw7wFTZRMtmATEGSS', 100317), ('3E8MuAZxSr1qbrUw96F1cQzRN6b2Zx2wpj', 177674), ('3P47Yy6iMWjqsBG6jF1b2HHvZaVdoSVif7', 101275), ('38wYrj7BQgEPPza7iBZGni33c7YjRpvTXV', 122242), ('3Cy9NrdzsaThwYoCELDjZcNwKSfLfrnQSA', 115447), ('3KUxGNXzRswEq3pdi7MiTjxq4zk9ixR6gc', 118587), ('3C4P1XKTDYarvLiikLPfiDxDUKsEa5s2U8', 110291), ('36UTvE9BECPqHnwe52jxVtec4iMQCNLHwt', 115892), ('39Pejo2FegcsfyUNkY6YmVEMjVec7oWYQJ', 189992), ('3NJDUcQNNz6E4D7Zs4jiCQ37BsHefiCPDx', 120269), ('3FymQcP8w6PBd2L8ETmzmSJCdMtLGhPNxa', 199624), ('3PXkXi82v3Tezr1ur2MxkoELMGhvhtbANy', 106314), ('37Kjx1w7g9yf6rR8uqEg9S3vn79QRS5Vqh', 179263), ('3KdBYpMmyxEqDFkzEhbLRJQ8UYnTZBhotp', 143815), ('3Ef6rDXfxHiXDrTxchxvd6WHvJ7kYsKjH9', 221638), ('3Jx1ThGhh5P9vL5XkMw1NauH2YEDSZo4Wd', 312986), ('3Jx1ThGhh5P9vL5XkMw1NauH2YEDSZo4Wd', 926512)]","[('3Jx1ThGhh5P9vL5XkMw1NauH2YEDSZo4Wd', 7106662), ('3Jx1ThGhh5P9vL5XkMw1NauH2YEDSZo4Wd', 1239498)]"
61,34d6e26c8a6e9bdc531edca607543f9029ee00ee5711e51fb1b6fd22b2ebdcfe,2021-10-16 11:51:18,"[('3DfC2eSr1YFVJ6poCz6ba9G2oHWxcUFsL9', 314549), ('3MuDbH1hgHNeY3A8e8Yn5of8BWPgcHSxxA', 115882), ('31uvYB89Zb9qZ2gz6GjYgRM8Hhc7gtN1xV', 177852), ('3HFuWwXuKygsDZQzMiqdRv6rkagorukYbh', 58134), ('3J1EQUDxQWMnSd6MJhB5eZyzHerjRyFn9u', 21900), ('39Pejo2FegcsfyUNkY6YmVEMjVec7oWYQJ', 175543), ('3N1bV4yXEBa9scpXpvcacYfaCKzUUPkc8u', 48249), ('38udte94M68XjT9jnqUFBCF6ghzqeBbccx', 48701), ('3F6qvtHBhw7sejfRA6R2SVQ4aHMfzMMPwx', 987395), ('31njpQ3b4h7nKScoN3AxkeoJouAX9L3fPv', 118540), ('3DQXf1LevCrSeKh97y7TTgF6ic4hCNZDDF', 24582), ('3HhMLwThazmLf5hvUtgKWebAvmyC4NvVSn', 337732), ('39Dyr3c4PY7bmd656N8Ra1yeaMCrfcJmb7', 73528), ('38SGYx35KADDaC7jJREx3vBnTwqtJ2mR3n', 80652), ('3Q8Wge5vxHZ4D7y8qskPYLmV8WyqC7akZD', 9567), ('3Q8Wge5vxHZ4D7y8qskPYLmV8WyqC7akZD', 104689), ('3EN8wjQfCziqWDUPhDaMKhdVWrHhYGe36u', 102946), ('3M3wMjC9uLGFZoxm4pNo9SAVGz28CptqBb', 88699), ('3FYpSptJzo4wNpFmmY2rFmxr39hcYxfRDt', 55986), ('3A5CAwQX87SBDNQW65MavyWgwnY5fUhiAJ', 118195), ('324Qmg8FRcs439sw4QwcdSRqYyN7CvWe6f', 242972), ('3Mmsg331YLaGxdvMcJbD5g4BX1D1PhAEzE', 7457), ('3Mmsg331YLaGxdvMcJbD5g4BX1D1PhAEzE', 9056), ('3KJKdMUkG5A596vvNDbLjA1wpYJs54sMsC', 38128), ('3GbkmGs8Vdpd1o8cSamCEqUPizxF48eiwd', 33233), ('3NqSgxTzcdA9fKqxcbkneZwomq2sYaQCxM', 14289), ('3NqSgxTzcdA9fKqxcbkneZwomq2sYaQCxM', 14861), ('3N968nARntBPhnDRSUcC4xpbeDrwTfGdVB', 47769), ('3N968nARntBPhnDRSUcC4xpbeDrwTfGdVB', 50837), ('35mkyS6EQjBKTZDwr5vxhZirS7EuyVzDwa', 387310), ('39LjXCFFpY3UQCXAhXR8BFtZ9WaZSKnsFM', 35008), ('39LjXCFFpY3UQCXAhXR8BFtZ9WaZSKnsFM', 52958), ('3Ad4w9uUBierAGFyPYpu9RH5Y3y57vEkEE', 82282), ('31xp3w6ZmWBVfiEE4GaugjEGe2xc5vBJXj', 7188), ('31xp3w6ZmWBVfiEE4GaugjEGe2xc5vBJXj', 7571), ('31xp3w6ZmWBVfiEE4GaugjEGe2xc5vBJXj', 7598), ('3KkPAThRGpTzXMJKqzgtwUvPnVL8Sbb62E', 8084), ('3KkPAThRGpTzXMJKqzgtwUvPnVL8Sbb62E', 9398), ('3LJzvv2p83VBdxAiaqS36g8nLoMJwE7aET', 14524), ('3LJzvv2p83VBdxAiaqS36g8nLoMJwE7aET', 16169), ('3AFY7KpQvDTZ26qmi52BK4jyjCBg1v5ECp', 109700), ('3KGuktGMoGpXmwCBS2WFnP2TwndrzPrhkX', 16793), ('3PB7R2Lxjd7XHWxRnXgon445aCLg2Fuw1S', 84335), ('3NFUp3GyLHm2Kjyfj3Yn1Y1moaqDT63dZr', 22965), ('3ChwaeUBriSsLLuqiUnu8XEtbYq3ALLucV', 96112), ('31iHZvcdSiHbGpzkaQgTJ2pNjUU9xB9VRj', 138527), ('3Gfcf3dVeKK1XwZRxPFde8paBfrKsNBwew', 131546), ('3Gfcf3dVeKK1XwZRxPFde8paBfrKsNBwew', 142122), ('33obdwCssUmBWCozyzfn1R1UYdqE7BQwhG', 50231), ('3CzaW4fm35g7gW2WNH9NwsQZVjsPZzqfF9', 19167), ('3LfttDxLzJZXmG9ASJnogKp6pUbbGmYNjw', 31855), ('3QDUd3bu3SPrjgd3f4f8M6CTEeay96ueSq', 114062), ('36fMhkAxwRBeTtX8Y6piLJctii5HLpWmLY', 24880), ('36fMhkAxwRBeTtX8Y6piLJctii5HLpWmLY', 24980), ('36fMhkAxwRBeTtX8Y6piLJctii5HLpWmLY', 24980), ('36fMhkAxwRBeTtX8Y6piLJctii5HLpWmLY', 24980), ('36fMhkAxwRBeTtX8Y6piLJctii5HLpWmLY', 24980), ('36fMhkAxwRBeTtX8Y6piLJctii5HLpWmLY', 24980), ('36fMhkAxwRBeTtX8Y6piLJctii5HLpWmLY', 24980), ('36fMhkAxwRBeTtX8Y6piLJctii5HLpWmLY', 24680), ('36fMhkAxwRBeTtX8Y6piLJctii5HLpWmLY', 24780), ('36fMhkAxwRBeTtX8Y6piLJctii5HLpWmLY', 24780), ('36fMhkAxwRBeTtX8Y6piLJctii5HLpWmLY', 24880), ('36fMhkAxwRBeTtX8Y6piLJctii5HLpWmLY', 35980), ('36fMhkAxwRBeTtX8Y6piLJctii5HLpWmLY', 37380), ('36fMhkAxwRBeTtX8Y6piLJctii5HLpWmLY', 38480), ('36fMhkAxwRBeTtX8Y6piLJctii5HLpWmLY', 24780), ('36fMhkAxwRBeTtX8Y6piLJctii5HLpWmLY', 24780), ('398iK3CwRsLxiuokiK91JK1vRcpnUgGSao', 118653), ('3ABtWmkZtfM7GbY4aqUyGTzS3DVqfB1vfD', 32479), ('3Jx1ThGhh5P9vL5XkMw1NauH2YEDSZo4Wd', 305011), ('3Jx1ThGhh5P9vL5XkMw1NauH2YEDSZo4Wd', 305041), ('3Jx1ThGhh5P9vL5XkMw1NauH2YEDSZo4Wd', 305043), ('3Jx1ThGhh5P9vL5XkMw1NauH2YEDSZo4Wd', 305230), ('3Jx1ThGhh5P9vL5XkMw1NauH2YEDSZo4Wd', 305257)]","[('3Jx1ThGhh5P9vL5XkMw1NauH2YEDSZo4Wd', 5682587), ('3Jx1ThGhh5P9vL5XkMw1NauH2YEDSZo4Wd', 1525582)]"
62,ec9dcd1fb01bc513290f2a2046cad5b9d84e7c95ca9ddfffa70e203aa3d4fe9e,2021-10-15 13:34:39,"[('36U1eg982PT5zpiTL3tQoyxuJ8vANbv8FY', 102653), ('3Fq9W1g1PowT7ZvjMxKbNBd2jYpgFYtjDy', 140391), ('3AEjoEY7bHEHh6bLPt8bDPVkvT8fFyvw7w', 137006), ('3Q4ppHKXM3U1x1DUbSTJ1exTxibxkJsjhX', 90560), ('3QXFf9nKKvcazKRoRm9ui2dpuTECm7Jf79', 25460), ('3QXFf9nKKvcazKRoRm9ui2dpuTECm7Jf79', 168155), ('3DxdByvMVLqp8MS36rt5KAfQfvR5L4rVvZ', 168181), ('3LGshUPJ4yb6eqqAYzpznJ9z7jkJB8XvwA', 136515), ('3LGshUPJ4yb6eqqAYzpznJ9z7jkJB8XvwA', 140819), ('3EwgBNSZoSf4V4z2DR21L9BwPFEwoSXJUE', 239768), ('391nscRprKnFaoWHqgMoMmy96DrAnXgn2Q', 134985), ('3QxYrjAhPTY4mptLqRsNcJM7BUiEPZ8573', 104970), ('3NW9nL9JzzLBDRZB8o1PbMFVf3rtYEWoJi', 101337), ('3CGskenmfgYVkAjNWFr2yQoNiKBm4SfbJX', 239070), ('3GBiNjFtERf3qNPcsRje2o34bDqKW31r8N', 31377), ('36wyJsesHwZdHvWCXBbjHzZ2VUvGNGa4sa', 73612), ('36hg8oQn3bEVNht6YQeqX99AMWGBU1DFZS', 171762), ('36hg8oQn3bEVNht6YQeqX99AMWGBU1DFZS', 171762), ('3Jf6u86rMRTBdHwPepxNkZoBouNMGbkLZq', 31311), ('3JUrQ9CA3zsqHT6PAefAbMxHXNRqchqwL5', 20496), ('3DSUE7mfVxWtss3tJo7T17EA63skaKoVtU', 123864), ('3GKLun3zx5F6QLsQxUrP7HtdpXCXwguw1S', 15764), ('3HFnQ1dbfLvUrK8EYTLCQFHbb7iubPgTq9', 1141389), ('32Ge7ELgtsgpE3cAWHSocyZ4k8RWPs3Zjc', 150600), ('37oFKbuB98jbTWVnmUiHfzz95Rc4Eiarzy', 128494), ('38UGMiSchnj5JdKTT6fmJHKHKPbU3LzMmA', 130068), ('3EveBZcKit143YEVuM15H239ya6kibiF6Z', 16968), ('3MacKnmLjisJq55pGCfBUXJR6Z3NRVo5FR', 425825), ('386GxkG8kH8StcXKqZLN6A69zhu7Kqa9Qw', 107100), ('37bjEmYMHEEd7QjTt6yM47q3CFcEkw9vEQ', 106625), ('39Pejo2FegcsfyUNkY6YmVEMjVec7oWYQJ', 187999), ('3NUgDTo3PXwvdHTcYKTVmSsmrywiGh4a8g', 1321836), ('3GFhGftDxBfetgajMAfdZrV7rmJ7yqfk5G', 200000), ('3MJTimpSdbifpPZtLLicD9uDkj2UJ9vSL6', 99646), ('35RiZMCnNwHKyK9QitxHzkxYta1fVYj1bA', 100000), ('3FGiozVVm7d771cmzdLTZhoRoWRFpezPbb', 340000), ('3KFpjCX8mG6tPG1e9BMHd41zqajqgT8S7K', 12539), ('3KFpjCX8mG6tPG1e9BMHd41zqajqgT8S7K', 13535), ('3JUZeHYnJ8q9pqYAYyTDnR3A4bUZte1mJF', 117388), ('3DUUHcpF8m4ngK1Njz2dJWwNA9dSkG9CsQ', 150221), ('3HpnFkXYGQbWa2eL81tbyVRvwAe3okSQg4', 137858), ('3HavtYuZtbhPio4jbkYzzJvgyaSSzu49rs', 57329), ('35qixYi3C9tm4T1JeUbiwSd1AdtJW7KqM6', 23626), ('3GgP7iyFEYqra9DdMYu2G2iZybScMEe4uu', 22552), ('3Jx1ThGhh5P9vL5XkMw1NauH2YEDSZo4Wd', 300000), ('3Jx1ThGhh5P9vL5XkMw1NauH2YEDSZo4Wd', 305049), ('3Jx1ThGhh5P9vL5XkMw1NauH2YEDSZo4Wd', 305265), ('3Jx1ThGhh5P9vL5XkMw1NauH2YEDSZo4Wd', 315971), ('3Jx1ThGhh5P9vL5XkMw1NauH2YEDSZo4Wd', 316586)]","[('3Jx1ThGhh5P9vL5XkMw1NauH2YEDSZo4Wd', 7554037), ('3Jx1ThGhh5P9vL5XkMw1NauH2YEDSZo4Wd', 1542871)]"
63,65d4e0fca3fbfc62465e9f8e79164bfeabc2ce54e9ae584e5bec80c46bb885b7,2021-10-14 07:33:32,"[('3BgSjL2iAmEQaxm2xiGhJxse47zygwVdvz', 190528), ('39WTaZXzFmCNLfC7Fr5ZjaxUR1y32QpoWq', 108055), ('3L5wqTu6aRcoSqfFCnoZnLWCzCvki5AatY', 141045), ('3KHvMTWqQc5Yyiu5FrBKrheL25n4MPHvbh', 110863), ('339sMJhhEYubEGovj4Y4Rvy36EZYA3XkcP', 105752), ('3HGmQfxH7KbPKrjydJGjdUYWAndccKssSh', 115085), ('3ERUPmhTZHQAcfxVdU3b2kZU48Mv5ToyTd', 152887), ('3LMjXGAua2pHZ4cwfKWqB8Bsywe9sRQ14V', 103191), ('3Kaoq6hRzXWZQxgQHPb5ztZ8erDzMwVx9B', 161518), ('3JedRgX9HN5TGhsmptuP23J2PJuRAA6FMn', 546404), ('3A2fLJehDNGuYTK14F8k2hGK22sCNB5wHd', 191188), ('32kjrpgmv8nxNbSD1Tp6SazraE5869FEEx', 190055), ('3LVkhFYYYrceUnPfjSWyyu9pD6Hnp6xLTJ', 114457), ('324Qmg8FRcs439sw4QwcdSRqYyN7CvWe6f', 239111), ('3Cy9NrdzsaThwYoCELDjZcNwKSfLfrnQSA', 110314), ('3BpJogQTG7k77uRQRLEhSLsUJpUQcWkyaN', 107619), ('32As9ma2Cts63aEbbpEfi73HGP8UEHiaBT', 144598), ('3FEkT9Y4sc9oSH2yfarqxCyrgpyzsQ8u3A', 176163), ('3JttEnCSxxv8FwZoGbSScuPjacnbyi6n7G', 129040), ('37jcLXgBnkLMXhPWR4dHXt5Xatbooxtebh', 155590), ('38pRfm51RGbE5CmYTpi8SN7kw6oZYRNje3', 531173), ('37qjQ8Sc1TGc1sJ7ErAZKD9dTrvZKe1BAm', 521036), ('3FEVqoUWfABHdGHau6yriqEXsgceduY1nu', 143548), ('39Pejo2FegcsfyUNkY6YmVEMjVec7oWYQJ', 189607), ('3JT94NzjpM5B63hRGZZb8ux7qzW9Xsc35X', 1077), ('3JT94NzjpM5B63hRGZZb8ux7qzW9Xsc35X', 134392), ('3Cjch7me8nbsQ6sSSydLpRedFoT98JLLkw', 147836), ('3PUZY7EAxaktqUPc1mJMt9tMjgKMze7RG3', 151608), ('39KkZ9B7RvbyDnB8KwY2re9wrtHAtQZH8A', 146869), ('38QKtuiU88YTQfXpH4tj4bPNzqopaYp4Te', 148561), ('37XaR4jePqDb2kzxWjB4dr5wzh3kF9zoui', 187078), ('3QhkyVpZWetUa3JzTE5HZiz2sQXyjCNpqB', 254998), ('3KLo2hdh2UrepbfrrwqVfNe8v9WDycNSAM', 136451), ('39nHKqSoyYbhVybDLnvADKdic3Wm56QgJz', 120335), ('3LZ8L8mjSgXznFeviLNpenXXqCPngZu3p7', 551251), ('3Q1DjFL6XkjfumHvd7vrG6yhMvNdD9akf8', 130079), ('35SciEnRAKVAAtskjm2oYR5nCADWm8AQHg', 104848), ('3ARtWmaXWZr3XYNwtZjJpoBMEfVaVW4e7y', 109209), ('3NMLpQQv6FWF9Xnh2fqv2LfTcz9tFAy3Yv', 504095)]","[('3Jx1ThGhh5P9vL5XkMw1NauH2YEDSZo4Wd', 7501659)]"
64,d7a97e28c5057ea103635dd0b347b31b6447a309a20f6c884502c32229960785,2021-10-13 17:45:27,"[('3AC9f5DuDhNJWpG7isPPEswFW6tWCsrH7S', 136980), ('3Dt3fSnApgmQgYmq6vgNyvkN8HogneStNL', 144378), ('38WDpLiuqxEFeBpLhph5pDckVzvsC8bxms', 168012), ('3CjDp7b31n3NkAJ2pj9nnCxFYgj8UogDLQ', 26432), ('3A6bGnacLz94LXXn6Rd5K5HRvNbjeALjy9', 133817), ('3EyuTCsAsjBf9CwZ1vj97xBU3yanDWnAir', 89594), ('32Xsd91FUm1bLcRwrJV6DLdG7SDArKFnHZ', 10986), ('32Xsd91FUm1bLcRwrJV6DLdG7SDArKFnHZ', 11661), ('3LqB267BqQJTpBD4tRbsxc7QnwCb1FKv3N', 7657), ('3LqB267BqQJTpBD4tRbsxc7QnwCb1FKv3N', 7732), ('3Mbjr5BZpXHvtTvR9baVVw54Gz8SJUYEdB', 57172), ('38wCnzbvmhibh8cwrSh9wbs8Nss8Z6PthY', 137426), ('3CfvKQCv4r4pM8M11KNRXbobgtX4mFttXG', 18052), ('3CfvKQCv4r4pM8M11KNRXbobgtX4mFttXG', 18117), ('3DADU93E6DKAjJtkg1B1LGunAjG2m4JWTk', 124378), ('3M5mRBMpVFBUPh1CnfKaieJpkq9pThEDw5', 124643), ('3DT9u4qpe4sdngS6ZmDnTmYFn5iJrJdfZ3', 13071), ('3DT9u4qpe4sdngS6ZmDnTmYFn5iJrJdfZ3', 14396), ('3G7C9eaNLUtiUDwwstnHMW1CC4fRViU2Q3', 263451), ('3EP79uGKnohdfYQQUpCmYHFbA3f7CcvKT3', 308714), ('3Ns3x3uXVsTTDGLno9rzPdPdJD3j6voLx7', 200040), ('3ARrcsgMJ9fGDjoZdL9yP18zEnRcdbeJev', 263106), ('391nscRprKnFaoWHqgMoMmy96DrAnXgn2Q', 142252), ('3AQd1PdsDtYuRbinbVeR1YFCUPMPBzYCn5', 15941), ('3AQd1PdsDtYuRbinbVeR1YFCUPMPBzYCn5', 16538), ('3QNyQxu57xHieFbWnKiZw665AVqq8xRKer', 3950), ('3QNyQxu57xHieFbWnKiZw665AVqq8xRKer', 5622), ('3QNyQxu57xHieFbWnKiZw665AVqq8xRKer', 6348), ('34itymapFixMiA9tWjnCWxiuy9SkMbvnzZ', 72253), ('34itymapFixMiA9tWjnCWxiuy9SkMbvnzZ', 72735), ('3BKafXGXJ6z9uDxSn8r7VpgoaHU2Kh5fRt', 110891), ('3Axh3t8CF9q7EZgp7BoLqC13qtZRNkXtth', 1276), ('3Axh3t8CF9q7EZgp7BoLqC13qtZRNkXtth', 1794), ('3Axh3t8CF9q7EZgp7BoLqC13qtZRNkXtth', 5393), ('3Axh3t8CF9q7EZgp7BoLqC13qtZRNkXtth', 5477), ('3N86ckxAKfkRdJzH1e9UnHLJr3zqU98jPZ', 151670), ('32dpQKYSMYZTEdAHGBk4jEYP6P7i6uDXPv', 22979), ('3Jw7BcuV9iNpXK6LarAed9iiGEcutjFfsh', 25913), ('3Jw7BcuV9iNpXK6LarAed9iiGEcutjFfsh', 26996), ('35ucVvqRExumsaMHhFT8jQFZNb7FAhs15r', 44647), ('328n68qHE4u2zUqRuVvDzbQBNqWQfcyvDK', 4861), ('328n68qHE4u2zUqRuVvDzbQBNqWQfcyvDK', 7798), ('328n68qHE4u2zUqRuVvDzbQBNqWQfcyvDK', 7834), ('3KVHV3NExDhukzaaxb4Rf1MiUgNxWczGhC', 170800), ('3E3F5rcQCsQiNwqNbT7dS6sSp95bgxzwAr', 9227), ('3E3F5rcQCsQiNwqNbT7dS6sSp95bgxzwAr', 21246), ('3CH62zgozG8VXkiUZZcqmwDuaaAPXXrMHV', 9477), ('3CH62zgozG8VXkiUZZcqmwDuaaAPXXrMHV', 28168), ('3PHhFRAgARU3tdFdAwoFT9hjv89qbKAo1M', 13539), ('3PHhFRAgARU3tdFdAwoFT9hjv89qbKAo1M', 15953), ('3PogYqk1pYc1AwW4ddSoWDvMUsEbKChZmM', 41962), ('3PogYqk1pYc1AwW4ddSoWDvMUsEbKChZmM', 49462), ('38HW8DCB6iENQnXtgrDWV1Mzbfq2wm5NMi', 109564), ('3PQaQcRLrmmKLEZonbYRKaHDRkhxUyz2uU', 102413), ('3DKR5XiNwCVsJ6oFFLwe5DNfzhPnusnadY', 117387), ('3CkSjoWvrpwWkWkxg6Qi5W9gwZ73rnHE1K', 64505), ('3ChyVsYtnvFAd6aPynMicZF6amD5AL1Tt1', 359794), ('3ChyVsYtnvFAd6aPynMicZF6amD5AL1Tt1', 1081673), ('3Hskz3BTgccKfPb1KgxkCor9yEAdPVbBkJ', 12452), ('3Hskz3BTgccKfPb1KgxkCor9yEAdPVbBkJ', 13111), ('3PTkdqS2PhEr6wvkYFPSBTiAsL9Hc8GjC7', 50000), ('3PTkdqS2PhEr6wvkYFPSBTiAsL9Hc8GjC7', 60000), ('3PTkdqS2PhEr6wvkYFPSBTiAsL9Hc8GjC7', 150000), ('34jmeinWGLHUnWgyEBJGhNXjX6yHkjRCcJ', 84272), ('3QNz5qz2MH1kxbLVTwutZ3acmmoD9pGNFc', 22963), ('3Gpz4k5yg5r4ZjYzZ1oEj2r8bixVA2V3cT', 143249), ('39Pejo2FegcsfyUNkY6YmVEMjVec7oWYQJ', 184965)]","[('3Jx1ThGhh5P9vL5XkMw1NauH2YEDSZo4Wd', 5939138)]"
65,e49621685aced976742f3dc5947d4063dedd0e44129f4b666931caea33de0c53,2021-10-25 06:59:38,"[('3DfaPdD8txy6CLr46XnqwVB9PBPkAkLfLn', 187038), ('3HVnJ57mvupdtkA9xPFdhCUPLvndKFSsZW', 130697), ('3QwoNgDPTmxvaLzFUuKc9UUafFEvv2J1Rm', 114163), ('3HKpwTqyNEDu2iq6HViwMwn4cWSs8tsFZf', 107664), ('35uGyT7CQZxadR6kuiDhkZkjHkf4wanFC5', 111468), ('34WvcDgCjUABwbkTA9iCNrWqrQfq62s8ww', 149875), ('3J4J7uYK84kic2zowZxxzTfzysBxczD3mY', 102272), ('3PbdBmjzrk2nnxrdz7YrB4xWdF22psMySZ', 142476), ('34ds2NY4SsnvZxkAtj9mZdfgkJq6jr3WNV', 180392), ('3DS4bQNMrrWv9Lq1YamY5oDgGeV5vPxNbM', 111060), ('3PodFrWZp41GSwGAcuC5eXcH1Jncpm2wV2', 119358), ('35FfLm3BBqnZrCfnLVn66nUbXXShukAavx', 173052), ('3PEEm8fhzFdKFJBtyjmaEb66iYR4aGHE9s', 214049), ('3BAo32EzN7QttDivkLFrBJBi8h3vPp5cb7', 209288), ('32F4UESXzQLSCVTMbRh9x1xF7Gd7ykcHMg', 895631), ('39Pejo2FegcsfyUNkY6YmVEMjVec7oWYQJ', 183137), ('3AvMFKeFUMmHF46nfxEitRyPb87LJ1xeoZ', 115316), ('3GK55rzZKnmFJcnbeR5PDwqfkt3ziKUMAc', 112119), ('364SuMFubnmCXuuP23Ub4867PxVapnYYgi', 131506), ('3LXdGjJ4fyFx3Erhcpz4P6Nkv12qUygPTk', 110995), ('3NBypssr6s3hFA3FmqQXfE8m2h8wdWAgXd', 102945), ('33BR1JcgfhuQ3HxaZ3HEL843CRCYCmKSWG', 131301), ('3QbG8rReZj8HfSpY9uuUEv1SDiyf9Awyc4', 102292), ('3CCaNdcPbV8YGRd2NfZZMipmx4VztjpWnW', 219740), ('3QfT6iHkpNgRsrhGivVoBY1sQKjXSnjmiy', 168231), ('3LzFdNiaQqUFnEmtSsdWmNmXn5b8fm9aGU', 103057), ('32psV4vEZqUzjYZj31Adoa1ecRsLkJuaJE', 111274), ('3QY9S3QgogZYad1JAkqLy6eHkKnSFSiUKW', 134811), ('39xi7PuA43oV1AvLrGs8qgeQe9dL5fQexK', 118636), ('32tkoqdHoZL8vmFv7LqLXQZLDvQ1HhPqUW', 112529), ('31iHZvcdSiHbGpzkaQgTJ2pNjUU9xB9VRj', 111107), ('3PDHssa6nNcrztsq4RhDGSq2Y2KEpB38NA', 230599), ('3PBxV6iSXw6E7E4XwM2B2ieNtTW3jP8id2', 196773), ('3HQFte8no6b1zLh6y5bxCcUNvnZrr4NS9z', 100499), ('33HJjjrs3zjmr9FeBsRshVxTjdSi2qnS99', 126409), ('3A7dxpZmFeh8m1N5i7ZyP7S1UQV5cCC5Vk', 116413), ('3Jq6yg7ZoZyhb1Sc4wKJQVxGuBseyZnbap', 153886), ('3Dr5iBUeKaGLBr1pmcnDmuJoKBtAwMX94E', 143430), ('3E3cHmaBspJHiu71edLsr8mReHwt1CkKWe', 324423), ('36ohr48LVGxLihjpR5SdBpdh5Xhc8wzi9B', 162383), ('3Ch8UH46qTbwjcHagLsLAhif33c864Qh6m', 797005)]","[('3JSdUu1ivm3rqMvuCTAdAj6Dc2hdVhHiEe', 4746971), ('3Jx1ThGhh5P9vL5XkMw1NauH2YEDSZo4Wd', 2616141)]"
66,9feee0571593cc7e74640eda30fae511843d55614809cfb56825841c55c676a9,2021-10-24 07:32:32,"[('3P7rzf4TFnnfXbPN2s9M1vBeEN9LrdWC35', 125910), ('3PUZY7EAxaktqUPc1mJMt9tMjgKMze7RG3', 134680), ('35VTAgqvMSrHdTR4gY1X31DiC8h3socGmx', 319377), ('3Arv8LpBGM1myXRkJE9CVQpueQdQnNRioo', 204878), ('3MooKuPXoYYNyeB3bnNTDetXWfE9bA5Koy', 256227), ('3DqLuVvjYkddQuyD5QdDTY73bwwpqgqtnf', 174233), ('3LEmbmDosjbAXcVGgCgseuv1oeZys6vA7S', 1019), ('3LEmbmDosjbAXcVGgCgseuv1oeZys6vA7S', 103577), ('3MJEHRSGubebz9SmU2ncApucxJJDoqEMXS', 101904), ('3BUgj1mTdzDmuTKPFj8rCBcJHLcwHRXq7L', 135456), ('3MX6BL86PjkSUyWobvEky6iEQgYa1FmBcM', 175010), ('3HkguZ7KTbvqJiWwkrdf2WdyNFNgHTGoNm', 115574), ('3ABFYXfUt6a7NNK7eMQmGW9qUh3gsSEcRA', 114844), ('3QPAj7i6rDnTQ17k41Lb1c8XsS1cMCBsx7', 116404), ('39BsPkMro46pzi3YRp3nfaXtLhsZqj1dWS', 104109), ('3BKmJHY3ywBEkxLCY6Qggh53fVqEndhC4Y', 102157), ('31njpQ3b4h7nKScoN3AxkeoJouAX9L3fPv', 137731), ('3LBfHkewN6FhCM9JykqdamJf7rPmgEqxZb', 108517), ('38eoFX1XGSGZJGHEjBQudS5CRY7Mx8sUDQ', 144630), ('3BeuZuKtLc3GLDbYF7dFBSqLs2c1NJ8an6', 199870), ('3H3t4YXF4GWK5WCPaatJ13jd369bNS5qqP', 103698), ('3KB44JATc4MkENaZy1Lx7dsKrPtPFmNebq', 127288), ('3PL3nfSd7SvzdtE5bM3bfjFFZUyYQ4oMeY', 157331), ('37ocMjv3PbFkkD4iH5vQok6cjMgUTrFCYf', 185230), ('3QN7x5vNWdBsCMZeLTMJcL1sdEcbp4T7wD', 110434), ('3Cy9NrdzsaThwYoCELDjZcNwKSfLfrnQSA', 109339), ('34nbGvLd79ngyGAJYgrGL9Cs2StX7BwcQH', 102210), ('3JRx9nD6F96CLud9VoQxipmc2NavfpF98J', 1996000), ('3AXgYLHVndFNUHU67Zuf3ooUyMYXC6SL4n', 211359), ('39Pejo2FegcsfyUNkY6YmVEMjVec7oWYQJ', 182022), ('3GiCuTrnrCar62YZ8AMJP8aax71jxtrWZA', 531900), ('3FKfx9suxHh5p6uu2pCqo4xfTAZUzx2J7p', 113545), ('3ER6KCUJX7xow8KGzTvFg1b1QFArCMf42c', 110498), ('3NvxAiPrGLd4oLycUsa4mj7TBvvT5DeEMb', 304214), ('3MKgq6qLrKVPzR7WsABAbJWtLbnnvct3Sf', 124488), ('33sNdxWfTougr6UhoMzvb2YMQess5wA3in', 125590)]","[('3JSdUu1ivm3rqMvuCTAdAj6Dc2hdVhHiEe', 4294026), ('3Jx1ThGhh5P9vL5XkMw1NauH2YEDSZo4Wd', 3171785)]"
67,b9ffdf2ace6a03a1a668e727ce1c7cff388c5291c7964e4b54b0afa45cef0803,2021-10-23 03:55:39,"[('3LhzMf4T6vhLE8h6cvaHsrZEUhggXQ9GDe', 326429), ('3KX4rVRCmZbS7pzCLho1YNMALJGTxwahNi', 76301), ('3JRgbnrxFn3D8kdjJbAASLvV1DJXof9pSV', 101580), ('3HAv6mGTSoEUeAhSQTTGYQq8Com78bcQW7', 1294328), ('3EYXdTAsyCaxtNzv43c2FhmMzXerrZmDm7', 162049), ('3CW3Jhd5BjkMvZ1Gkj5sHsFJK9YaBb1RBb', 105272), ('3B8JbhYfSWMRbiquXL49Riru2eMvEdV64a', 48033), ('3EScBYwuHZqrRZc1Q5bu4VGGEUjGaZX7ms', 1143), ('3EScBYwuHZqrRZc1Q5bu4VGGEUjGaZX7ms', 109157), ('39vnCJ96RZUZ87dToLbkLpqZF6egDsNVi3', 116736), ('3Lf2MgGnmRBNCrAJkJyyQRNNci6i7WLZbo', 116232), ('3CgGChbny4U5vtMSAQNi3FyK72jYsGCg23', 671659), ('3BH5QBvR195B8b86aM12rztX8GnwCcTUY1', 178955), ('3BH5QBvR195B8b86aM12rztX8GnwCcTUY1', 182726), ('3BH5QBvR195B8b86aM12rztX8GnwCcTUY1', 187215), ('33C6ETtgH7F3wPa1LRmWoTKj6cXwKPsp1M', 29162), ('37XaR4jePqDb2kzxWjB4dr5wzh3kF9zoui', 143634), ('3NQWJZho4HvqRSuckagTX5aPK3TFDpDp14', 103142), ('3LPUE8Gu3RfD3n2m4wKjeJ47y1mCSftvaZ', 149454), ('3Mmwk8CDwKn6DBEvghwfHSEv8H8Rsxdxrv', 148509), ('39RY6nozETQ9ZbVJvJXFqzCCPtMoNbMMBT', 102226), ('36Nz2Td6FkazJReApot4CPcSqQHg7Ay2ES', 15250), ('33N6Y4f2Z1DR3syTUeGcsPWVKBWkBoergd', 85993), ('35NcakEKvQ3Z9w7qEAW4PE5ir1gj9AiAP8', 44300), ('39WtLQhkQVzMG7yycBB53m6GjaBb8xFoCk', 743852), ('3AXDLKuiBChF4trfWrfLjwLLLdY5dNuLLh', 506159), ('33ogTGVGhVKYPocm4bK82Xi54hwXpNa42v', 17437), ('3Ez1FqRzwzgpiqpHNViuoDGeguKRSLWKsC', 33658), ('33juiFDpYDA6pG75i9qar9hzt7ZHNm4FiD', 102673), ('3R13JAukma62CbCwmhfvQUC4FP6zNaNB1n', 174490), ('3R13JAukma62CbCwmhfvQUC4FP6zNaNB1n', 183199), ('3R13JAukma62CbCwmhfvQUC4FP6zNaNB1n', 184184), ('3DiD7zJ6F2GkaB9bJvPaFjkmrPDbo7dNaF', 130467), ('3Lk19WgXR3P4PSLt8YdUCARki2AToGwTuf', 27961), ('3Lk19WgXR3P4PSLt8YdUCARki2AToGwTuf', 28291), ('3JayXeXYAxuWFi9QepWJEFva8Lb24uTDff', 153304), ('36JU9gZCHu8ugEm5tzQBYsScW6zAWGAzDP', 116647), ('3FBgFCzbxAJfNABKVJe5UQNBKhXdVQeHcr', 134432), ('3G9tpp2DVqauVEieNPaJKhZQKeJBfTxCRr', 32409), ('3Ktqg2SMio6G5BwzBAQ7ZNryEDcDfZJtSi', 23844), ('39Pejo2FegcsfyUNkY6YmVEMjVec7oWYQJ', 180939), ('3K1jYJHhDaLvaWQVR8JruWR3dVQSzvumW2', 59164), ('3K1jYJHhDaLvaWQVR8JruWR3dVQSzvumW2', 59702), ('3K1jYJHhDaLvaWQVR8JruWR3dVQSzvumW2', 59781)]","[('3JSdUu1ivm3rqMvuCTAdAj6Dc2hdVhHiEe', 2539588), ('3Jx1ThGhh5P9vL5XkMw1NauH2YEDSZo4Wd', 4905856)]"
68,c6e52b802377bed83d48253a47e96e780ed9cc7b3b66e6acc77638a1bd4ccdca,2021-10-22 04:28:29,"[('3EisETLh7kYgxmnuVLSZxqn9dZoaemiiro', 12427), ('3EisETLh7kYgxmnuVLSZxqn9dZoaemiiro', 14212), ('352yhmmUjRT8jbWhsyRawZAv3WfS5hXFR4', 30033), ('33JdH4SAyXX1pHFcs682wxeEnmeWTzGGSA', 270000), ('36DKK2DW2Z5jXgFpezLs67SEx2R6g4yXaU', 134020), ('3FNJqBfm5ksvthT2Hb3WuCUxkNDtjH8F63', 148374), ('36sZqSJuJUjN134Efiv5eUcoxWPcsMpTgf', 377041), ('36sZqSJuJUjN134Efiv5eUcoxWPcsMpTgf', 378083), ('3BhJw1gAHoS28t68mHjmhKyugeJZESEVuX', 166865), ('3BhJw1gAHoS28t68mHjmhKyugeJZESEVuX', 175893), ('323FNGhCTWeGkGY7Cj4o5tCwUxGKC21PS3', 19808), ('3H3Ptz6E45kbWhtzPVZd44gPNKr6sUWa9f', 20673), ('3H3Ptz6E45kbWhtzPVZd44gPNKr6sUWa9f', 28613), ('35VTAgqvMSrHdTR4gY1X31DiC8h3socGmx', 253058), ('35VTAgqvMSrHdTR4gY1X31DiC8h3socGmx', 310458), ('3E5hLq9NwxiC2wWpVb7kJPuzrBF4YwRQ8D', 523570), ('3E5hLq9NwxiC2wWpVb7kJPuzrBF4YwRQ8D', 534155), ('3318BVyhhhuwJBRMidsYkKfsn7CgDS4GHP', 537969), ('385eRcL4uddx61VgWG3jn9TMBZPYeMCd99', 67300), ('385eRcL4uddx61VgWG3jn9TMBZPYeMCd99', 87000), ('385eRcL4uddx61VgWG3jn9TMBZPYeMCd99', 101200), ('3AjZH2DUvf2MyD3TwJ1G4t9FZWGQD1zfQb', 15813), ('3LqNkWGekvUwByMnN9qPswUN4oXVp2vFhs', 100797), ('3Dr2JGEQzrgQLHLKScyd7xSvedxgQXq1Eb', 414235), ('34Y4b4pUBgKdfmywrs7jDUaNoVgGxCdobR', 83372), ('34Y4b4pUBgKdfmywrs7jDUaNoVgGxCdobR', 88002), ('32qFHwHzARCqorTnxLCzxQYBTEWtqL4Kdc', 374700), ('3E34UYNwWH6tGqiudsUfVfqERax3cw7cBz', 124786), ('3JusXNrYuPWvmDLfb6WZbrmrhK6MPSt9jJ', 131064), ('3JusXNrYuPWvmDLfb6WZbrmrhK6MPSt9jJ', 135741), ('3CjmK8G5NHcWSMt2CX9LuL4YqYPjUGdBEQ', 326909), ('36SyLDWaeb3E372LEsaAgB7NQJCdHrmBpG', 175571), ('3KU7PsAN8JXUbWYjTNCEfQcJGpD19YZh9J', 149391), ('3ApfgFujXAkRdRzJaDnv4EtrwHu2q1bVew', 16031), ('3HzJ7Lsbbc3q8G8iUkrm2aYJVo8RKqqcWT', 101260), ('3MSVpJpzTBgyDFsKpeiVo1LgSDJ4EXdUbc', 105470), ('3Hms8CgHzcPsZ7LepfAV9UhY1cmgFRzJ9p', 22142), ('3Hms8CgHzcPsZ7LepfAV9UhY1cmgFRzJ9p', 23970), ('3A6C5hY4M6Wt51Y6dCFXqrpVb3182nSEkk', 140085), ('3MrPz5TDGDx5rPXAndmmv4BEGRmLXJQhYz', 6008), ('3MrPz5TDGDx5rPXAndmmv4BEGRmLXJQhYz', 6120), ('3MrPz5TDGDx5rPXAndmmv4BEGRmLXJQhYz', 6238), ('37uEzNoZhF6so5VY7tgPZdSv9X9jGohncB', 4276), ('37uEzNoZhF6so5VY7tgPZdSv9X9jGohncB', 11131), ('3GHUyEUE69FsSXrCuWucYbtENXv99Hma1o', 158653), ('39gQEJYuAS3tUYcQsdEQGBqHDXrbb7TvZb', 115400), ('3Do195rTu1EPxAHkF66mV1ESNCaBEYaBoh', 104992), ('3HiXfVuMrbVu8cTM2hna84ozrMqYmU9dHF', 17965), ('39Pejo2FegcsfyUNkY6YmVEMjVec7oWYQJ', 185555), ('34aGYFXVwghup9SPKBA8WVkeEX9YCEjaDk', 115070), ('3CRxwDrFHmNZgXEzUo8aQJ1bDyfYht94VH', 100000), ('3Jx1ThGhh5P9vL5XkMw1NauH2YEDSZo4Wd', 305028), ('3Jx1ThGhh5P9vL5XkMw1NauH2YEDSZo4Wd', 312453), ('3Jx1ThGhh5P9vL5XkMw1NauH2YEDSZo4Wd', 314994), ('3Jx1ThGhh5P9vL5XkMw1NauH2YEDSZo4Wd', 315103), ('3Jx1ThGhh5P9vL5XkMw1NauH2YEDSZo4Wd', 315151)]","[('3JSdUu1ivm3rqMvuCTAdAj6Dc2hdVhHiEe', 3813171), ('3Jx1ThGhh5P9vL5XkMw1NauH2YEDSZo4Wd', 3729872), ('3Jx1ThGhh5P9vL5XkMw1NauH2YEDSZo4Wd', 1562729)]"
69,ed9c9bb8e1abd641ed26e76ff8fb426394593e9cbbacc7007ee2a994e77817c5,2021-10-21 08:28:57,"[('3MTkVvfV9duhyZ243CMu5LH6J89PZvvkgj', 21488), ('3EGK4FVoJmq8A5khSY5kB5Xy5HA2ritLvs', 80390), ('35GCveSbMGfmx5frDeUKs9MwFr6QjfZ6du', 104946), ('32aYseRZZADDgcygnpnqEuyJuJZAzQ4coa', 6165811), ('39Pejo2FegcsfyUNkY6YmVEMjVec7oWYQJ', 188449), ('3BYH8FEUHq9N87VincT6GBTzf3Q4nYvJjQ', 569516), ('3PHECtKQNWKTE2qMEL2f2HnBkfbFpD4xYc', 1645), ('3PHECtKQNWKTE2qMEL2f2HnBkfbFpD4xYc', 1734), ('3PHECtKQNWKTE2qMEL2f2HnBkfbFpD4xYc', 1821), ('3PHECtKQNWKTE2qMEL2f2HnBkfbFpD4xYc', 2426), ('3PHECtKQNWKTE2qMEL2f2HnBkfbFpD4xYc', 2431), ('3PHECtKQNWKTE2qMEL2f2HnBkfbFpD4xYc', 2614), ('3PHECtKQNWKTE2qMEL2f2HnBkfbFpD4xYc', 3126), ('375Y8ySA1YaZZg2vfDRoxRbZ8uPw7M4YM4', 21192), ('3EY3Gqy2fMDzMRtFeUMyWcacuyR2Mk7WZE', 138963), ('3QWvPaEKc6tnKc6xwQHjAjGaaSVQQSbRNC', 112065), ('3GiGoRS6YshspTL5FcHgMy91be8D8KUFFo', 17443), ('3LBy5AnDSp586cdXxRAvDnFrtb3R4HQ8MF', 34196), ('38zvGqDMKdAxA1eRH967Zv9fh5sNUjGYaJ', 12516), ('38zvGqDMKdAxA1eRH967Zv9fh5sNUjGYaJ', 13410), ('3DfYA3UTTYjZvajQ6owCAeJWrFHduk6NFd', 44053), ('3HLZVkEMMQdvcCepxuteHC9NxNWcKviXTr', 2412), ('3HLZVkEMMQdvcCepxuteHC9NxNWcKviXTr', 12754), ('3JSdUu1ivm3rqMvuCTAdAj6Dc2hdVhHiEe', 300000), ('3JSdUu1ivm3rqMvuCTAdAj6Dc2hdVhHiEe', 300000), ('3JSdUu1ivm3rqMvuCTAdAj6Dc2hdVhHiEe', 300000), ('3JSdUu1ivm3rqMvuCTAdAj6Dc2hdVhHiEe', 300000), ('3JSdUu1ivm3rqMvuCTAdAj6Dc2hdVhHiEe', 300000)]","[('3JSdUu1ivm3rqMvuCTAdAj6Dc2hdVhHiEe', 6712910), ('3Jx1ThGhh5P9vL5XkMw1NauH2YEDSZo4Wd', 838207), ('3JSdUu1ivm3rqMvuCTAdAj6Dc2hdVhHiEe', 1500000)]"
70,b4da3cb0793a0a4b4d2537dcf674450fab79c254c5700d3f34445e273d1b8669,2021-10-20 03:47:48,"[('3Mi11GZ6h3SPb64TjfNcryafV4NnNSQvM2', 126288), ('39Pejo2FegcsfyUNkY6YmVEMjVec7oWYQJ', 185017), ('33Jz24kfsRyoXpBRozE2gdutBBuqxaZpzL', 1154573), ('3M9fci7UurSi4BqoXUnLwXuGykkpF41Ymj', 305766), ('38arRD9aka1ddQozfDcauCxamAYZBdo3Gc', 127864), ('3NadLftQgchixjNsgbvYqSkxwDzVzEXpVi', 171643), ('3QpxHUUmxSseNJjk2jxLxaw15oucrrNKTQ', 151705), ('3NTSa2vfTDhsQ3NAQUH96dFRX1AeVRPE6A', 139206), ('3DuGrc7y94dvKKKub88icZaGS577iP8Zz6', 116092), ('31pv8YMCrd4yMck5to6T4XMKGmUW8Y5Aph', 117666), ('3PGMi8xEsVRoA6bHsVXGu6uNC32bxC8DyJ', 103959), ('3QWvPaEKc6tnKc6xwQHjAjGaaSVQQSbRNC', 106963), ('38CAo8QA3neXL4FG7PY4VVGhRv8tKrfeDe', 186749), ('3F8FKGGUrrbq8SzJrnY8mKqsWzefA2ZSyE', 200741), ('38zWgo39mDgwQ1LaZmroX5Ax5zWmaubzhE', 163724), ('3BvAPUHnKckn2dJ7SqAeVDYaiTeSqUHGoY', 100647), ('3Nczm31iQzZgLd2s6AZg2EN3JWJpYzrpZR', 426623), ('3GycBFPU1ok59B1CcLy5QaATMN3RiR5b5k', 121159), ('3KgMsHntzpYmdC8LF6YXrvJqGwuz5rxDuW', 106652), ('3JM3RcCwMHAomxuVChph8s2aVyN6oRp4GA', 148890), ('3M6kjHSn4TcDN19jzHTKKugv61dCNv2EgN', 163591), ('3F1U5nQbVu7t3XXvRuvc7NLcJrp2Nxabxk', 391838), ('3EpXf18SLjhvPX9Xpx8NrGfWB3ee7jwdFv', 130701), ('34XCAdFzN4AE7azRBMGjqQL6VjHm7jhx1f', 141650), ('3CyK2r4xpH2hA75eCWH7LyX8bi7B8Bzgsh', 122510), ('3BAo32EzN7QttDivkLFrBJBi8h3vPp5cb7', 201997), ('3JuYUqkHZDbtrvAv2gpxcufSmerLAJK3tY', 154231), ('3EN8wjQfCziqWDUPhDaMKhdVWrHhYGe36u', 104676), ('36KChP98CehEGTJpFmvAzkMgWM31CSfGn3', 124055), ('3CZcT4LuV5cdUxPkVU1wD8GZk25s9RHj3F', 183713), ('3MHwaCQcbrXnz6ReRMa5KSZvv4BraN4rqe', 118043), ('38vDhw2goSSpBDzs8owP7Ti6fCqWf3Vtg9', 239673), ('3QZJp2rB6qECsR3cvPrNQm4tin714n1V7j', 152221), ('3N7GLjHgWJtABWisUHxCWbGpHSaMFZQBQV', 103960), ('3Cs9ACUmEVzritdwKg1HLuhw9ZLdN8hsyX', 106566), ('3FgUQdYPP2EGHA4Q5zQHnuSjx7WxyiXpTn', 102664), ('3Cy9NrdzsaThwYoCELDjZcNwKSfLfrnQSA', 106572), ('3Lec3qjYEr8dnQLBsVGzohkwbRxC2ybwxN', 153109), ('3Ct6zRnZiFXgnkkkeLULKKEHpaLhAq5giv', 135010), ('3GEebWNtsz75XcNy1u4bgTtMkTZeW1YXVw', 236894), ('3Arv8LpBGM1myXRkJE9CVQpueQdQnNRioo', 110189), ('3Jx1ThGhh5P9vL5XkMw1NauH2YEDSZo4Wd', 364478), ('3Jx1ThGhh5P9vL5XkMw1NauH2YEDSZo4Wd', 368864), ('3Jx1ThGhh5P9vL5XkMw1NauH2YEDSZo4Wd', 429547), ('3Jx1ThGhh5P9vL5XkMw1NauH2YEDSZo4Wd', 513191), ('3Jx1ThGhh5P9vL5XkMw1NauH2YEDSZo4Wd', 808400)]","[('3Jx1ThGhh5P9vL5XkMw1NauH2YEDSZo4Wd', 7538858), ('3Jx1ThGhh5P9vL5XkMw1NauH2YEDSZo4Wd', 2484480)]"
71,0822167594e334337422c4588d61d82c19bd39a74a352cfe52a056d450765800,2021-10-19 11:37:47,"[('3J5kPpteVY75M8KdLABZqNPEdjtqsR5pZT', 71400), ('3NdrSMAbsgbXHCHaXKvD8i6rzj4cLLCPHD', 113108), ('3KB44JATc4MkENaZy1Lx7dsKrPtPFmNebq', 124274), ('3Ljs5X2LqRMdD2zpBRSJp6pqst2icyXzvs', 14100), ('3Ljs5X2LqRMdD2zpBRSJp6pqst2icyXzvs', 17500), ('3CpNuE6AcKXDU9GnEeKxkygU8H4gLNyjk3', 112317), ('32a2rsqoNv1uTThNg42BuX2iZrXSFw9eaZ', 92445), ('34sUV8TicokyX9BmhN7cohbtsGBwoKDKB8', 116764), ('3BAH3x692pdoSrsYXo37WihcehXmJyZ3b5', 164149), ('39NccZ5fvvkcgoVGfemJK5tYEYTEuznsNv', 138683), ('39Pejo2FegcsfyUNkY6YmVEMjVec7oWYQJ', 188185), ('3BCVp6Bb8JFqWD5Y9MjqvfJJaPW3ZYc9rd', 38519), ('37vQcyaqgFP2x44MUKpTD8LbqXAmcU6E5B', 105702), ('34FjPpMXKBmB2KTFGCfzR86f94LqEAW2vf', 100597), ('3KYiHAB3prbvRdCL31NS9azMtiaV3pD3Sb', 32943), ('37fe1PvPy6ZycZMANXCPYM6wuTJCdo9UEG', 140589), ('38dL61AaDSnGxGVRs1A6ZB4UxbQLoXaxii', 113942), ('3PX9HyoqhnctV2svhLcw8zoY9WH9ykqoJQ', 155917), ('3Qxab2FyT1o3Ug1oHbpXdSUfU6BAzpa4UG', 155195), ('3L4wrfwHyPDkZp7GgF5stmJfaYM8SEC45n', 166300), ('3GTKhhrRTVSnRY2xV1zi4oFR7g9zEGqfZf', 313429), ('3FaqpmqCQb4tjHdt6aVNd6C4nKtySfc1SG', 100048), ('3PhYcnvLEbHug6W1sECKwQZVqSFUBn4FW1', 5255), ('3PhYcnvLEbHug6W1sECKwQZVqSFUBn4FW1', 5778), ('3PhYcnvLEbHug6W1sECKwQZVqSFUBn4FW1', 5792), ('33LDhGMchPyor7vLC7a18mEpwbeJ6b6hnx', 146761), ('3FymQcP8w6PBd2L8ETmzmSJCdMtLGhPNxa', 203182), ('3H4osyAE6TEngWFBhkfNws4TEYkdGq5LCQ', 583279), ('3QmhPBB84UhWWhgq82Cov41LMqzYvfSHzz', 123023), ('3J3LoKVBTJfdC5SpcGv6NcLiEPCXsBM5oj', 19803), ('3MXy2vB8QTo2nPsFLcZQjprxzHgAhsxib4', 121919), ('39yXUcaFAHAeXAPwF9M5hFpg39qcXkP5XC', 14500), ('39yXUcaFAHAeXAPwF9M5hFpg39qcXkP5XC', 14500), ('39yXUcaFAHAeXAPwF9M5hFpg39qcXkP5XC', 24100), ('39yXUcaFAHAeXAPwF9M5hFpg39qcXkP5XC', 27300), ('39yXUcaFAHAeXAPwF9M5hFpg39qcXkP5XC', 48000), ('39yXUcaFAHAeXAPwF9M5hFpg39qcXkP5XC', 52500), ('39yXUcaFAHAeXAPwF9M5hFpg39qcXkP5XC', 88513), ('33V4BJ6PuwtZbWniEtmWAqdpBfUCsapz3i', 68476), ('3FSCuiEP5eQw8PEPba4wn5TwqsuHBpUVHq', 110033), ('3E7iN6BEoAQcCyZk3iMjemF5WidbWA1cFk', 188104), ('3P8HFWde52ScGk7e4mnEJPYLfvVLzLB5ZX', 78242), ('3P42D9ukEMdDRprrrhFPyLqggjxhAfmwH6', 89107), ('38jjHscvBfav7NxQRGpiF4wrpzwu2DExVY', 195731), ('3PbdBmjzrk2nnxrdz7YrB4xWdF22psMySZ', 135630), ('3PbdBmjzrk2nnxrdz7YrB4xWdF22psMySZ', 137092), ('3Lg7765Fd5DL8Uf6vNayYZPaSbjLRejdHf', 12872), ('3Lg7765Fd5DL8Uf6vNayYZPaSbjLRejdHf', 27659), ('3AjyFapy63QsVhhV5JNcMVCchwt758voMG', 60495), ('39QjTNZhAJ8q4o9tDvm3jzSJDDqYhVYVg9', 134019), ('3Ng2Dn3zUdgXbaM7ipc7B3EvtdEXy1SYKF', 39058), ('3PuTEzfVfLrcv7DkCbyUAkshZifZi3atFo', 17930), ('3QdUXDVuGT6fRHdtangpHhgd8J3HskbwmS', 101466), ('3QdUXDVuGT6fRHdtangpHhgd8J3HskbwmS', 102645), ('3GKLun3zx5F6QLsQxUrP7HtdpXCXwguw1S', 16046), ('3M3wMjC9uLGFZoxm4pNo9SAVGz28CptqBb', 251442), ('3FBgFCzbxAJfNABKVJe5UQNBKhXdVQeHcr', 118702)]","[('3Jx1ThGhh5P9vL5XkMw1NauH2YEDSZo4Wd', 5936523)]"
72,d7a812aa7fbb8d82d3efc2390dee6c8d15f1d657375d1b03734e236e386531e7,2021-10-18 06:30:21,"[('3J4J7uYK84kic2zowZxxzTfzysBxczD3mY', 113194), ('3QN7x5vNWdBsCMZeLTMJcL1sdEcbp4T7wD', 107683), ('35bVUnXccN9ug2hteXLFE8dM4ei1sSEPth', 102418), ('39mQ9CN1AscMvkb8hnxUXJ8NNWBRJD5sUB', 153402), ('39Pejo2FegcsfyUNkY6YmVEMjVec7oWYQJ', 186958), ('3JjqGSJjGbFKYvwht1PwYGX5LBxE6WaZ83', 177292), ('33pQNHukcXTHXzJh2BTJvpjtpmSDETQoF3', 137420), ('39rJCTRd7f2L4vPAF4C99s8GgcNgw7K1t1', 145326), ('39s4N7uUoF9Te26BmLJD7YJaRrSTWGkzR6', 263352), ('3EZ5jzdYivkVh8rc9DmZmLm4Lk3XSnPPc6', 114369), ('31jY18k3dqcuUmTXq5LLJKWaMgx7UdGEJm', 119221), ('33kgnH3V778ejctUXj6w9Sp1T5TikV8nWr', 127515), ('3MwDKB9fZnrvKDrMvqm4aAfP771wBUGmLP', 512694), ('3HPAJkTokmZvAeryw9vGrKnSSBQL9Lamqx', 605591), ('3CZtbd7smCYrMsKHJgUerVrQUShZzD57tH', 186282), ('37SGRD89myDSScboLvE5AkMyKMYvHx6eev', 116478), ('3NWrhug2F7ENH5Gxuar6rp5iBzzjvFxMQ9', 294371), ('3FVBKANqXFVBGaQYjxEaDPtx4oy1dcwikF', 105221), ('35k1vn3CM2jEYkQyoCFdUpVqnX9safFub8', 103437), ('32DdgXyHTErjo9MGRAheZdKkC1Q3LgwvUk', 113497), ('3DxdByvMVLqp8MS36rt5KAfQfvR5L4rVvZ', 109515), ('3BoGWW4ZWJB1bVmGjXnpiG3mqdTF2azyaf', 119342), ('34dcE3Y2FunHNPQWD2CfZJTWs4e8n38swd', 1493133), ('3BAo32EzN7QttDivkLFrBJBi8h3vPp5cb7', 178982), ('37vhSo6YeDTdiJVyu7uqqU5xGjentrq9LM', 566775), ('3KoV8rep52KkDBx3MrSC7U5r57W1eRq2CL', 108752), ('39UiguuHyQkQ5yoGqAtitonQ69HDn3sxYP', 167617), ('35VcWm4rMrAPau6eQBKnRF6dMAMN3akaes', 131110), ('3NqyAocnrQgyKS9WnS7RE8q6Z4ze6bqAxS', 107017), ('3MKgq6qLrKVPzR7WsABAbJWtLbnnvct3Sf', 137679), ('3M33JNZcYi92vd5wFyHyRjmYkc1wbMvw4x', 106281), ('37imDtnQzDbJvodPQsTr4NRgLdcipCa64z', 111880), ('3D8m5CqYwH2wTELe39wPdcw65yBRWv3YbE', 139400), ('3DqBC6JFgqu1jijLERp8ey6rpgJomCW86t', 110250), ('32kjrpgmv8nxNbSD1Tp6SazraE5869FEEx', 187810), ('3Jx1ThGhh5P9vL5XkMw1NauH2YEDSZo4Wd', 308955), ('3Jx1ThGhh5P9vL5XkMw1NauH2YEDSZo4Wd', 313732), ('3Jx1ThGhh5P9vL5XkMw1NauH2YEDSZo4Wd', 931627)]","[('3Jx1ThGhh5P9vL5XkMw1NauH2YEDSZo4Wd', 7555524), ('3Jx1ThGhh5P9vL5XkMw1NauH2YEDSZo4Wd', 1554314)]"
73,4ec4cb2ffe9648fdaaa9ea734da9aa32fc4a8bed1dc415fcb594996cf1f5e72c,2021-10-17 05:09:00,"[('3FL2J3g3PYPrLfGHywiLgBGDD1uCHJYZGP', 128212), ('32YHy2YVEdPeQmYn3YcHzye5Ayjv5af3c2', 137088), ('3Hpp2ebSWkJiNfyyLE5vre9ZmRFEjBqmm1', 107061), ('3ENc6jZW3tvAuDxqwrVjpeebxxpWsfTQV2', 994018), ('37i6WeELDQTtGBk2gZQnaZJ5aDrmTWBevm', 109317), ('3DuGrc7y94dvKKKub88icZaGS577iP8Zz6', 118456), ('3EMrt2KKgrbrTK2ZYZSVDeBznj5BUtPJEC', 101099), ('3J7wwzcwzZXV6J6somiPaNDA48tUrGBPVC', 116842), ('3PTo79betkSKeuwtFCzs8Eqs5DUKyjF4Wt', 101174), ('3FrhRKWkKDbxY6Dr9wcgFfzqJAeb9GTC5y', 117459), ('3NWRNN2hs2kktDDc9oaNznDEuE3SmV2TgN', 201734), ('3HA3gq92sMyx6SKUUE8kwbSL67vno2Fi3Q', 157822), ('3GcNr9wvepPC32qwfGsx6g1GnfWedEq9XX', 204798), ('32gxag8xD4EjNSn5T8JA6kkyeGaccr7VXU', 131135), ('38ZUrPDN6uzDzLXQD7KaKPtYMKZeJd3ohu', 315351), ('35nDUdRbCPFg6Dj6313Jca9U1xo5bM4Lnw', 156996), ('3BiiXgRnFywdjYb4YFrT6WLpzArhMrFzGu', 116604), ('34ds2NY4SsnvZxkAtj9mZdfgkJq6jr3WNV', 189409), ('32r7oxtufwRBwr6b2w1gHCm4Sisf2pToq7', 108086), ('3Hqe5JmWAW9LJbqC2CdZTV5mjyZ1qtdLzV', 177885), ('3JM3RcCwMHAomxuVChph8s2aVyN6oRp4GA', 103379), ('3Do195rTu1EPxAHkF66mV1ESNCaBEYaBoh', 115022), ('3F1W54wptvG5Fx8muAqoKpRk2uFYDndExM', 114129), ('3NXfamxp5xJvwMFyqGrgcZRTCBdNJSp4vg', 124441), ('3FxRcJYnAZHtz3XPkvEZ2pyBRFjnL92aLc', 117422), ('3J3cj6MGPzQ24YDD9932eN3Afzt8j9SrtS', 104792), ('3KfUsN9AkGLguCEARDyQnbmBAxxSQwNBpN', 127679), ('39mQ9CN1AscMvkb8hnxUXJ8NNWBRJD5sUB', 140235), ('3PG9GTnZqwoktzguLVdvF1SQhYRaqgAQff', 143422), ('3NhFQC8FHZ9S4kPDfBaT9tL2np6C8GT5wB', 110036), ('3HiLj5jWATTZ6v5BiCw7wFTZRMtmATEGSS', 100317), ('3E8MuAZxSr1qbrUw96F1cQzRN6b2Zx2wpj', 177674), ('3P47Yy6iMWjqsBG6jF1b2HHvZaVdoSVif7', 101275), ('38wYrj7BQgEPPza7iBZGni33c7YjRpvTXV', 122242), ('3Cy9NrdzsaThwYoCELDjZcNwKSfLfrnQSA', 115447), ('3KUxGNXzRswEq3pdi7MiTjxq4zk9ixR6gc', 118587), ('3C4P1XKTDYarvLiikLPfiDxDUKsEa5s2U8', 110291), ('36UTvE9BECPqHnwe52jxVtec4iMQCNLHwt', 115892), ('39Pejo2FegcsfyUNkY6YmVEMjVec7oWYQJ', 189992), ('3NJDUcQNNz6E4D7Zs4jiCQ37BsHefiCPDx', 120269), ('3FymQcP8w6PBd2L8ETmzmSJCdMtLGhPNxa', 199624), ('3PXkXi82v3Tezr1ur2MxkoELMGhvhtbANy', 106314), ('37Kjx1w7g9yf6rR8uqEg9S3vn79QRS5Vqh', 179263), ('3KdBYpMmyxEqDFkzEhbLRJQ8UYnTZBhotp', 143815), ('3Ef6rDXfxHiXDrTxchxvd6WHvJ7kYsKjH9', 221638), ('3Jx1ThGhh5P9vL5XkMw1NauH2YEDSZo4Wd', 312986), ('3Jx1ThGhh5P9vL5XkMw1NauH2YEDSZo4Wd', 926512)]","[('3Jx1ThGhh5P9vL5XkMw1NauH2YEDSZo4Wd', 7106662), ('3Jx1ThGhh5P9vL5XkMw1NauH2YEDSZo4Wd', 1239498)]"
74,34d6e26c8a6e9bdc531edca607543f9029ee00ee5711e51fb1b6fd22b2ebdcfe,2021-10-16 11:51:18,"[('3DfC2eSr1YFVJ6poCz6ba9G2oHWxcUFsL9', 314549), ('3MuDbH1hgHNeY3A8e8Yn5of8BWPgcHSxxA', 115882), ('31uvYB89Zb9qZ2gz6GjYgRM8Hhc7gtN1xV', 177852), ('3HFuWwXuKygsDZQzMiqdRv6rkagorukYbh', 58134), ('3J1EQUDxQWMnSd6MJhB5eZyzHerjRyFn9u', 21900), ('39Pejo2FegcsfyUNkY6YmVEMjVec7oWYQJ', 175543), ('3N1bV4yXEBa9scpXpvcacYfaCKzUUPkc8u', 48249), ('38udte94M68XjT9jnqUFBCF6ghzqeBbccx', 48701), ('3F6qvtHBhw7sejfRA6R2SVQ4aHMfzMMPwx', 987395), ('31njpQ3b4h7nKScoN3AxkeoJouAX9L3fPv', 118540), ('3DQXf1LevCrSeKh97y7TTgF6ic4hCNZDDF', 24582), ('3HhMLwThazmLf5hvUtgKWebAvmyC4NvVSn', 337732), ('39Dyr3c4PY7bmd656N8Ra1yeaMCrfcJmb7', 73528), ('38SGYx35KADDaC7jJREx3vBnTwqtJ2mR3n', 80652), ('3Q8Wge5vxHZ4D7y8qskPYLmV8WyqC7akZD', 9567), ('3Q8Wge5vxHZ4D7y8qskPYLmV8WyqC7akZD', 104689), ('3EN8wjQfCziqWDUPhDaMKhdVWrHhYGe36u', 102946), ('3M3wMjC9uLGFZoxm4pNo9SAVGz28CptqBb', 88699), ('3FYpSptJzo4wNpFmmY2rFmxr39hcYxfRDt', 55986), ('3A5CAwQX87SBDNQW65MavyWgwnY5fUhiAJ', 118195), ('324Qmg8FRcs439sw4QwcdSRqYyN7CvWe6f', 242972), ('3Mmsg331YLaGxdvMcJbD5g4BX1D1PhAEzE', 7457), ('3Mmsg331YLaGxdvMcJbD5g4BX1D1PhAEzE', 9056), ('3KJKdMUkG5A596vvNDbLjA1wpYJs54sMsC', 38128), ('3GbkmGs8Vdpd1o8cSamCEqUPizxF48eiwd', 33233), ('3NqSgxTzcdA9fKqxcbkneZwomq2sYaQCxM', 14289), ('3NqSgxTzcdA9fKqxcbkneZwomq2sYaQCxM', 14861), ('3N968nARntBPhnDRSUcC4xpbeDrwTfGdVB', 47769), ('3N968nARntBPhnDRSUcC4xpbeDrwTfGdVB', 50837), ('35mkyS6EQjBKTZDwr5vxhZirS7EuyVzDwa', 387310), ('39LjXCFFpY3UQCXAhXR8BFtZ9WaZSKnsFM', 35008), ('39LjXCFFpY3UQCXAhXR8BFtZ9WaZSKnsFM', 52958), ('3Ad4w9uUBierAGFyPYpu9RH5Y3y57vEkEE', 82282), ('31xp3w6ZmWBVfiEE4GaugjEGe2xc5vBJXj', 7188), ('31xp3w6ZmWBVfiEE4GaugjEGe2xc5vBJXj', 7571), ('31xp3w6ZmWBVfiEE4GaugjEGe2xc5vBJXj', 7598), ('3KkPAThRGpTzXMJKqzgtwUvPnVL8Sbb62E', 8084), ('3KkPAThRGpTzXMJKqzgtwUvPnVL8Sbb62E', 9398), ('3LJzvv2p83VBdxAiaqS36g8nLoMJwE7aET', 14524), ('3LJzvv2p83VBdxAiaqS36g8nLoMJwE7aET', 16169), ('3AFY7KpQvDTZ26qmi52BK4jyjCBg1v5ECp', 109700), ('3KGuktGMoGpXmwCBS2WFnP2TwndrzPrhkX', 16793), ('3PB7R2Lxjd7XHWxRnXgon445aCLg2Fuw1S', 84335), ('3NFUp3GyLHm2Kjyfj3Yn1Y1moaqDT63dZr', 22965), ('3ChwaeUBriSsLLuqiUnu8XEtbYq3ALLucV', 96112), ('31iHZvcdSiHbGpzkaQgTJ2pNjUU9xB9VRj', 138527), ('3Gfcf3dVeKK1XwZRxPFde8paBfrKsNBwew', 131546), ('3Gfcf3dVeKK1XwZRxPFde8paBfrKsNBwew', 142122), ('33obdwCssUmBWCozyzfn1R1UYdqE7BQwhG', 50231), ('3CzaW4fm35g7gW2WNH9NwsQZVjsPZzqfF9', 19167), ('3LfttDxLzJZXmG9ASJnogKp6pUbbGmYNjw', 31855), ('3QDUd3bu3SPrjgd3f4f8M6CTEeay96ueSq', 114062), ('36fMhkAxwRBeTtX8Y6piLJctii5HLpWmLY', 24880), ('36fMhkAxwRBeTtX8Y6piLJctii5HLpWmLY', 24980), ('36fMhkAxwRBeTtX8Y6piLJctii5HLpWmLY', 24980), ('36fMhkAxwRBeTtX8Y6piLJctii5HLpWmLY', 24980), ('36fMhkAxwRBeTtX8Y6piLJctii5HLpWmLY', 24980), ('36fMhkAxwRBeTtX8Y6piLJctii5HLpWmLY', 24980), ('36fMhkAxwRBeTtX8Y6piLJctii5HLpWmLY', 24980), ('36fMhkAxwRBeTtX8Y6piLJctii5HLpWmLY', 24680), ('36fMhkAxwRBeTtX8Y6piLJctii5HLpWmLY', 24780), ('36fMhkAxwRBeTtX8Y6piLJctii5HLpWmLY', 24780), ('36fMhkAxwRBeTtX8Y6piLJctii5HLpWmLY', 24880), ('36fMhkAxwRBeTtX8Y6piLJctii5HLpWmLY', 35980), ('36fMhkAxwRBeTtX8Y6piLJctii5HLpWmLY', 37380), ('36fMhkAxwRBeTtX8Y6piLJctii5HLpWmLY', 38480), ('36fMhkAxwRBeTtX8Y6piLJctii5HLpWmLY', 24780), ('36fMhkAxwRBeTtX8Y6piLJctii5HLpWmLY', 24780), ('398iK3CwRsLxiuokiK91JK1vRcpnUgGSao', 118653), ('3ABtWmkZtfM7GbY4aqUyGTzS3DVqfB1vfD', 32479), ('3Jx1ThGhh5P9vL5XkMw1NauH2YEDSZo4Wd', 305011), ('3Jx1ThGhh5P9vL5XkMw1NauH2YEDSZo4Wd', 305041), ('3Jx1ThGhh5P9vL5XkMw1NauH2YEDSZo4Wd', 305043), ('3Jx1ThGhh5P9vL5XkMw1NauH2YEDSZo4Wd', 305230), ('3Jx1ThGhh5P9vL5XkMw1NauH2YEDSZo4Wd', 305257)]","[('3Jx1ThGhh5P9vL5XkMw1NauH2YEDSZo4Wd', 5682587), ('3Jx1ThGhh5P9vL5XkMw1NauH2YEDSZo4Wd', 1525582)]"
75,ec9dcd1fb01bc513290f2a2046cad5b9d84e7c95ca9ddfffa70e203aa3d4fe9e,2021-10-15 13:34:39,"[('36U1eg982PT5zpiTL3tQoyxuJ8vANbv8FY', 102653), ('3Fq9W1g1PowT7ZvjMxKbNBd2jYpgFYtjDy', 140391), ('3AEjoEY7bHEHh6bLPt8bDPVkvT8fFyvw7w', 137006), ('3Q4ppHKXM3U1x1DUbSTJ1exTxibxkJsjhX', 90560), ('3QXFf9nKKvcazKRoRm9ui2dpuTECm7Jf79', 25460), ('3QXFf9nKKvcazKRoRm9ui2dpuTECm7Jf79', 168155), ('3DxdByvMVLqp8MS36rt5KAfQfvR5L4rVvZ', 168181), ('3LGshUPJ4yb6eqqAYzpznJ9z7jkJB8XvwA', 136515), ('3LGshUPJ4yb6eqqAYzpznJ9z7jkJB8XvwA', 140819), ('3EwgBNSZoSf4V4z2DR21L9BwPFEwoSXJUE', 239768), ('391nscRprKnFaoWHqgMoMmy96DrAnXgn2Q', 134985), ('3QxYrjAhPTY4mptLqRsNcJM7BUiEPZ8573', 104970), ('3NW9nL9JzzLBDRZB8o1PbMFVf3rtYEWoJi', 101337), ('3CGskenmfgYVkAjNWFr2yQoNiKBm4SfbJX', 239070), ('3GBiNjFtERf3qNPcsRje2o34bDqKW31r8N', 31377), ('36wyJsesHwZdHvWCXBbjHzZ2VUvGNGa4sa', 73612), ('36hg8oQn3bEVNht6YQeqX99AMWGBU1DFZS', 171762), ('36hg8oQn3bEVNht6YQeqX99AMWGBU1DFZS', 171762), ('3Jf6u86rMRTBdHwPepxNkZoBouNMGbkLZq', 31311), ('3JUrQ9CA3zsqHT6PAefAbMxHXNRqchqwL5', 20496), ('3DSUE7mfVxWtss3tJo7T17EA63skaKoVtU', 123864), ('3GKLun3zx5F6QLsQxUrP7HtdpXCXwguw1S', 15764), ('3HFnQ1dbfLvUrK8EYTLCQFHbb7iubPgTq9', 1141389), ('32Ge7ELgtsgpE3cAWHSocyZ4k8RWPs3Zjc', 150600), ('37oFKbuB98jbTWVnmUiHfzz95Rc4Eiarzy', 128494), ('38UGMiSchnj5JdKTT6fmJHKHKPbU3LzMmA', 130068), ('3EveBZcKit143YEVuM15H239ya6kibiF6Z', 16968), ('3MacKnmLjisJq55pGCfBUXJR6Z3NRVo5FR', 425825), ('386GxkG8kH8StcXKqZLN6A69zhu7Kqa9Qw', 107100), ('37bjEmYMHEEd7QjTt6yM47q3CFcEkw9vEQ', 106625), ('39Pejo2FegcsfyUNkY6YmVEMjVec7oWYQJ', 187999), ('3NUgDTo3PXwvdHTcYKTVmSsmrywiGh4a8g', 1321836), ('3GFhGftDxBfetgajMAfdZrV7rmJ7yqfk5G', 200000), ('3MJTimpSdbifpPZtLLicD9uDkj2UJ9vSL6', 99646), ('35RiZMCnNwHKyK9QitxHzkxYta1fVYj1bA', 100000), ('3FGiozVVm7d771cmzdLTZhoRoWRFpezPbb', 340000), ('3KFpjCX8mG6tPG1e9BMHd41zqajqgT8S7K', 12539), ('3KFpjCX8mG6tPG1e9BMHd41zqajqgT8S7K', 13535), ('3JUZeHYnJ8q9pqYAYyTDnR3A4bUZte1mJF', 117388), ('3DUUHcpF8m4ngK1Njz2dJWwNA9dSkG9CsQ', 150221), ('3HpnFkXYGQbWa2eL81tbyVRvwAe3okSQg4', 137858), ('3HavtYuZtbhPio4jbkYzzJvgyaSSzu49rs', 57329), ('35qixYi3C9tm4T1JeUbiwSd1AdtJW7KqM6', 23626), ('3GgP7iyFEYqra9DdMYu2G2iZybScMEe4uu', 22552), ('3Jx1ThGhh5P9vL5XkMw1NauH2YEDSZo4Wd', 300000), ('3Jx1ThGhh5P9vL5XkMw1NauH2YEDSZo4Wd', 305049), ('3Jx1ThGhh5P9vL5XkMw1NauH2YEDSZo4Wd', 305265), ('3Jx1ThGhh5P9vL5XkMw1NauH2YEDSZo4Wd', 315971), ('3Jx1ThGhh5P9vL5XkMw1NauH2YEDSZo4Wd', 316586)]","[('3Jx1ThGhh5P9vL5XkMw1NauH2YEDSZo4Wd', 7554037), ('3Jx1ThGhh5P9vL5XkMw1NauH2YEDSZo4Wd', 1542871)]"
76,65d4e0fca3fbfc62465e9f8e79164bfeabc2ce54e9ae584e5bec80c46bb885b7,2021-10-14 07:33:32,"[('3BgSjL2iAmEQaxm2xiGhJxse47zygwVdvz', 190528), ('39WTaZXzFmCNLfC7Fr5ZjaxUR1y32QpoWq', 108055), ('3L5wqTu6aRcoSqfFCnoZnLWCzCvki5AatY', 141045), ('3KHvMTWqQc5Yyiu5FrBKrheL25n4MPHvbh', 110863), ('339sMJhhEYubEGovj4Y4Rvy36EZYA3XkcP', 105752), ('3HGmQfxH7KbPKrjydJGjdUYWAndccKssSh', 115085), ('3ERUPmhTZHQAcfxVdU3b2kZU48Mv5ToyTd', 152887), ('3LMjXGAua2pHZ4cwfKWqB8Bsywe9sRQ14V', 103191), ('3Kaoq6hRzXWZQxgQHPb5ztZ8erDzMwVx9B', 161518), ('3JedRgX9HN5TGhsmptuP23J2PJuRAA6FMn', 546404), ('3A2fLJehDNGuYTK14F8k2hGK22sCNB5wHd', 191188), ('32kjrpgmv8nxNbSD1Tp6SazraE5869FEEx', 190055), ('3LVkhFYYYrceUnPfjSWyyu9pD6Hnp6xLTJ', 114457), ('324Qmg8FRcs439sw4QwcdSRqYyN7CvWe6f', 239111), ('3Cy9NrdzsaThwYoCELDjZcNwKSfLfrnQSA', 110314), ('3BpJogQTG7k77uRQRLEhSLsUJpUQcWkyaN', 107619), ('32As9ma2Cts63aEbbpEfi73HGP8UEHiaBT', 144598), ('3FEkT9Y4sc9oSH2yfarqxCyrgpyzsQ8u3A', 176163), ('3JttEnCSxxv8FwZoGbSScuPjacnbyi6n7G', 129040), ('37jcLXgBnkLMXhPWR4dHXt5Xatbooxtebh', 155590), ('38pRfm51RGbE5CmYTpi8SN7kw6oZYRNje3', 531173), ('37qjQ8Sc1TGc1sJ7ErAZKD9dTrvZKe1BAm', 521036), ('3FEVqoUWfABHdGHau6yriqEXsgceduY1nu', 143548), ('39Pejo2FegcsfyUNkY6YmVEMjVec7oWYQJ', 189607), ('3JT94NzjpM5B63hRGZZb8ux7qzW9Xsc35X', 1077), ('3JT94NzjpM5B63hRGZZb8ux7qzW9Xsc35X', 134392), ('3Cjch7me8nbsQ6sSSydLpRedFoT98JLLkw', 147836), ('3PUZY7EAxaktqUPc1mJMt9tMjgKMze7RG3', 151608), ('39KkZ9B7RvbyDnB8KwY2re9wrtHAtQZH8A', 146869), ('38QKtuiU88YTQfXpH4tj4bPNzqopaYp4Te', 148561), ('37XaR4jePqDb2kzxWjB4dr5wzh3kF9zoui', 187078), ('3QhkyVpZWetUa3JzTE5HZiz2sQXyjCNpqB', 254998), ('3KLo2hdh2UrepbfrrwqVfNe8v9WDycNSAM', 136451), ('39nHKqSoyYbhVybDLnvADKdic3Wm56QgJz', 120335), ('3LZ8L8mjSgXznFeviLNpenXXqCPngZu3p7', 551251), ('3Q1DjFL6XkjfumHvd7vrG6yhMvNdD9akf8', 130079), ('35SciEnRAKVAAtskjm2oYR5nCADWm8AQHg', 104848), ('3ARtWmaXWZr3XYNwtZjJpoBMEfVaVW4e7y', 109209), ('3NMLpQQv6FWF9Xnh2fqv2LfTcz9tFAy3Yv', 504095)]","[('3Jx1ThGhh5P9vL5XkMw1NauH2YEDSZo4Wd', 7501659)]"
77,d7a97e28c5057ea103635dd0b347b31b6447a309a20f6c884502c32229960785,2021-10-13 17:45:27,"[('3AC9f5DuDhNJWpG7isPPEswFW6tWCsrH7S', 136980), ('3Dt3fSnApgmQgYmq6vgNyvkN8HogneStNL', 144378), ('38WDpLiuqxEFeBpLhph5pDckVzvsC8bxms', 168012), ('3CjDp7b31n3NkAJ2pj9nnCxFYgj8UogDLQ', 26432), ('3A6bGnacLz94LXXn6Rd5K5HRvNbjeALjy9', 133817), ('3EyuTCsAsjBf9CwZ1vj97xBU3yanDWnAir', 89594), ('32Xsd91FUm1bLcRwrJV6DLdG7SDArKFnHZ', 10986), ('32Xsd91FUm1bLcRwrJV6DLdG7SDArKFnHZ', 11661), ('3LqB267BqQJTpBD4tRbsxc7QnwCb1FKv3N', 7657), ('3LqB267BqQJTpBD4tRbsxc7QnwCb1FKv3N', 7732), ('3Mbjr5BZpXHvtTvR9baVVw54Gz8SJUYEdB', 57172), ('38wCnzbvmhibh8cwrSh9wbs8Nss8Z6PthY', 137426), ('3CfvKQCv4r4pM8M11KNRXbobgtX4mFttXG', 18052), ('3CfvKQCv4r4pM8M11KNRXbobgtX4mFttXG', 18117), ('3DADU93E6DKAjJtkg1B1LGunAjG2m4JWTk', 124378), ('3M5mRBMpVFBUPh1CnfKaieJpkq9pThEDw5', 124643), ('3DT9u4qpe4sdngS6ZmDnTmYFn5iJrJdfZ3', 13071), ('3DT9u4qpe4sdngS6ZmDnTmYFn5iJrJdfZ3', 14396), ('3G7C9eaNLUtiUDwwstnHMW1CC4fRViU2Q3', 263451), ('3EP79uGKnohdfYQQUpCmYHFbA3f7CcvKT3', 308714), ('3Ns3x3uXVsTTDGLno9rzPdPdJD3j6voLx7', 200040), ('3ARrcsgMJ9fGDjoZdL9yP18zEnRcdbeJev', 263106), ('391nscRprKnFaoWHqgMoMmy96DrAnXgn2Q', 142252), ('3AQd1PdsDtYuRbinbVeR1YFCUPMPBzYCn5', 15941), ('3AQd1PdsDtYuRbinbVeR1YFCUPMPBzYCn5', 16538), ('3QNyQxu57xHieFbWnKiZw665AVqq8xRKer', 3950), ('3QNyQxu57xHieFbWnKiZw665AVqq8xRKer', 5622), ('3QNyQxu57xHieFbWnKiZw665AVqq8xRKer', 6348), ('34itymapFixMiA9tWjnCWxiuy9SkMbvnzZ', 72253), ('34itymapFixMiA9tWjnCWxiuy9SkMbvnzZ', 72735), ('3BKafXGXJ6z9uDxSn8r7VpgoaHU2Kh5fRt', 110891), ('3Axh3t8CF9q7EZgp7BoLqC13qtZRNkXtth', 1276), ('3Axh3t8CF9q7EZgp7BoLqC13qtZRNkXtth', 1794), ('3Axh3t8CF9q7EZgp7BoLqC13qtZRNkXtth', 5393), ('3Axh3t8CF9q7EZgp7BoLqC13qtZRNkXtth', 5477), ('3N86ckxAKfkRdJzH1e9UnHLJr3zqU98jPZ', 151670), ('32dpQKYSMYZTEdAHGBk4jEYP6P7i6uDXPv', 22979), ('3Jw7BcuV9iNpXK6LarAed9iiGEcutjFfsh', 25913), ('3Jw7BcuV9iNpXK6LarAed9iiGEcutjFfsh', 26996), ('35ucVvqRExumsaMHhFT8jQFZNb7FAhs15r', 44647), ('328n68qHE4u2zUqRuVvDzbQBNqWQfcyvDK', 4861), ('328n68qHE4u2zUqRuVvDzbQBNqWQfcyvDK', 7798), ('328n68qHE4u2zUqRuVvDzbQBNqWQfcyvDK', 7834), ('3KVHV3NExDhukzaaxb4Rf1MiUgNxWczGhC', 170800), ('3E3F5rcQCsQiNwqNbT7dS6sSp95bgxzwAr', 9227), ('3E3F5rcQCsQiNwqNbT7dS6sSp95bgxzwAr', 21246), ('3CH62zgozG8VXkiUZZcqmwDuaaAPXXrMHV', 9477), ('3CH62zgozG8VXkiUZZcqmwDuaaAPXXrMHV', 28168), ('3PHhFRAgARU3tdFdAwoFT9hjv89qbKAo1M', 13539), ('3PHhFRAgARU3tdFdAwoFT9hjv89qbKAo1M', 15953), ('3PogYqk1pYc1AwW4ddSoWDvMUsEbKChZmM', 41962), ('3PogYqk1pYc1AwW4ddSoWDvMUsEbKChZmM', 49462), ('38HW8DCB6iENQnXtgrDWV1Mzbfq2wm5NMi', 109564), ('3PQaQcRLrmmKLEZonbYRKaHDRkhxUyz2uU', 102413), ('3DKR5XiNwCVsJ6oFFLwe5DNfzhPnusnadY', 117387), ('3CkSjoWvrpwWkWkxg6Qi5W9gwZ73rnHE1K', 64505), ('3ChyVsYtnvFAd6aPynMicZF6amD5AL1Tt1', 359794), ('3ChyVsYtnvFAd6aPynMicZF6amD5AL1Tt1', 1081673), ('3Hskz3BTgccKfPb1KgxkCor9yEAdPVbBkJ', 12452), ('3Hskz3BTgccKfPb1KgxkCor9yEAdPVbBkJ', 13111), ('3PTkdqS2PhEr6wvkYFPSBTiAsL9Hc8GjC7', 50000), ('3PTkdqS2PhEr6wvkYFPSBTiAsL9Hc8GjC7', 60000), ('3PTkdqS2PhEr6wvkYFPSBTiAsL9Hc8GjC7', 150000), ('34jmeinWGLHUnWgyEBJGhNXjX6yHkjRCcJ', 84272), ('3QNz5qz2MH1kxbLVTwutZ3acmmoD9pGNFc', 22963), ('3Gpz4k5yg5r4ZjYzZ1oEj2r8bixVA2V3cT', 143249), ('39Pejo2FegcsfyUNkY6YmVEMjVec7oWYQJ', 184965)]","[('3Jx1ThGhh5P9vL5XkMw1NauH2YEDSZo4Wd', 5939138)]"
78,e49621685aced976742f3dc5947d4063dedd0e44129f4b666931caea33de0c53,2021-10-25 06:59:38,"[('3DfaPdD8txy6CLr46XnqwVB9PBPkAkLfLn', 187038), ('3HVnJ57mvupdtkA9xPFdhCUPLvndKFSsZW', 130697), ('3QwoNgDPTmxvaLzFUuKc9UUafFEvv2J1Rm', 114163), ('3HKpwTqyNEDu2iq6HViwMwn4cWSs8tsFZf', 107664), ('35uGyT7CQZxadR6kuiDhkZkjHkf4wanFC5', 111468), ('34WvcDgCjUABwbkTA9iCNrWqrQfq62s8ww', 149875), ('3J4J7uYK84kic2zowZxxzTfzysBxczD3mY', 102272), ('3PbdBmjzrk2nnxrdz7YrB4xWdF22psMySZ', 142476), ('34ds2NY4SsnvZxkAtj9mZdfgkJq6jr3WNV', 180392), ('3DS4bQNMrrWv9Lq1YamY5oDgGeV5vPxNbM', 111060), ('3PodFrWZp41GSwGAcuC5eXcH1Jncpm2wV2', 119358), ('35FfLm3BBqnZrCfnLVn66nUbXXShukAavx', 173052), ('3PEEm8fhzFdKFJBtyjmaEb66iYR4aGHE9s', 214049), ('3BAo32EzN7QttDivkLFrBJBi8h3vPp5cb7', 209288), ('32F4UESXzQLSCVTMbRh9x1xF7Gd7ykcHMg', 895631), ('39Pejo2FegcsfyUNkY6YmVEMjVec7oWYQJ', 183137), ('3AvMFKeFUMmHF46nfxEitRyPb87LJ1xeoZ', 115316), ('3GK55rzZKnmFJcnbeR5PDwqfkt3ziKUMAc', 112119), ('364SuMFubnmCXuuP23Ub4867PxVapnYYgi', 131506), ('3LXdGjJ4fyFx3Erhcpz4P6Nkv12qUygPTk', 110995), ('3NBypssr6s3hFA3FmqQXfE8m2h8wdWAgXd', 102945), ('33BR1JcgfhuQ3HxaZ3HEL843CRCYCmKSWG', 131301), ('3QbG8rReZj8HfSpY9uuUEv1SDiyf9Awyc4', 102292), ('3CCaNdcPbV8YGRd2NfZZMipmx4VztjpWnW', 219740), ('3QfT6iHkpNgRsrhGivVoBY1sQKjXSnjmiy', 168231), ('3LzFdNiaQqUFnEmtSsdWmNmXn5b8fm9aGU', 103057), ('32psV4vEZqUzjYZj31Adoa1ecRsLkJuaJE', 111274), ('3QY9S3QgogZYad1JAkqLy6eHkKnSFSiUKW', 134811), ('39xi7PuA43oV1AvLrGs8qgeQe9dL5fQexK', 118636), ('32tkoqdHoZL8vmFv7LqLXQZLDvQ1HhPqUW', 112529), ('31iHZvcdSiHbGpzkaQgTJ2pNjUU9xB9VRj', 111107), ('3PDHssa6nNcrztsq4RhDGSq2Y2KEpB38NA', 230599), ('3PBxV6iSXw6E7E4XwM2B2ieNtTW3jP8id2', 196773), ('3HQFte8no6b1zLh6y5bxCcUNvnZrr4NS9z', 100499), ('33HJjjrs3zjmr9FeBsRshVxTjdSi2qnS99', 126409), ('3A7dxpZmFeh8m1N5i7ZyP7S1UQV5cCC5Vk', 116413), ('3Jq6yg7ZoZyhb1Sc4wKJQVxGuBseyZnbap', 153886), ('3Dr5iBUeKaGLBr1pmcnDmuJoKBtAwMX94E', 143430), ('3E3cHmaBspJHiu71edLsr8mReHwt1CkKWe', 324423), ('36ohr48LVGxLihjpR5SdBpdh5Xhc8wzi9B', 162383), ('3Ch8UH46qTbwjcHagLsLAhif33c864Qh6m', 797005)]","[('3JSdUu1ivm3rqMvuCTAdAj6Dc2hdVhHiEe', 4746971), ('3Jx1ThGhh5P9vL5XkMw1NauH2YEDSZo4Wd', 2616141)]"
79,9feee0571593cc7e74640eda30fae511843d55614809cfb56825841c55c676a9,2021-10-24 07:32:32,"[('3P7rzf4TFnnfXbPN2s9M1vBeEN9LrdWC35', 125910), ('3PUZY7EAxaktqUPc1mJMt9tMjgKMze7RG3', 134680), ('35VTAgqvMSrHdTR4gY1X31DiC8h3socGmx', 319377), ('3Arv8LpBGM1myXRkJE9CVQpueQdQnNRioo', 204878), ('3MooKuPXoYYNyeB3bnNTDetXWfE9bA5Koy', 256227), ('3DqLuVvjYkddQuyD5QdDTY73bwwpqgqtnf', 174233), ('3LEmbmDosjbAXcVGgCgseuv1oeZys6vA7S', 1019), ('3LEmbmDosjbAXcVGgCgseuv1oeZys6vA7S', 103577), ('3MJEHRSGubebz9SmU2ncApucxJJDoqEMXS', 101904), ('3BUgj1mTdzDmuTKPFj8rCBcJHLcwHRXq7L', 135456), ('3MX6BL86PjkSUyWobvEky6iEQgYa1FmBcM', 175010), ('3HkguZ7KTbvqJiWwkrdf2WdyNFNgHTGoNm', 115574), ('3ABFYXfUt6a7NNK7eMQmGW9qUh3gsSEcRA', 114844), ('3QPAj7i6rDnTQ17k41Lb1c8XsS1cMCBsx7', 116404), ('39BsPkMro46pzi3YRp3nfaXtLhsZqj1dWS', 104109), ('3BKmJHY3ywBEkxLCY6Qggh53fVqEndhC4Y', 102157), ('31njpQ3b4h7nKScoN3AxkeoJouAX9L3fPv', 137731), ('3LBfHkewN6FhCM9JykqdamJf7rPmgEqxZb', 108517), ('38eoFX1XGSGZJGHEjBQudS5CRY7Mx8sUDQ', 144630), ('3BeuZuKtLc3GLDbYF7dFBSqLs2c1NJ8an6', 199870), ('3H3t4YXF4GWK5WCPaatJ13jd369bNS5qqP', 103698), ('3KB44JATc4MkENaZy1Lx7dsKrPtPFmNebq', 127288), ('3PL3nfSd7SvzdtE5bM3bfjFFZUyYQ4oMeY', 157331), ('37ocMjv3PbFkkD4iH5vQok6cjMgUTrFCYf', 185230), ('3QN7x5vNWdBsCMZeLTMJcL1sdEcbp4T7wD', 110434), ('3Cy9NrdzsaThwYoCELDjZcNwKSfLfrnQSA', 109339), ('34nbGvLd79ngyGAJYgrGL9Cs2StX7BwcQH', 102210), ('3JRx9nD6F96CLud9VoQxipmc2NavfpF98J', 1996000), ('3AXgYLHVndFNUHU67Zuf3ooUyMYXC6SL4n', 211359), ('39Pejo2FegcsfyUNkY6YmVEMjVec7oWYQJ', 182022), ('3GiCuTrnrCar62YZ8AMJP8aax71jxtrWZA', 531900), ('3FKfx9suxHh5p6uu2pCqo4xfTAZUzx2J7p', 113545), ('3ER6KCUJX7xow8KGzTvFg1b1QFArCMf42c', 110498), ('3NvxAiPrGLd4oLycUsa4mj7TBvvT5DeEMb', 304214), ('3MKgq6qLrKVPzR7WsABAbJWtLbnnvct3Sf', 124488), ('33sNdxWfTougr6UhoMzvb2YMQess5wA3in', 125590)]","[('3JSdUu1ivm3rqMvuCTAdAj6Dc2hdVhHiEe', 4294026), ('3Jx1ThGhh5P9vL5XkMw1NauH2YEDSZo4Wd', 3171785)]"
80,b9ffdf2ace6a03a1a668e727ce1c7cff388c5291c7964e4b54b0afa45cef0803,2021-10-23 03:55:39,"[('3LhzMf4T6vhLE8h6cvaHsrZEUhggXQ9GDe', 326429), ('3KX4rVRCmZbS7pzCLho1YNMALJGTxwahNi', 76301), ('3JRgbnrxFn3D8kdjJbAASLvV1DJXof9pSV', 101580), ('3HAv6mGTSoEUeAhSQTTGYQq8Com78bcQW7', 1294328), ('3EYXdTAsyCaxtNzv43c2FhmMzXerrZmDm7', 162049), ('3CW3Jhd5BjkMvZ1Gkj5sHsFJK9YaBb1RBb', 105272), ('3B8JbhYfSWMRbiquXL49Riru2eMvEdV64a', 48033), ('3EScBYwuHZqrRZc1Q5bu4VGGEUjGaZX7ms', 1143), ('3EScBYwuHZqrRZc1Q5bu4VGGEUjGaZX7ms', 109157), ('39vnCJ96RZUZ87dToLbkLpqZF6egDsNVi3', 116736), ('3Lf2MgGnmRBNCrAJkJyyQRNNci6i7WLZbo', 116232), ('3CgGChbny4U5vtMSAQNi3FyK72jYsGCg23', 671659), ('3BH5QBvR195B8b86aM12rztX8GnwCcTUY1', 178955), ('3BH5QBvR195B8b86aM12rztX8GnwCcTUY1', 182726), ('3BH5QBvR195B8b86aM12rztX8GnwCcTUY1', 187215), ('33C6ETtgH7F3wPa1LRmWoTKj6cXwKPsp1M', 29162), ('37XaR4jePqDb2kzxWjB4dr5wzh3kF9zoui', 143634), ('3NQWJZho4HvqRSuckagTX5aPK3TFDpDp14', 103142), ('3LPUE8Gu3RfD3n2m4wKjeJ47y1mCSftvaZ', 149454), ('3Mmwk8CDwKn6DBEvghwfHSEv8H8Rsxdxrv', 148509), ('39RY6nozETQ9ZbVJvJXFqzCCPtMoNbMMBT', 102226), ('36Nz2Td6FkazJReApot4CPcSqQHg7Ay2ES', 15250), ('33N6Y4f2Z1DR3syTUeGcsPWVKBWkBoergd', 85993), ('35NcakEKvQ3Z9w7qEAW4PE5ir1gj9AiAP8', 44300), ('39WtLQhkQVzMG7yycBB53m6GjaBb8xFoCk', 743852), ('3AXDLKuiBChF4trfWrfLjwLLLdY5dNuLLh', 506159), ('33ogTGVGhVKYPocm4bK82Xi54hwXpNa42v', 17437), ('3Ez1FqRzwzgpiqpHNViuoDGeguKRSLWKsC', 33658), ('33juiFDpYDA6pG75i9qar9hzt7ZHNm4FiD', 102673), ('3R13JAukma62CbCwmhfvQUC4FP6zNaNB1n', 174490), ('3R13JAukma62CbCwmhfvQUC4FP6zNaNB1n', 183199), ('3R13JAukma62CbCwmhfvQUC4FP6zNaNB1n', 184184), ('3DiD7zJ6F2GkaB9bJvPaFjkmrPDbo7dNaF', 130467), ('3Lk19WgXR3P4PSLt8YdUCARki2AToGwTuf', 27961), ('3Lk19WgXR3P4PSLt8YdUCARki2AToGwTuf', 28291), ('3JayXeXYAxuWFi9QepWJEFva8Lb24uTDff', 153304), ('36JU9gZCHu8ugEm5tzQBYsScW6zAWGAzDP', 116647), ('3FBgFCzbxAJfNABKVJe5UQNBKhXdVQeHcr', 134432), ('3G9tpp2DVqauVEieNPaJKhZQKeJBfTxCRr', 32409), ('3Ktqg2SMio6G5BwzBAQ7ZNryEDcDfZJtSi', 23844), ('39Pejo2FegcsfyUNkY6YmVEMjVec7oWYQJ', 180939), ('3K1jYJHhDaLvaWQVR8JruWR3dVQSzvumW2', 59164), ('3K1jYJHhDaLvaWQVR8JruWR3dVQSzvumW2', 59702), ('3K1jYJHhDaLvaWQVR8JruWR3dVQSzvumW2', 59781)]","[('3JSdUu1ivm3rqMvuCTAdAj6Dc2hdVhHiEe', 2539588), ('3Jx1ThGhh5P9vL5XkMw1NauH2YEDSZo4Wd', 4905856)]"
81,c6e52b802377bed83d48253a47e96e780ed9cc7b3b66e6acc77638a1bd4ccdca,2021-10-22 04:28:29,"[('3EisETLh7kYgxmnuVLSZxqn9dZoaemiiro', 12427), ('3EisETLh7kYgxmnuVLSZxqn9dZoaemiiro', 14212), ('352yhmmUjRT8jbWhsyRawZAv3WfS5hXFR4', 30033), ('33JdH4SAyXX1pHFcs682wxeEnmeWTzGGSA', 270000), ('36DKK2DW2Z5jXgFpezLs67SEx2R6g4yXaU', 134020), ('3FNJqBfm5ksvthT2Hb3WuCUxkNDtjH8F63', 148374), ('36sZqSJuJUjN134Efiv5eUcoxWPcsMpTgf', 377041), ('36sZqSJuJUjN134Efiv5eUcoxWPcsMpTgf', 378083), ('3BhJw1gAHoS28t68mHjmhKyugeJZESEVuX', 166865), ('3BhJw1gAHoS28t68mHjmhKyugeJZESEVuX', 175893), ('323FNGhCTWeGkGY7Cj4o5tCwUxGKC21PS3', 19808), ('3H3Ptz6E45kbWhtzPVZd44gPNKr6sUWa9f', 20673), ('3H3Ptz6E45kbWhtzPVZd44gPNKr6sUWa9f', 28613), ('35VTAgqvMSrHdTR4gY1X31DiC8h3socGmx', 253058), ('35VTAgqvMSrHdTR4gY1X31DiC8h3socGmx', 310458), ('3E5hLq9NwxiC2wWpVb7kJPuzrBF4YwRQ8D', 523570), ('3E5hLq9NwxiC2wWpVb7kJPuzrBF4YwRQ8D', 534155), ('3318BVyhhhuwJBRMidsYkKfsn7CgDS4GHP', 537969), ('385eRcL4uddx61VgWG3jn9TMBZPYeMCd99', 67300), ('385eRcL4uddx61VgWG3jn9TMBZPYeMCd99', 87000), ('385eRcL4uddx61VgWG3jn9TMBZPYeMCd99', 101200), ('3AjZH2DUvf2MyD3TwJ1G4t9FZWGQD1zfQb', 15813), ('3LqNkWGekvUwByMnN9qPswUN4oXVp2vFhs', 100797), ('3Dr2JGEQzrgQLHLKScyd7xSvedxgQXq1Eb', 414235), ('34Y4b4pUBgKdfmywrs7jDUaNoVgGxCdobR', 83372), ('34Y4b4pUBgKdfmywrs7jDUaNoVgGxCdobR', 88002), ('32qFHwHzARCqorTnxLCzxQYBTEWtqL4Kdc', 374700), ('3E34UYNwWH6tGqiudsUfVfqERax3cw7cBz', 124786), ('3JusXNrYuPWvmDLfb6WZbrmrhK6MPSt9jJ', 131064), ('3JusXNrYuPWvmDLfb6WZbrmrhK6MPSt9jJ', 135741), ('3CjmK8G5NHcWSMt2CX9LuL4YqYPjUGdBEQ', 326909), ('36SyLDWaeb3E372LEsaAgB7NQJCdHrmBpG', 175571), ('3KU7PsAN8JXUbWYjTNCEfQcJGpD19YZh9J', 149391), ('3ApfgFujXAkRdRzJaDnv4EtrwHu2q1bVew', 16031), ('3HzJ7Lsbbc3q8G8iUkrm2aYJVo8RKqqcWT', 101260), ('3MSVpJpzTBgyDFsKpeiVo1LgSDJ4EXdUbc', 105470), ('3Hms8CgHzcPsZ7LepfAV9UhY1cmgFRzJ9p', 22142), ('3Hms8CgHzcPsZ7LepfAV9UhY1cmgFRzJ9p', 23970), ('3A6C5hY4M6Wt51Y6dCFXqrpVb3182nSEkk', 140085), ('3MrPz5TDGDx5rPXAndmmv4BEGRmLXJQhYz', 6008), ('3MrPz5TDGDx5rPXAndmmv4BEGRmLXJQhYz', 6120), ('3MrPz5TDGDx5rPXAndmmv4BEGRmLXJQhYz', 6238), ('37uEzNoZhF6so5VY7tgPZdSv9X9jGohncB', 4276), ('37uEzNoZhF6so5VY7tgPZdSv9X9jGohncB', 11131), ('3GHUyEUE69FsSXrCuWucYbtENXv99Hma1o', 158653), ('39gQEJYuAS3tUYcQsdEQGBqHDXrbb7TvZb', 115400), ('3Do195rTu1EPxAHkF66mV1ESNCaBEYaBoh', 104992), ('3HiXfVuMrbVu8cTM2hna84ozrMqYmU9dHF', 17965), ('39Pejo2FegcsfyUNkY6YmVEMjVec7oWYQJ', 185555), ('34aGYFXVwghup9SPKBA8WVkeEX9YCEjaDk', 115070), ('3CRxwDrFHmNZgXEzUo8aQJ1bDyfYht94VH', 100000), ('3Jx1ThGhh5P9vL5XkMw1NauH2YEDSZo4Wd', 305028), ('3Jx1ThGhh5P9vL5XkMw1NauH2YEDSZo4Wd', 312453), ('3Jx1ThGhh5P9vL5XkMw1NauH2YEDSZo4Wd', 314994), ('3Jx1ThGhh5P9vL5XkMw1NauH2YEDSZo4Wd', 315103), ('3Jx1ThGhh5P9vL5XkMw1NauH2YEDSZo4Wd', 315151)]","[('3JSdUu1ivm3rqMvuCTAdAj6Dc2hdVhHiEe', 3813171), ('3Jx1ThGhh5P9vL5XkMw1NauH2YEDSZo4Wd', 3729872), ('3Jx1ThGhh5P9vL5XkMw1NauH2YEDSZo4Wd', 1562729)]"
82,ed9c9bb8e1abd641ed26e76ff8fb426394593e9cbbacc7007ee2a994e77817c5,2021-10-21 08:28:57,"[('3MTkVvfV9duhyZ243CMu5LH6J89PZvvkgj', 21488), ('3EGK4FVoJmq8A5khSY5kB5Xy5HA2ritLvs', 80390), ('35GCveSbMGfmx5frDeUKs9MwFr6QjfZ6du', 104946), ('32aYseRZZADDgcygnpnqEuyJuJZAzQ4coa', 6165811), ('39Pejo2FegcsfyUNkY6YmVEMjVec7oWYQJ', 188449), ('3BYH8FEUHq9N87VincT6GBTzf3Q4nYvJjQ', 569516), ('3PHECtKQNWKTE2qMEL2f2HnBkfbFpD4xYc', 1645), ('3PHECtKQNWKTE2qMEL2f2HnBkfbFpD4xYc', 1734), ('3PHECtKQNWKTE2qMEL2f2HnBkfbFpD4xYc', 1821), ('3PHECtKQNWKTE2qMEL2f2HnBkfbFpD4xYc', 2426), ('3PHECtKQNWKTE2qMEL2f2HnBkfbFpD4xYc', 2431), ('3PHECtKQNWKTE2qMEL2f2HnBkfbFpD4xYc', 2614), ('3PHECtKQNWKTE2qMEL2f2HnBkfbFpD4xYc', 3126), ('375Y8ySA1YaZZg2vfDRoxRbZ8uPw7M4YM4', 21192), ('3EY3Gqy2fMDzMRtFeUMyWcacuyR2Mk7WZE', 138963), ('3QWvPaEKc6tnKc6xwQHjAjGaaSVQQSbRNC', 112065), ('3GiGoRS6YshspTL5FcHgMy91be8D8KUFFo', 17443), ('3LBy5AnDSp586cdXxRAvDnFrtb3R4HQ8MF', 34196), ('38zvGqDMKdAxA1eRH967Zv9fh5sNUjGYaJ', 12516), ('38zvGqDMKdAxA1eRH967Zv9fh5sNUjGYaJ', 13410), ('3DfYA3UTTYjZvajQ6owCAeJWrFHduk6NFd', 44053), ('3HLZVkEMMQdvcCepxuteHC9NxNWcKviXTr', 2412), ('3HLZVkEMMQdvcCepxuteHC9NxNWcKviXTr', 12754), ('3JSdUu1ivm3rqMvuCTAdAj6Dc2hdVhHiEe', 300000), ('3JSdUu1ivm3rqMvuCTAdAj6Dc2hdVhHiEe', 300000), ('3JSdUu1ivm3rqMvuCTAdAj6Dc2hdVhHiEe', 300000), ('3JSdUu1ivm3rqMvuCTAdAj6Dc2hdVhHiEe', 300000), ('3JSdUu1ivm3rqMvuCTAdAj6Dc2hdVhHiEe', 300000)]","[('3JSdUu1ivm3rqMvuCTAdAj6Dc2hdVhHiEe', 6712910), ('3Jx1ThGhh5P9vL5XkMw1NauH2YEDSZo4Wd', 838207), ('3JSdUu1ivm3rqMvuCTAdAj6Dc2hdVhHiEe', 1500000)]"
83,b4da3cb0793a0a4b4d2537dcf674450fab79c254c5700d3f34445e273d1b8669,2021-10-20 03:47:48,"[('3Mi11GZ6h3SPb64TjfNcryafV4NnNSQvM2', 126288), ('39Pejo2FegcsfyUNkY6YmVEMjVec7oWYQJ', 185017), ('33Jz24kfsRyoXpBRozE2gdutBBuqxaZpzL', 1154573), ('3M9fci7UurSi4BqoXUnLwXuGykkpF41Ymj', 305766), ('38arRD9aka1ddQozfDcauCxamAYZBdo3Gc', 127864), ('3NadLftQgchixjNsgbvYqSkxwDzVzEXpVi', 171643), ('3QpxHUUmxSseNJjk2jxLxaw15oucrrNKTQ', 151705), ('3NTSa2vfTDhsQ3NAQUH96dFRX1AeVRPE6A', 139206), ('3DuGrc7y94dvKKKub88icZaGS577iP8Zz6', 116092), ('31pv8YMCrd4yMck5to6T4XMKGmUW8Y5Aph', 117666), ('3PGMi8xEsVRoA6bHsVXGu6uNC32bxC8DyJ', 103959), ('3QWvPaEKc6tnKc6xwQHjAjGaaSVQQSbRNC', 106963), ('38CAo8QA3neXL4FG7PY4VVGhRv8tKrfeDe', 186749), ('3F8FKGGUrrbq8SzJrnY8mKqsWzefA2ZSyE', 200741), ('38zWgo39mDgwQ1LaZmroX5Ax5zWmaubzhE', 163724), ('3BvAPUHnKckn2dJ7SqAeVDYaiTeSqUHGoY', 100647), ('3Nczm31iQzZgLd2s6AZg2EN3JWJpYzrpZR', 426623), ('3GycBFPU1ok59B1CcLy5QaATMN3RiR5b5k', 121159), ('3KgMsHntzpYmdC8LF6YXrvJqGwuz5rxDuW', 106652), ('3JM3RcCwMHAomxuVChph8s2aVyN6oRp4GA', 148890), ('3M6kjHSn4TcDN19jzHTKKugv61dCNv2EgN', 163591), ('3F1U5nQbVu7t3XXvRuvc7NLcJrp2Nxabxk', 391838), ('3EpXf18SLjhvPX9Xpx8NrGfWB3ee7jwdFv', 130701), ('34XCAdFzN4AE7azRBMGjqQL6VjHm7jhx1f', 141650), ('3CyK2r4xpH2hA75eCWH7LyX8bi7B8Bzgsh', 122510), ('3BAo32EzN7QttDivkLFrBJBi8h3vPp5cb7', 201997), ('3JuYUqkHZDbtrvAv2gpxcufSmerLAJK3tY', 154231), ('3EN8wjQfCziqWDUPhDaMKhdVWrHhYGe36u', 104676), ('36KChP98CehEGTJpFmvAzkMgWM31CSfGn3', 124055), ('3CZcT4LuV5cdUxPkVU1wD8GZk25s9RHj3F', 183713), ('3MHwaCQcbrXnz6ReRMa5KSZvv4BraN4rqe', 118043), ('38vDhw2goSSpBDzs8owP7Ti6fCqWf3Vtg9', 239673), ('3QZJp2rB6qECsR3cvPrNQm4tin714n1V7j', 152221), ('3N7GLjHgWJtABWisUHxCWbGpHSaMFZQBQV', 103960), ('3Cs9ACUmEVzritdwKg1HLuhw9ZLdN8hsyX', 106566), ('3FgUQdYPP2EGHA4Q5zQHnuSjx7WxyiXpTn', 102664), ('3Cy9NrdzsaThwYoCELDjZcNwKSfLfrnQSA', 106572), ('3Lec3qjYEr8dnQLBsVGzohkwbRxC2ybwxN', 153109), ('3Ct6zRnZiFXgnkkkeLULKKEHpaLhAq5giv', 135010), ('3GEebWNtsz75XcNy1u4bgTtMkTZeW1YXVw', 236894), ('3Arv8LpBGM1myXRkJE9CVQpueQdQnNRioo', 110189), ('3Jx1ThGhh5P9vL5XkMw1NauH2YEDSZo4Wd', 364478), ('3Jx1ThGhh5P9vL5XkMw1NauH2YEDSZo4Wd', 368864), ('3Jx1ThGhh5P9vL5XkMw1NauH2YEDSZo4Wd', 429547), ('3Jx1ThGhh5P9vL5XkMw1NauH2YEDSZo4Wd', 513191), ('3Jx1ThGhh5P9vL5XkMw1NauH2YEDSZo4Wd', 808400)]","[('3Jx1ThGhh5P9vL5XkMw1NauH2YEDSZo4Wd', 7538858), ('3Jx1ThGhh5P9vL5XkMw1NauH2YEDSZo4Wd', 2484480)]"
84,0822167594e334337422c4588d61d82c19bd39a74a352cfe52a056d450765800,2021-10-19 11:37:47,"[('3J5kPpteVY75M8KdLABZqNPEdjtqsR5pZT', 71400), ('3NdrSMAbsgbXHCHaXKvD8i6rzj4cLLCPHD', 113108), ('3KB44JATc4MkENaZy1Lx7dsKrPtPFmNebq', 124274), ('3Ljs5X2LqRMdD2zpBRSJp6pqst2icyXzvs', 14100), ('3Ljs5X2LqRMdD2zpBRSJp6pqst2icyXzvs', 17500), ('3CpNuE6AcKXDU9GnEeKxkygU8H4gLNyjk3', 112317), ('32a2rsqoNv1uTThNg42BuX2iZrXSFw9eaZ', 92445), ('34sUV8TicokyX9BmhN7cohbtsGBwoKDKB8', 116764), ('3BAH3x692pdoSrsYXo37WihcehXmJyZ3b5', 164149), ('39NccZ5fvvkcgoVGfemJK5tYEYTEuznsNv', 138683), ('39Pejo2FegcsfyUNkY6YmVEMjVec7oWYQJ', 188185), ('3BCVp6Bb8JFqWD5Y9MjqvfJJaPW3ZYc9rd', 38519), ('37vQcyaqgFP2x44MUKpTD8LbqXAmcU6E5B', 105702), ('34FjPpMXKBmB2KTFGCfzR86f94LqEAW2vf', 100597), ('3KYiHAB3prbvRdCL31NS9azMtiaV3pD3Sb', 32943), ('37fe1PvPy6ZycZMANXCPYM6wuTJCdo9UEG', 140589), ('38dL61AaDSnGxGVRs1A6ZB4UxbQLoXaxii', 113942), ('3PX9HyoqhnctV2svhLcw8zoY9WH9ykqoJQ', 155917), ('3Qxab2FyT1o3Ug1oHbpXdSUfU6BAzpa4UG', 155195), ('3L4wrfwHyPDkZp7GgF5stmJfaYM8SEC45n', 166300), ('3GTKhhrRTVSnRY2xV1zi4oFR7g9zEGqfZf', 313429), ('3FaqpmqCQb4tjHdt6aVNd6C4nKtySfc1SG', 100048), ('3PhYcnvLEbHug6W1sECKwQZVqSFUBn4FW1', 5255), ('3PhYcnvLEbHug6W1sECKwQZVqSFUBn4FW1', 5778), ('3PhYcnvLEbHug6W1sECKwQZVqSFUBn4FW1', 5792), ('33LDhGMchPyor7vLC7a18mEpwbeJ6b6hnx', 146761), ('3FymQcP8w6PBd2L8ETmzmSJCdMtLGhPNxa', 203182), ('3H4osyAE6TEngWFBhkfNws4TEYkdGq5LCQ', 583279), ('3QmhPBB84UhWWhgq82Cov41LMqzYvfSHzz', 123023), ('3J3LoKVBTJfdC5SpcGv6NcLiEPCXsBM5oj', 19803), ('3MXy2vB8QTo2nPsFLcZQjprxzHgAhsxib4', 121919), ('39yXUcaFAHAeXAPwF9M5hFpg39qcXkP5XC', 14500), ('39yXUcaFAHAeXAPwF9M5hFpg39qcXkP5XC', 14500), ('39yXUcaFAHAeXAPwF9M5hFpg39qcXkP5XC', 24100), ('39yXUcaFAHAeXAPwF9M5hFpg39qcXkP5XC', 27300), ('39yXUcaFAHAeXAPwF9M5hFpg39qcXkP5XC', 48000), ('39yXUcaFAHAeXAPwF9M5hFpg39qcXkP5XC', 52500), ('39yXUcaFAHAeXAPwF9M5hFpg39qcXkP5XC', 88513), ('33V4BJ6PuwtZbWniEtmWAqdpBfUCsapz3i', 68476), ('3FSCuiEP5eQw8PEPba4wn5TwqsuHBpUVHq', 110033), ('3E7iN6BEoAQcCyZk3iMjemF5WidbWA1cFk', 188104), ('3P8HFWde52ScGk7e4mnEJPYLfvVLzLB5ZX', 78242), ('3P42D9ukEMdDRprrrhFPyLqggjxhAfmwH6', 89107), ('38jjHscvBfav7NxQRGpiF4wrpzwu2DExVY', 195731), ('3PbdBmjzrk2nnxrdz7YrB4xWdF22psMySZ', 135630), ('3PbdBmjzrk2nnxrdz7YrB4xWdF22psMySZ', 137092), ('3Lg7765Fd5DL8Uf6vNayYZPaSbjLRejdHf', 12872), ('3Lg7765Fd5DL8Uf6vNayYZPaSbjLRejdHf', 27659), ('3AjyFapy63QsVhhV5JNcMVCchwt758voMG', 60495), ('39QjTNZhAJ8q4o9tDvm3jzSJDDqYhVYVg9', 134019), ('3Ng2Dn3zUdgXbaM7ipc7B3EvtdEXy1SYKF', 39058), ('3PuTEzfVfLrcv7DkCbyUAkshZifZi3atFo', 17930), ('3QdUXDVuGT6fRHdtangpHhgd8J3HskbwmS', 101466), ('3QdUXDVuGT6fRHdtangpHhgd8J3HskbwmS', 102645), ('3GKLun3zx5F6QLsQxUrP7HtdpXCXwguw1S', 16046), ('3M3wMjC9uLGFZoxm4pNo9SAVGz28CptqBb', 251442), ('3FBgFCzbxAJfNABKVJe5UQNBKhXdVQeHcr', 118702)]","[('3Jx1ThGhh5P9vL5XkMw1NauH2YEDSZo4Wd', 5936523)]"
85,d7a812aa7fbb8d82d3efc2390dee6c8d15f1d657375d1b03734e236e386531e7,2021-10-18 06:30:21,"[('3J4J7uYK84kic2zowZxxzTfzysBxczD3mY', 113194), ('3QN7x5vNWdBsCMZeLTMJcL1sdEcbp4T7wD', 107683), ('35bVUnXccN9ug2hteXLFE8dM4ei1sSEPth', 102418), ('39mQ9CN1AscMvkb8hnxUXJ8NNWBRJD5sUB', 153402), ('39Pejo2FegcsfyUNkY6YmVEMjVec7oWYQJ', 186958), ('3JjqGSJjGbFKYvwht1PwYGX5LBxE6WaZ83', 177292), ('33pQNHukcXTHXzJh2BTJvpjtpmSDETQoF3', 137420), ('39rJCTRd7f2L4vPAF4C99s8GgcNgw7K1t1', 145326), ('39s4N7uUoF9Te26BmLJD7YJaRrSTWGkzR6', 263352), ('3EZ5jzdYivkVh8rc9DmZmLm4Lk3XSnPPc6', 114369), ('31jY18k3dqcuUmTXq5LLJKWaMgx7UdGEJm', 119221), ('33kgnH3V778ejctUXj6w9Sp1T5TikV8nWr', 127515), ('3MwDKB9fZnrvKDrMvqm4aAfP771wBUGmLP', 512694), ('3HPAJkTokmZvAeryw9vGrKnSSBQL9Lamqx', 605591), ('3CZtbd7smCYrMsKHJgUerVrQUShZzD57tH', 186282), ('37SGRD89myDSScboLvE5AkMyKMYvHx6eev', 116478), ('3NWrhug2F7ENH5Gxuar6rp5iBzzjvFxMQ9', 294371), ('3FVBKANqXFVBGaQYjxEaDPtx4oy1dcwikF', 105221), ('35k1vn3CM2jEYkQyoCFdUpVqnX9safFub8', 103437), ('32DdgXyHTErjo9MGRAheZdKkC1Q3LgwvUk', 113497), ('3DxdByvMVLqp8MS36rt5KAfQfvR5L4rVvZ', 109515), ('3BoGWW4ZWJB1bVmGjXnpiG3mqdTF2azyaf', 119342), ('34dcE3Y2FunHNPQWD2CfZJTWs4e8n38swd', 1493133), ('3BAo32EzN7QttDivkLFrBJBi8h3vPp5cb7', 178982), ('37vhSo6YeDTdiJVyu7uqqU5xGjentrq9LM', 566775), ('3KoV8rep52KkDBx3MrSC7U5r57W1eRq2CL', 108752), ('39UiguuHyQkQ5yoGqAtitonQ69HDn3sxYP', 167617), ('35VcWm4rMrAPau6eQBKnRF6dMAMN3akaes', 131110), ('3NqyAocnrQgyKS9WnS7RE8q6Z4ze6bqAxS', 107017), ('3MKgq6qLrKVPzR7WsABAbJWtLbnnvct3Sf', 137679), ('3M33JNZcYi92vd5wFyHyRjmYkc1wbMvw4x', 106281), ('37imDtnQzDbJvodPQsTr4NRgLdcipCa64z', 111880), ('3D8m5CqYwH2wTELe39wPdcw65yBRWv3YbE', 139400), ('3DqBC6JFgqu1jijLERp8ey6rpgJomCW86t', 110250), ('32kjrpgmv8nxNbSD1Tp6SazraE5869FEEx', 187810), ('3Jx1ThGhh5P9vL5XkMw1NauH2YEDSZo4Wd', 308955), ('3Jx1ThGhh5P9vL5XkMw1NauH2YEDSZo4Wd', 313732), ('3Jx1ThGhh5P9vL5XkMw1NauH2YEDSZo4Wd', 931627)]","[('3Jx1ThGhh5P9vL5XkMw1NauH2YEDSZo4Wd', 7555524), ('3Jx1ThGhh5P9vL5XkMw1NauH2YEDSZo4Wd', 1554314)]"
86,4ec4cb2ffe9648fdaaa9ea734da9aa32fc4a8bed1dc415fcb594996cf1f5e72c,2021-10-17 05:09:00,"[('3FL2J3g3PYPrLfGHywiLgBGDD1uCHJYZGP', 128212), ('32YHy2YVEdPeQmYn3YcHzye5Ayjv5af3c2', 137088), ('3Hpp2ebSWkJiNfyyLE5vre9ZmRFEjBqmm1', 107061), ('3ENc6jZW3tvAuDxqwrVjpeebxxpWsfTQV2', 994018), ('37i6WeELDQTtGBk2gZQnaZJ5aDrmTWBevm', 109317), ('3DuGrc7y94dvKKKub88icZaGS577iP8Zz6', 118456), ('3EMrt2KKgrbrTK2ZYZSVDeBznj5BUtPJEC', 101099), ('3J7wwzcwzZXV6J6somiPaNDA48tUrGBPVC', 116842), ('3PTo79betkSKeuwtFCzs8Eqs5DUKyjF4Wt', 101174), ('3FrhRKWkKDbxY6Dr9wcgFfzqJAeb9GTC5y', 117459), ('3NWRNN2hs2kktDDc9oaNznDEuE3SmV2TgN', 201734), ('3HA3gq92sMyx6SKUUE8kwbSL67vno2Fi3Q', 157822), ('3GcNr9wvepPC32qwfGsx6g1GnfWedEq9XX', 204798), ('32gxag8xD4EjNSn5T8JA6kkyeGaccr7VXU', 131135), ('38ZUrPDN6uzDzLXQD7KaKPtYMKZeJd3ohu', 315351), ('35nDUdRbCPFg6Dj6313Jca9U1xo5bM4Lnw', 156996), ('3BiiXgRnFywdjYb4YFrT6WLpzArhMrFzGu', 116604), ('34ds2NY4SsnvZxkAtj9mZdfgkJq6jr3WNV', 189409), ('32r7oxtufwRBwr6b2w1gHCm4Sisf2pToq7', 108086), ('3Hqe5JmWAW9LJbqC2CdZTV5mjyZ1qtdLzV', 177885), ('3JM3RcCwMHAomxuVChph8s2aVyN6oRp4GA', 103379), ('3Do195rTu1EPxAHkF66mV1ESNCaBEYaBoh', 115022), ('3F1W54wptvG5Fx8muAqoKpRk2uFYDndExM', 114129), ('3NXfamxp5xJvwMFyqGrgcZRTCBdNJSp4vg', 124441), ('3FxRcJYnAZHtz3XPkvEZ2pyBRFjnL92aLc', 117422), ('3J3cj6MGPzQ24YDD9932eN3Afzt8j9SrtS', 104792), ('3KfUsN9AkGLguCEARDyQnbmBAxxSQwNBpN', 127679), ('39mQ9CN1AscMvkb8hnxUXJ8NNWBRJD5sUB', 140235), ('3PG9GTnZqwoktzguLVdvF1SQhYRaqgAQff', 143422), ('3NhFQC8FHZ9S4kPDfBaT9tL2np6C8GT5wB', 110036), ('3HiLj5jWATTZ6v5BiCw7wFTZRMtmATEGSS', 100317), ('3E8MuAZxSr1qbrUw96F1cQzRN6b2Zx2wpj', 177674), ('3P47Yy6iMWjqsBG6jF1b2HHvZaVdoSVif7', 101275), ('38wYrj7BQgEPPza7iBZGni33c7YjRpvTXV', 122242), ('3Cy9NrdzsaThwYoCELDjZcNwKSfLfrnQSA', 115447), ('3KUxGNXzRswEq3pdi7MiTjxq4zk9ixR6gc', 118587), ('3C4P1XKTDYarvLiikLPfiDxDUKsEa5s2U8', 110291), ('36UTvE9BECPqHnwe52jxVtec4iMQCNLHwt', 115892), ('39Pejo2FegcsfyUNkY6YmVEMjVec7oWYQJ', 189992), ('3NJDUcQNNz6E4D7Zs4jiCQ37BsHefiCPDx', 120269), ('3FymQcP8w6PBd2L8ETmzmSJCdMtLGhPNxa', 199624), ('3PXkXi82v3Tezr1ur2MxkoELMGhvhtbANy', 106314), ('37Kjx1w7g9yf6rR8uqEg9S3vn79QRS5Vqh', 179263), ('3KdBYpMmyxEqDFkzEhbLRJQ8UYnTZBhotp', 143815), ('3Ef6rDXfxHiXDrTxchxvd6WHvJ7kYsKjH9', 221638), ('3Jx1ThGhh5P9vL5XkMw1NauH2YEDSZo4Wd', 312986), ('3Jx1ThGhh5P9vL5XkMw1NauH2YEDSZo4Wd', 926512)]","[('3Jx1ThGhh5P9vL5XkMw1NauH2YEDSZo4Wd', 7106662), ('3Jx1ThGhh5P9vL5XkMw1NauH2YEDSZo4Wd', 1239498)]"
87,34d6e26c8a6e9bdc531edca607543f9029ee00ee5711e51fb1b6fd22b2ebdcfe,2021-10-16 11:51:18,"[('3DfC2eSr1YFVJ6poCz6ba9G2oHWxcUFsL9', 314549), ('3MuDbH1hgHNeY3A8e8Yn5of8BWPgcHSxxA', 115882), ('31uvYB89Zb9qZ2gz6GjYgRM8Hhc7gtN1xV', 177852), ('3HFuWwXuKygsDZQzMiqdRv6rkagorukYbh', 58134), ('3J1EQUDxQWMnSd6MJhB5eZyzHerjRyFn9u', 21900), ('39Pejo2FegcsfyUNkY6YmVEMjVec7oWYQJ', 175543), ('3N1bV4yXEBa9scpXpvcacYfaCKzUUPkc8u', 48249), ('38udte94M68XjT9jnqUFBCF6ghzqeBbccx', 48701), ('3F6qvtHBhw7sejfRA6R2SVQ4aHMfzMMPwx', 987395), ('31njpQ3b4h7nKScoN3AxkeoJouAX9L3fPv', 118540), ('3DQXf1LevCrSeKh97y7TTgF6ic4hCNZDDF', 24582), ('3HhMLwThazmLf5hvUtgKWebAvmyC4NvVSn', 337732), ('39Dyr3c4PY7bmd656N8Ra1yeaMCrfcJmb7', 73528), ('38SGYx35KADDaC7jJREx3vBnTwqtJ2mR3n', 80652), ('3Q8Wge5vxHZ4D7y8qskPYLmV8WyqC7akZD', 9567), ('3Q8Wge5vxHZ4D7y8qskPYLmV8WyqC7akZD', 104689), ('3EN8wjQfCziqWDUPhDaMKhdVWrHhYGe36u', 102946), ('3M3wMjC9uLGFZoxm4pNo9SAVGz28CptqBb', 88699), ('3FYpSptJzo4wNpFmmY2rFmxr39hcYxfRDt', 55986), ('3A5CAwQX87SBDNQW65MavyWgwnY5fUhiAJ', 118195), ('324Qmg8FRcs439sw4QwcdSRqYyN7CvWe6f', 242972), ('3Mmsg331YLaGxdvMcJbD5g4BX1D1PhAEzE', 7457), ('3Mmsg331YLaGxdvMcJbD5g4BX1D1PhAEzE', 9056), ('3KJKdMUkG5A596vvNDbLjA1wpYJs54sMsC', 38128), ('3GbkmGs8Vdpd1o8cSamCEqUPizxF48eiwd', 33233), ('3NqSgxTzcdA9fKqxcbkneZwomq2sYaQCxM', 14289), ('3NqSgxTzcdA9fKqxcbkneZwomq2sYaQCxM', 14861), ('3N968nARntBPhnDRSUcC4xpbeDrwTfGdVB', 47769), ('3N968nARntBPhnDRSUcC4xpbeDrwTfGdVB', 50837), ('35mkyS6EQjBKTZDwr5vxhZirS7EuyVzDwa', 387310), ('39LjXCFFpY3UQCXAhXR8BFtZ9WaZSKnsFM', 35008), ('39LjXCFFpY3UQCXAhXR8BFtZ9WaZSKnsFM', 52958), ('3Ad4w9uUBierAGFyPYpu9RH5Y3y57vEkEE', 82282), ('31xp3w6ZmWBVfiEE4GaugjEGe2xc5vBJXj', 7188), ('31xp3w6ZmWBVfiEE4GaugjEGe2xc5vBJXj', 7571), ('31xp3w6ZmWBVfiEE4GaugjEGe2xc5vBJXj', 7598), ('3KkPAThRGpTzXMJKqzgtwUvPnVL8Sbb62E', 8084), ('3KkPAThRGpTzXMJKqzgtwUvPnVL8Sbb62E', 9398), ('3LJzvv2p83VBdxAiaqS36g8nLoMJwE7aET', 14524), ('3LJzvv2p83VBdxAiaqS36g8nLoMJwE7aET', 16169), ('3AFY7KpQvDTZ26qmi52BK4jyjCBg1v5ECp', 109700), ('3KGuktGMoGpXmwCBS2WFnP2TwndrzPrhkX', 16793), ('3PB7R2Lxjd7XHWxRnXgon445aCLg2Fuw1S', 84335), ('3NFUp3GyLHm2Kjyfj3Yn1Y1moaqDT63dZr', 22965), ('3ChwaeUBriSsLLuqiUnu8XEtbYq3ALLucV', 96112), ('31iHZvcdSiHbGpzkaQgTJ2pNjUU9xB9VRj', 138527), ('3Gfcf3dVeKK1XwZRxPFde8paBfrKsNBwew', 131546), ('3Gfcf3dVeKK1XwZRxPFde8paBfrKsNBwew', 142122), ('33obdwCssUmBWCozyzfn1R1UYdqE7BQwhG', 50231), ('3CzaW4fm35g7gW2WNH9NwsQZVjsPZzqfF9', 19167), ('3LfttDxLzJZXmG9ASJnogKp6pUbbGmYNjw', 31855), ('3QDUd3bu3SPrjgd3f4f8M6CTEeay96ueSq', 114062), ('36fMhkAxwRBeTtX8Y6piLJctii5HLpWmLY', 24880), ('36fMhkAxwRBeTtX8Y6piLJctii5HLpWmLY', 24980), ('36fMhkAxwRBeTtX8Y6piLJctii5HLpWmLY', 24980), ('36fMhkAxwRBeTtX8Y6piLJctii5HLpWmLY', 24980), ('36fMhkAxwRBeTtX8Y6piLJctii5HLpWmLY', 24980), ('36fMhkAxwRBeTtX8Y6piLJctii5HLpWmLY', 24980), ('36fMhkAxwRBeTtX8Y6piLJctii5HLpWmLY', 24980), ('36fMhkAxwRBeTtX8Y6piLJctii5HLpWmLY', 24680), ('36fMhkAxwRBeTtX8Y6piLJctii5HLpWmLY', 24780), ('36fMhkAxwRBeTtX8Y6piLJctii5HLpWmLY', 24780), ('36fMhkAxwRBeTtX8Y6piLJctii5HLpWmLY', 24880), ('36fMhkAxwRBeTtX8Y6piLJctii5HLpWmLY', 35980), ('36fMhkAxwRBeTtX8Y6piLJctii5HLpWmLY', 37380), ('36fMhkAxwRBeTtX8Y6piLJctii5HLpWmLY', 38480), ('36fMhkAxwRBeTtX8Y6piLJctii5HLpWmLY', 24780), ('36fMhkAxwRBeTtX8Y6piLJctii5HLpWmLY', 24780), ('398iK3CwRsLxiuokiK91JK1vRcpnUgGSao', 118653), ('3ABtWmkZtfM7GbY4aqUyGTzS3DVqfB1vfD', 32479), ('3Jx1ThGhh5P9vL5XkMw1NauH2YEDSZo4Wd', 305011), ('3Jx1ThGhh5P9vL5XkMw1NauH2YEDSZo4Wd', 305041), ('3Jx1ThGhh5P9vL5XkMw1NauH2YEDSZo4Wd', 305043), ('3Jx1ThGhh5P9vL5XkMw1NauH2YEDSZo4Wd', 305230), ('3Jx1ThGhh5P9vL5XkMw1NauH2YEDSZo4Wd', 305257)]","[('3Jx1ThGhh5P9vL5XkMw1NauH2YEDSZo4Wd', 5682587), ('3Jx1ThGhh5P9vL5XkMw1NauH2YEDSZo4Wd', 1525582)]"
88,ec9dcd1fb01bc513290f2a2046cad5b9d84e7c95ca9ddfffa70e203aa3d4fe9e,2021-10-15 13:34:39,"[('36U1eg982PT5zpiTL3tQoyxuJ8vANbv8FY', 102653), ('3Fq9W1g1PowT7ZvjMxKbNBd2jYpgFYtjDy', 140391), ('3AEjoEY7bHEHh6bLPt8bDPVkvT8fFyvw7w', 137006), ('3Q4ppHKXM3U1x1DUbSTJ1exTxibxkJsjhX', 90560), ('3QXFf9nKKvcazKRoRm9ui2dpuTECm7Jf79', 25460), ('3QXFf9nKKvcazKRoRm9ui2dpuTECm7Jf79', 168155), ('3DxdByvMVLqp8MS36rt5KAfQfvR5L4rVvZ', 168181), ('3LGshUPJ4yb6eqqAYzpznJ9z7jkJB8XvwA', 136515), ('3LGshUPJ4yb6eqqAYzpznJ9z7jkJB8XvwA', 140819), ('3EwgBNSZoSf4V4z2DR21L9BwPFEwoSXJUE', 239768), ('391nscRprKnFaoWHqgMoMmy96DrAnXgn2Q', 134985), ('3QxYrjAhPTY4mptLqRsNcJM7BUiEPZ8573', 104970), ('3NW9nL9JzzLBDRZB8o1PbMFVf3rtYEWoJi', 101337), ('3CGskenmfgYVkAjNWFr2yQoNiKBm4SfbJX', 239070), ('3GBiNjFtERf3qNPcsRje2o34bDqKW31r8N', 31377), ('36wyJsesHwZdHvWCXBbjHzZ2VUvGNGa4sa', 73612), ('36hg8oQn3bEVNht6YQeqX99AMWGBU1DFZS', 171762), ('36hg8oQn3bEVNht6YQeqX99AMWGBU1DFZS', 171762), ('3Jf6u86rMRTBdHwPepxNkZoBouNMGbkLZq', 31311), ('3JUrQ9CA3zsqHT6PAefAbMxHXNRqchqwL5', 20496), ('3DSUE7mfVxWtss3tJo7T17EA63skaKoVtU', 123864), ('3GKLun3zx5F6QLsQxUrP7HtdpXCXwguw1S', 15764), ('3HFnQ1dbfLvUrK8EYTLCQFHbb7iubPgTq9', 1141389), ('32Ge7ELgtsgpE3cAWHSocyZ4k8RWPs3Zjc', 150600), ('37oFKbuB98jbTWVnmUiHfzz95Rc4Eiarzy', 128494), ('38UGMiSchnj5JdKTT6fmJHKHKPbU3LzMmA', 130068), ('3EveBZcKit143YEVuM15H239ya6kibiF6Z', 16968), ('3MacKnmLjisJq55pGCfBUXJR6Z3NRVo5FR', 425825), ('386GxkG8kH8StcXKqZLN6A69zhu7Kqa9Qw', 107100), ('37bjEmYMHEEd7QjTt6yM47q3CFcEkw9vEQ', 106625), ('39Pejo2FegcsfyUNkY6YmVEMjVec7oWYQJ', 187999), ('3NUgDTo3PXwvdHTcYKTVmSsmrywiGh4a8g', 1321836), ('3GFhGftDxBfetgajMAfdZrV7rmJ7yqfk5G', 200000), ('3MJTimpSdbifpPZtLLicD9uDkj2UJ9vSL6', 99646), ('35RiZMCnNwHKyK9QitxHzkxYta1fVYj1bA', 100000), ('3FGiozVVm7d771cmzdLTZhoRoWRFpezPbb', 340000), ('3KFpjCX8mG6tPG1e9BMHd41zqajqgT8S7K', 12539), ('3KFpjCX8mG6tPG1e9BMHd41zqajqgT8S7K', 13535), ('3JUZeHYnJ8q9pqYAYyTDnR3A4bUZte1mJF', 117388), ('3DUUHcpF8m4ngK1Njz2dJWwNA9dSkG9CsQ', 150221), ('3HpnFkXYGQbWa2eL81tbyVRvwAe3okSQg4', 137858), ('3HavtYuZtbhPio4jbkYzzJvgyaSSzu49rs', 57329), ('35qixYi3C9tm4T1JeUbiwSd1AdtJW7KqM6', 23626), ('3GgP7iyFEYqra9DdMYu2G2iZybScMEe4uu', 22552), ('3Jx1ThGhh5P9vL5XkMw1NauH2YEDSZo4Wd', 300000), ('3Jx1ThGhh5P9vL5XkMw1NauH2YEDSZo4Wd', 305049), ('3Jx1ThGhh5P9vL5XkMw1NauH2YEDSZo4Wd', 305265), ('3Jx1ThGhh5P9vL5XkMw1NauH2YEDSZo4Wd', 315971), ('3Jx1ThGhh5P9vL5XkMw1NauH2YEDSZo4Wd', 316586)]","[('3Jx1ThGhh5P9vL5XkMw1NauH2YEDSZo4Wd', 7554037), ('3Jx1ThGhh5P9vL5XkMw1NauH2YEDSZo4Wd', 1542871)]"
89,65d4e0fca3fbfc62465e9f8e79164bfeabc2ce54e9ae584e5bec80c46bb885b7,2021-10-14 07:33:32,"[('3BgSjL2iAmEQaxm2xiGhJxse47zygwVdvz', 190528), ('39WTaZXzFmCNLfC7Fr5ZjaxUR1y32QpoWq', 108055), ('3L5wqTu6aRcoSqfFCnoZnLWCzCvki5AatY', 141045), ('3KHvMTWqQc5Yyiu5FrBKrheL25n4MPHvbh', 110863), ('339sMJhhEYubEGovj4Y4Rvy36EZYA3XkcP', 105752), ('3HGmQfxH7KbPKrjydJGjdUYWAndccKssSh', 115085), ('3ERUPmhTZHQAcfxVdU3b2kZU48Mv5ToyTd', 152887), ('3LMjXGAua2pHZ4cwfKWqB8Bsywe9sRQ14V', 103191), ('3Kaoq6hRzXWZQxgQHPb5ztZ8erDzMwVx9B', 161518), ('3JedRgX9HN5TGhsmptuP23J2PJuRAA6FMn', 546404), ('3A2fLJehDNGuYTK14F8k2hGK22sCNB5wHd', 191188), ('32kjrpgmv8nxNbSD1Tp6SazraE5869FEEx', 190055), ('3LVkhFYYYrceUnPfjSWyyu9pD6Hnp6xLTJ', 114457), ('324Qmg8FRcs439sw4QwcdSRqYyN7CvWe6f', 239111), ('3Cy9NrdzsaThwYoCELDjZcNwKSfLfrnQSA', 110314), ('3BpJogQTG7k77uRQRLEhSLsUJpUQcWkyaN', 107619), ('32As9ma2Cts63aEbbpEfi73HGP8UEHiaBT', 144598), ('3FEkT9Y4sc9oSH2yfarqxCyrgpyzsQ8u3A', 176163), ('3JttEnCSxxv8FwZoGbSScuPjacnbyi6n7G', 129040), ('37jcLXgBnkLMXhPWR4dHXt5Xatbooxtebh', 155590), ('38pRfm51RGbE5CmYTpi8SN7kw6oZYRNje3', 531173), ('37qjQ8Sc1TGc1sJ7ErAZKD9dTrvZKe1BAm', 521036), ('3FEVqoUWfABHdGHau6yriqEXsgceduY1nu', 143548), ('39Pejo2FegcsfyUNkY6YmVEMjVec7oWYQJ', 189607), ('3JT94NzjpM5B63hRGZZb8ux7qzW9Xsc35X', 1077), ('3JT94NzjpM5B63hRGZZb8ux7qzW9Xsc35X', 134392), ('3Cjch7me8nbsQ6sSSydLpRedFoT98JLLkw', 147836), ('3PUZY7EAxaktqUPc1mJMt9tMjgKMze7RG3', 151608), ('39KkZ9B7RvbyDnB8KwY2re9wrtHAtQZH8A', 146869), ('38QKtuiU88YTQfXpH4tj4bPNzqopaYp4Te', 148561), ('37XaR4jePqDb2kzxWjB4dr5wzh3kF9zoui', 187078), ('3QhkyVpZWetUa3JzTE5HZiz2sQXyjCNpqB', 254998), ('3KLo2hdh2UrepbfrrwqVfNe8v9WDycNSAM', 136451), ('39nHKqSoyYbhVybDLnvADKdic3Wm56QgJz', 120335), ('3LZ8L8mjSgXznFeviLNpenXXqCPngZu3p7', 551251), ('3Q1DjFL6XkjfumHvd7vrG6yhMvNdD9akf8', 130079), ('35SciEnRAKVAAtskjm2oYR5nCADWm8AQHg', 104848), ('3ARtWmaXWZr3XYNwtZjJpoBMEfVaVW4e7y', 109209), ('3NMLpQQv6FWF9Xnh2fqv2LfTcz9tFAy3Yv', 504095)]","[('3Jx1ThGhh5P9vL5XkMw1NauH2YEDSZo4Wd', 7501659)]"
90,d7a97e28c5057ea103635dd0b347b31b6447a309a20f6c884502c32229960785,2021-10-13 17:45:27,"[('3AC9f5DuDhNJWpG7isPPEswFW6tWCsrH7S', 136980), ('3Dt3fSnApgmQgYmq6vgNyvkN8HogneStNL', 144378), ('38WDpLiuqxEFeBpLhph5pDckVzvsC8bxms', 168012), ('3CjDp7b31n3NkAJ2pj9nnCxFYgj8UogDLQ', 26432), ('3A6bGnacLz94LXXn6Rd5K5HRvNbjeALjy9', 133817), ('3EyuTCsAsjBf9CwZ1vj97xBU3yanDWnAir', 89594), ('32Xsd91FUm1bLcRwrJV6DLdG7SDArKFnHZ', 10986), ('32Xsd91FUm1bLcRwrJV6DLdG7SDArKFnHZ', 11661), ('3LqB267BqQJTpBD4tRbsxc7QnwCb1FKv3N', 7657), ('3LqB267BqQJTpBD4tRbsxc7QnwCb1FKv3N', 7732), ('3Mbjr5BZpXHvtTvR9baVVw54Gz8SJUYEdB', 57172), ('38wCnzbvmhibh8cwrSh9wbs8Nss8Z6PthY', 137426), ('3CfvKQCv4r4pM8M11KNRXbobgtX4mFttXG', 18052), ('3CfvKQCv4r4pM8M11KNRXbobgtX4mFttXG', 18117), ('3DADU93E6DKAjJtkg1B1LGunAjG2m4JWTk', 124378), ('3M5mRBMpVFBUPh1CnfKaieJpkq9pThEDw5', 124643), ('3DT9u4qpe4sdngS6ZmDnTmYFn5iJrJdfZ3', 13071), ('3DT9u4qpe4sdngS6ZmDnTmYFn5iJrJdfZ3', 14396), ('3G7C9eaNLUtiUDwwstnHMW1CC4fRViU2Q3', 263451), ('3EP79uGKnohdfYQQUpCmYHFbA3f7CcvKT3', 308714), ('3Ns3x3uXVsTTDGLno9rzPdPdJD3j6voLx7', 200040), ('3ARrcsgMJ9fGDjoZdL9yP18zEnRcdbeJev', 263106), ('391nscRprKnFaoWHqgMoMmy96DrAnXgn2Q', 142252), ('3AQd1PdsDtYuRbinbVeR1YFCUPMPBzYCn5', 15941), ('3AQd1PdsDtYuRbinbVeR1YFCUPMPBzYCn5', 16538), ('3QNyQxu57xHieFbWnKiZw665AVqq8xRKer', 3950), ('3QNyQxu57xHieFbWnKiZw665AVqq8xRKer', 5622), ('3QNyQxu57xHieFbWnKiZw665AVqq8xRKer', 6348), ('34itymapFixMiA9tWjnCWxiuy9SkMbvnzZ', 72253), ('34itymapFixMiA9tWjnCWxiuy9SkMbvnzZ', 72735), ('3BKafXGXJ6z9uDxSn8r7VpgoaHU2Kh5fRt', 110891), ('3Axh3t8CF9q7EZgp7BoLqC13qtZRNkXtth', 1276), ('3Axh3t8CF9q7EZgp7BoLqC13qtZRNkXtth', 1794), ('3Axh3t8CF9q7EZgp7BoLqC13qtZRNkXtth', 5393), ('3Axh3t8CF9q7EZgp7BoLqC13qtZRNkXtth', 5477), ('3N86ckxAKfkRdJzH1e9UnHLJr3zqU98jPZ', 151670), ('32dpQKYSMYZTEdAHGBk4jEYP6P7i6uDXPv', 22979), ('3Jw7BcuV9iNpXK6LarAed9iiGEcutjFfsh', 25913), ('3Jw7BcuV9iNpXK6LarAed9iiGEcutjFfsh', 26996), ('35ucVvqRExumsaMHhFT8jQFZNb7FAhs15r', 44647), ('328n68qHE4u2zUqRuVvDzbQBNqWQfcyvDK', 4861), ('328n68qHE4u2zUqRuVvDzbQBNqWQfcyvDK', 7798), ('328n68qHE4u2zUqRuVvDzbQBNqWQfcyvDK', 7834), ('3KVHV3NExDhukzaaxb4Rf1MiUgNxWczGhC', 170800), ('3E3F5rcQCsQiNwqNbT7dS6sSp95bgxzwAr', 9227), ('3E3F5rcQCsQiNwqNbT7dS6sSp95bgxzwAr', 21246), ('3CH62zgozG8VXkiUZZcqmwDuaaAPXXrMHV', 9477), ('3CH62zgozG8VXkiUZZcqmwDuaaAPXXrMHV', 28168), ('3PHhFRAgARU3tdFdAwoFT9hjv89qbKAo1M', 13539), ('3PHhFRAgARU3tdFdAwoFT9hjv89qbKAo1M', 15953), ('3PogYqk1pYc1AwW4ddSoWDvMUsEbKChZmM', 41962), ('3PogYqk1pYc1AwW4ddSoWDvMUsEbKChZmM', 49462), ('38HW8DCB6iENQnXtgrDWV1Mzbfq2wm5NMi', 109564), ('3PQaQcRLrmmKLEZonbYRKaHDRkhxUyz2uU', 102413), ('3DKR5XiNwCVsJ6oFFLwe5DNfzhPnusnadY', 117387), ('3CkSjoWvrpwWkWkxg6Qi5W9gwZ73rnHE1K', 64505), ('3ChyVsYtnvFAd6aPynMicZF6amD5AL1Tt1', 359794), ('3ChyVsYtnvFAd6aPynMicZF6amD5AL1Tt1', 1081673), ('3Hskz3BTgccKfPb1KgxkCor9yEAdPVbBkJ', 12452), ('3Hskz3BTgccKfPb1KgxkCor9yEAdPVbBkJ', 13111), ('3PTkdqS2PhEr6wvkYFPSBTiAsL9Hc8GjC7', 50000), ('3PTkdqS2PhEr6wvkYFPSBTiAsL9Hc8GjC7', 60000), ('3PTkdqS2PhEr6wvkYFPSBTiAsL9Hc8GjC7', 150000), ('34jmeinWGLHUnWgyEBJGhNXjX6yHkjRCcJ', 84272), ('3QNz5qz2MH1kxbLVTwutZ3acmmoD9pGNFc', 22963), ('3Gpz4k5yg5r4ZjYzZ1oEj2r8bixVA2V3cT', 143249), ('39Pejo2FegcsfyUNkY6YmVEMjVec7oWYQJ', 184965)]","[('3Jx1ThGhh5P9vL5XkMw1NauH2YEDSZo4Wd', 5939138)]"
