,tx_id,time,inputs,outputs
0,31e53364f46739ac95c30bc780fc087e8f11935d2d421b47e4e2a6a81432f099,2021-05-01 08:24:50,"[('3EmRDeXPoHApxmnc7CrqWRQoVFPLD3XEzB', 147176083)]","[('3KF45itEtdjFhYFQ2vmfBU6dBW5cx1V7C3', 34458944), ('1Fua6BCxeae5ToCcdjgMSdjPywyB2MPEDe', 110000), ('3Ahr7Ac2bCS59KpnPm2HvvHyZCxQRzRX4n', 1400197), ('3Eyc8UzFGrFBsGCLnCw7sADL3a33WMk4bF', 55207), ('3JmZhSvt9UW9cbNo5kHVX7QnPPxLEpfk9J', 341550), ('bc1q99vxufkh7ydzlvz3ke98ygdvsdnkn9rzy9n9rc', 43125), ('1PcbaDng1pjnoumP9fr7u1JZ9tck8ebEvU', 69029), ('3GBtNiWAXo8BacsUWnfAVaMwBmmf96jzCG', 84196), ('bc1q2ufd2j2a657han7a797uhe2phstwtxvaze67x5', 39450000), ('1AK4ACAmAEfbZEDQ3aoAAtqdbbT61zUQ5y', 88666), ('1AxfdQRRbaucQB7pm6o7PWLDr4NvipKg11', 163864), ('bc1q4l6arae3tujr74cw3t07xzp99tfmw0pg5fpgu5', 20131), ('17KyUSHMZU1VNETdZyp3adajbGnhyd6XBS', 60065), ('37XuTGkBNmohCutR2uaVEma8JvgcGs311w', 2001619), ('14ScVufLuT7MpH6fhUWR8qCZw54jJF8uK9', 344000), ('35HCDShAFfjX92fCtrigz81TKxhaBHBmMu', 43140), ('3ECyGaph7EoHCMg9UJQCGyPUP8sEchr4WG', 57126), ('bc1qyh8ysuw463f5j33zm8p405fcdxqxxya63nhksr', 4682700), ('1Q8vjfBWtxE4eMxNcFfdjZk1p16xVhvcn7', 517716), ('33CoEBibsQ4WZRmmKzR8G5MBC8QdRe7BU9', 57745), ('1Lcr6Bvv59bj63LdLDazjD1mpP7YdKc5om', 466338), ('34tTWjcff4mRAZd1j22UGoJyR8XAy6ww9g', 23500000), ('32MuhbZGMvtgNQEd7VRipuhpfDv97V46gw', 17000), ('1M9YdqbaPTLeH6S3ayAKiZDk48jrjjsaXJ', 27067), ('384qXobPQNHLRbkCLt5s2ZAfg7qnDRXzTL', 23770207), ('3E6vC7EnweDG5BDCiKXSMLJ8TcaMt9FdZt', 2516684), ('1Foxor4YtYCsGgyWkSL2nywLy2EWU2uuuh', 159975), ('17LZiPU3adeTBHc8mvdhLVg8eydK2iSitn', 576914), ('3QLJ7XyaBxpdQZmdcfeV4FoRpToenRLMRQ', 242426), ('bc1qf722k249vz7aat6p5k8wh4e8ng3t5a9ffpqfff', 8956891), ('1Gm7SGxCYA2vaJjhNsPYHkCFKhbJSozQF6', 1196270), ('1BNs6FXszFqMrx8Kh1RGDpBeJi2wZApjrd', 42287), ('39NyYjWLbcyHTmY2MzfVo6KRBxjPpW4poP', 79163), ('3PSDW8Gkgk4Cjn1mXcATAPTVGfGs44GZ2K', 31100), ('1KYLB5z8G2bvg6tcDEQwbU3zMBzbBD6uCq', 13980), ('3MX5v2aZS76uQ9hm4ZTrwQXtWo48YwxWZk', 14504), ('3PTb1TRhQ5tULLTabwsJCUSuE9ANuZFY74', 33314), ('3HZa6ki5WogPjVkxEnaVaFzVrNPKPL4Hgy', 241023), ('3Bg84U68yMud5tyWrdniemDxjhNMt6UtTV', 34568), ('1F3qQv2cdjev85ky9TDXGfSeCBt1UvLVU6', 69029), ('bc1qy4ajh9pwrl66jjn49d86lq92ssm8f98sx9czpr', 17276), ('3QmqfVLYMrvdKs9RGtq7e5zMVFxgwef9X3', 328275), ('bc1q6mf49dzuan9xatfgq8fh3dh4hqupny87ypq9wr', 172500), ('33UP61aixUovb6DERk9918ktspMvUtvZ67', 158918), ('145GBizmNpMKQpf6BqXyjfJrudqxdM3xC6', 101326), ('3M11tXqEkFPpbQNhZxcmhQRX26dvGwyQ5c', 10000), ('15uEUp4EZ9dgGivDLHSAT4QfDSnEmQFTQi', 94280)]"
1,638b36027d6f73d1d7e0f4d3eda40b5292f34b19bfc1dbd0f9e5ac574c314b3a,2021-03-25 00:21:13,"[('bc1q5de0ajsa3l5ehg8pa5vzfcyjakv6cjak36ynmh', 37298)]","[('3MX5v2aZS76uQ9hm4ZTrwQXtWo48YwxWZk', 23474)]"
2,29d0fd47cdffc507fbbdd014110c290e8a325697f4524565e497799f03d65a7a,2021-01-30 00:35:15,"[('bc1qeddka5q07x2p9t2y0aypf234xutrs8p2aap09n', 28688), ('bc1qeddka5q07x2p9t2y0aypf234xutrs8p2aap09n', 56994)]","[('3MX5v2aZS76uQ9hm4ZTrwQXtWo48YwxWZk', 54266)]"
3,97a21d9bfe35a99f9c60ce8c0a747519bc81c66d92c0a390da4e2c4588724430,2021-01-28 05:47:54,"[('bc1qeddka5q07x2p9t2y0aypf234xutrs8p2aap09n', 172269)]","[('3MX5v2aZS76uQ9hm4ZTrwQXtWo48YwxWZk', 156675)]"
4,702660722a4f63d7d20a874914abab2e4f8d173fba0c0cd0f766a0d3fce77aca,2021-01-23 04:22:33,"[('bc1qeddka5q07x2p9t2y0aypf234xutrs8p2aap09n', 275945)]","[('3MX5v2aZS76uQ9hm4ZTrwQXtWo48YwxWZk', 254023)]"
5,aabbc22aa66eb45fdff38df93d01532dc95522068eba185eaedddc318542f5f5,2021-01-20 03:14:11,"[('bc1qeddka5q07x2p9t2y0aypf234xutrs8p2aap09n', 430114)]","[('3MX5v2aZS76uQ9hm4ZTrwQXtWo48YwxWZk', 412938)]"
6,0b8d1970216b45e169609ea5c8c8baa5f7dca6e9b010933b5c8a3194cf5870e3,2020-09-17 03:30:31,"[('355CSuENGA9oyirfasEmagRfQ9kYMdHcea', 1164385279)]","[('1N2YSiVRLon2yQQSQTuwpL9Y58t9m4rJ4n', 1666200), ('35vgvP2Nmj1eXkav3VAVKnStazsXoEMcrN', 4164500), ('364TV1cr2hntCg24jjFaT12vBjQkYEc9s4', 416500), ('37oPUnZXNc7EKjpq4Kd9HxLZvwxkw6BjZs', 3333425), ('38Sfa95sChCTX8kBs9cKko2hjyLQFKKs2H', 1165600), ('3AvTtTGrSPT3cHfcKu37LmhbkBKFQMwjro', 1665400), ('3C6ZMV1pmxhkbXHLnnxQMcioxXLZYHntUo', 1666713), ('3CTpwUALZzkSe3FxdEvvq2RwF5CEXvz316', 8326000), ('3F5LcATPn3fVLSc3Q7YcghNSFSB8uBMXU9', 833356), ('3GLobEcdM2XEAGhykJwRKoQt77xVjYCNW9', 895858), ('3GcRsuoWdVktcWt4CRBuVea9sAiCbMWy7r', 833400), ('3HLxvWuiRSRpSS7X7amYLFqcEc7biWDv93', 3329800), ('3HekJNsvh5XfFZvtNR5rNRuy45hmrteSef', 466400), ('3Kz5iP4176KECb7xm98Zpp1BrNqkGoM1Ui', 832400), ('3L1jD4ecMzLejazrHiedaMa5eKKsV8dMm7', 1665200), ('3MX5v2aZS76uQ9hm4ZTrwQXtWo48YwxWZk', 833356), ('3PEC47TLpvvbU3thLeuFU82DrFKrhUkLKj', 683352), ('3QWKokVMcWXc94bAQXQ5FUTexCBwVm1Fkm', 624600), ('bc1qsgmq0yz63h2jdwpeanuj5jrt75rc33wfk725fz', 416200), ('355CSuENGA9oyirfasEmagRfQ9kYMdHcea', 1130550576)]"
7,0066c2efee2963a7565867ee45d2a4b5ace727727f26ff477fec522838983c55,2020-09-10 00:21:05,"[('1PfvLcf4f9voSrQajEPksXpD83mPaL8SeX', 2764831468)]","[('33Rkcp3Vi3v6eiXzzetopFxecfcxJTQhXg', 507300), ('3MhG1JeZSdtEuofZri4cCtfSMJfxsyzxsW', 548400), ('33eHB1yG1vC1A2H8vYSWdDthYKMx1MipLz', 799000), ('354k7tYc42Sj7Ui7R9WJd816euXP1ULgeX', 882400), ('3AAexogtoMp72r2kzgLeux41PLvEowEzLK', 1855100), ('37bpNynQrFPSGHnuKYs6fKVWJ4N87YkErL', 2166400), ('3MX5v2aZS76uQ9hm4ZTrwQXtWo48YwxWZk', 3551200), ('3NdBqcNWbiRwu6z3KjnDajwa965DcmqfKz', 6215000), ('3K6w7NR7TTS64mX2BQvYZYpB5HLe6LLBN3', 6711089), ('38VUM3ewC9XAwD7FsnavV21JyCyqBYtREp', 9055500), ('18yXiNVnWzWJNs8V7FbYnSWG9jJzLuywtH', 2732486879)]"
8,9c559b9e7db2967cef7c35566721774d4294ebe7794a27b4eb002052a93af1c1,2020-08-28 05:16:27,"[('1Bq1dX98Ub7EsWb9AWXkJZyQdJ3B74JF7c', 2221226)]","[('3MX5v2aZS76uQ9hm4ZTrwQXtWo48YwxWZk', 2219870)]"
