,tx_id,time,inputs,outputs
0,7f93be11f50d2af7fbd1957507bae058626fd193988dca655621731332765127,2021-09-16 15:48:34,"[('bc1qhrwr50s5snnswkeg4uaxrp7ch2gt4pqdmmfr2s', 67390000), ('bc1qx2cehp453j34nfmn8ll93h2rpgx7568q3kqmza', 52300000), ('bc1qmfs8ny2pak2dlqhjvugqcztpp7t08eexl75ac6', 195220000), ('bc1qu4vpkh88azst9ja0vfq8p09wjxylzj0mcawkp8', 175815126), ('bc1qhaxwlw7tg0e29k9wekflcsy6x29mhmcl6lqpxf', 103100000), ('bc1qx948s7snp52shda5ka9faczs5hduje4nrecvu8', 339700000), ('bc1qd39l4lxa80ce2asuffeej8h852qauqzl0ssy4s', 117510000), ('bc1qczynx90s9scux42z9gmgz4fcvhne0t62f6t9ck', 59884200), ('bc1qvqrl5p6ujyyrhkrzmrvly74um6kkp683rug9z5', 444370000), ('bc1qm9fjv48v50546r38c8tfhepda88uf2ggfwpk66', 33880126), ('bc1qz97upf4uylchqray04ps5927a3crqg3r524yse', 274088801), ('bc1qwkpy7e5defpngpqtrhznles7jahvysv7r3cfks', 276720000), ('bc1qeqr8zsc0qkg986dy7wp6vc8llkm5ruqjdsy45n', 121607700), ('bc1q2s4ddfr2execg9xgjk8ktgc4pmaky920cnshkm', 30732829), ('bc1qjzs7zhv0jqnay90wyrpx7xd6zwh00kzlhn6c0n', 327390406), ('bc1q3na0ky6zsl8v8vakyz63wpjhgygnzrzayxpe4g', 77954100), ('bc1qhrwr50s5snnswkeg4uaxrp7ch2gt4pqdmmfr2s', 55900000), ('bc1qmfs8ny2pak2dlqhjvugqcztpp7t08eexl75ac6', 97320000), ('bc1qwkpy7e5defpngpqtrhznles7jahvysv7r3cfks', 45970000), ('bc1q0mlt75qjygckq9zn0jf5rxga6qlhdwwn8j2pt3', 514715566), ('bc1q7wdds0zu2gat4y3q0xzyxgsqf4rktyzpmxj9r9', 89128000), ('bc1qd2jy6gy27l4vhx366k8c6wd7kk75ktl5dxsumr', 172700000), ('bc1qpk966nm8kq2aad3u3jxhpwwqszuw3fwq8rtuzv', 139413227), ('bc1qhaxwlw7tg0e29k9wekflcsy6x29mhmcl6lqpxf', 41210000), ('bc1qdztq942puk9050gjyzvwc7d4cpd0trcpncjs5s', 58000000), ('bc1qlgwjkgs3dmd307ahlum4ktwkwn825e96zhrkt7', 273846900), ('bc1qx948s7snp52shda5ka9faczs5hduje4nrecvu8', 216660000), ('bc1q0r4s5w95mvuuaeufdzm0qv35m5pls3wk2e5nzc', 48673800), ('bc1qhrwr50s5snnswkeg4uaxrp7ch2gt4pqdmmfr2s', 82230000), ('bc1qhrwr50s5snnswkeg4uaxrp7ch2gt4pqdmmfr2s', 133100000), ('bc1qz97upf4uylchqray04ps5927a3crqg3r524yse', 162930000), ('bc1q0mlt75qjygckq9zn0jf5rxga6qlhdwwn8j2pt3', 42297166), ('bc1qulsaxhp55mpu37um5xr4lju5uy7v7m6utexqtn', 84200531), ('bc1qd2jy6gy27l4vhx366k8c6wd7kk75ktl5dxsumr', 200067500), ('bc1q4j5s56x0wp7g5sflhclesqwdzmphuyy5qjmmlj', 493750000), ('bc1qa48t5g7cg6c6w8nagq9x3xpjpe9gmap4dsggz9', 65863391)]","[('bc1qwu43u2uyhq3a298wlupuszn7tta5tkyja6eqnq', 5715605256)]"
