,tx_id,time,inputs,outputs
0,89a570f5f0f3739c44d9e72f78b2e5fcceaeb3cd7e9f1714f3563a38e87fd165,2021-05-26 02:13:24,"[('bc1qyymzpzunhg4scdu6qr3jyf2s3k65h7pud8y7u0', 1000000000)]","[('1PZA52HxbJkt5RHtrY8J9xkt8xustthMQn', 506117), ('36i78484PJ199kV6JeLEZHWyWEw1xa7jF6', 129893), ('36XM1py9CKNMfHSi8PadMoJCsHYTLR2xLF', 718000), ('15u4x7PH6rwXFfnxhtb3DheMCY6c1Dx5WT', 2339912), ('1MiXr89MBLweq8fXdWcZLc86Ycetq6cPdM', 376973), ('bc1qk04ugmlytc2sxcyyvggkg0v90pdccsa5g5r4ad', 2730000), ('3D4WL2HxFqytLPC9C8DqsBv84BcTce99nn', 610977), ('39wt2BiNhUwsF4hrouWTDY1Jxhu57SwSvR', 48655420), ('3Pexch6JwZ3Ciz29T776pGiGn3LfazBHPT', 1529049), ('32WcgkiGfsuBJtZerwHoQqtgJJDkyB86o5', 177359), ('3QaQzV3uG6XnJtZR6r6sZ8rYkGgw1aFhEM', 247675), ('3Qjccr76YduMMcxGENZ6FH5XtEL4ipG4Cd', 369887), ('33AVG8pRTtwhK93fh1fNkk4LTFyPvfDbTn', 1280608), ('bc1q2eru8txcpt6v0w8dcwtfcwawsssgf9wjecr853', 856422591), ('1LxPLohS7HFQFhUGnnyiuhDZQtarnL4ZT2', 7000000), ('14cBBrNgoYRzHc7UaqZgMoY4z5GNYkaHSb', 50139), ('158VUd2HYSKjMDAVEJhyoYiez4PXS674JG', 2542657), ('bc1qhjwuasckvxm4t8p9wf0cnx2vp5xg6v3s5ys8zl', 2274352), ('3KeReaYhKEvjiMqj6zTB5aoT5CGqrQprUh', 129995), ('bc1qsyrwse4uejnk0j4lg2uzplxpsk4unyjqajmjma', 636453), ('3KMKXsBtSEroetciwzjLAL7tUninCZPjB7', 129783), ('31sjFyCPHjG9nWshTSGeRafsAT1LaGYwmS', 768939), ('1dicyjEQf4Frt1TKBNkLaDDdCZhL1NKvi', 135089), ('36Vw6zoM8P7FM7o4Sp6diLbyxJGFeoK4a4', 415984), ('39xUJTbPC4YgoyWqMbZBeTtHKqU8aG1vpr', 124795), ('bc1qp7a9wvpk0q8f60cczxrj9uzjkpnd5cnpvt7agd', 731055), ('3AkTyaBzpe31nA8oQh6AQ7MZypnsKis85c', 129888), ('32AEfoVFZ4LHr93Cv9aUaVZymnKQ3oRBYQ', 280612), ('bc1qeh0ykj5jgf56neczwa23ff8trvfv5cq2vj4742', 64998), ('3BXBEeKcWM7RuQ15QyBDV5NCEE1aW4GtyJ', 79830), ('3Ds19q2Bv4j8tzKCjk5kbVnXVfSRV5gVgr', 19659), ('1D9o9dcy48vUL86EwS9yusBVenusKkKrBA', 105859), ('35nLdTMwfvLY85jPi71bJtJ845FrVTZwTs', 665661), ('3Nuhgqy7wGDv4atMHe7iQ6REEQLS8FgHTw', 1157445), ('1GCuUwADKLTpWh2QC3gTFCgihvLHouPMAi', 2543919), ('166c3J7UBRYTqgq2NGnLbaAqgAPsChHUUr', 38950), ('3LEv1ymB4vus9sK1aHtZt9TeDuHCJQAKm8', 1042659), ('bc1qze267kj4v5au7gv0me6z5lzwyghav9l7dnemsp', 13177574), ('35dAarVpjuNcHwkrc1TXwdHKWjg7LT3D7P', 531459), ('1E2q7dfPBvNQkbDYnrrVUrnMPwS2YWKKJ9', 225264), ('3JREFs8N1k5LcmBU4HYzho2yToQcMbiXKb', 16360059), ('17vJw51y5AzcuQALS5Ai4gytTNxVq84cwU', 1324861), ('327Vs7NTA6zQYAPq1vNE1g5YddRVZ6yJbH', 90224), ('bc1qgh5gqeej883hwurx2j2mxf2cezr3c7cxw3a80z', 125429), ('19jGjabfbv1RtYQhrZNsxQDZ87PjFTFpAY', 569880), ('1EiFRb2YRppbuxGTx3wRkLgLinmHgBGMv1', 991218), ('3DLtZEC2iXsLEfDBiQAXLs8Lz7orvG5zor', 742238), ('bc1qr2lydcmafxwhxjqlzxs82fqk4lzkkypk47f39l', 2587988), ('bc1qpefwu6kzj0334xash7ty5zw622nwq4wufhfk0a', 5000000), ('1AtE17ZuVUnHrJduCTKS9qefGZCo9ABT22', 458000), ('15ENBwsvgxJj93hg6oZzkLB7T5boQqQNJ1', 144159), ('1MZNTG57V9NFFAHP6NkUfksQ14R4u3hYND', 3843213), ('bc1qpgwxezwxk5tuk95mtnzt2fnvk9pzc8wm36cvsz', 232418), ('3LcinYUpGNpvGU38xCSfiMJmRxo9L9QbTT', 1000000), ('3QeN8fDdGToMZgDDZgTb4aXjT1fULixCjh', 57738), ('bc1q8kge90aqsqmncesdwfpvyuxv9850t7er8d0xm5', 250112), ('32Wjc1bhzRHb4hJSxzspQS6P2JuWAR2ygm', 194839), ('bc1q6retsxe8j3vpn9mwwms5tjzn33ajp7cmkl0p0d', 13025216), ('34Kwt3JNQRdF8cw8BwXKmaHvjXg36Jdv5e', 206238), ('1FEPbLJzwqnnjyJENTDS3nte3NvKgbdKkS', 210927), ('38kA4qPajtXPwR8HZG5CqWY8RDGa2W6YWd', 869263), ('34YGCs1Zpvqkfvz64hyAy9uPBmwCRFnae6', 45481), ('17xKHxv3FpYZhjkhTTc8P8RCKTNfBeCuwp', 49897), ('12nbxYHVgVdP4wVF9eoa4vb5bdLrR8yShS', 82000), ('17ZgdvvWTSFDPmjTTVLzZNw323i22uDwtq', 131557), ('18JeYCNb5DCTLMXFKVKcu7S4oyqhhPE8H6', 96196)]"
1,a0d0248ba0fe7b33106cc62427c54474c769919cc306acb974069331733eeb02,2021-05-21 23:13:00,"[('3NJfF1VS3xqK9UVJZyLEwChJB81xR5Piwn', 69394872)]","[('1HUN4mE3yRthQbQPkZkQCFQm6adHm7xQG9', 241365), ('34Pym7FEzMtdU5yKQnVYmsRyQg6hcHmUbb', 81000), ('1G1NZ4o8C9XU1jgYzDqAnqo7WVmg3m5AFB', 326286), ('bc1qwjhvswaal3nc8zj64jdc0jasuzqrmhqe2rzs06', 1735176), ('3LEPnkX9TcdruGGaPfDYdpzhp5zHFke448', 745906), ('bc1qk04ugmlytc2sxcyyvggkg0v90pdccsa5g5r4ad', 1030000), ('1MQMdyCmyPYwvWyRaED1vkJbxKDzU3zMQw', 204313), ('3KFVNWnGKioy7L2TbjhsdtfKkufcA1PpA4', 51905), ('3AHKfSyyVtzfggL7rF7FBNAzuniZ2CKskS', 158790), ('1PwTGFd1FUdUYhJ6yvJtwxzxJZkSWWxLDf', 61271), ('bc1q8mjxqtnkeu8sfn0lx50u9296cdpv43kqkt7cls', 300000), ('1Gz92HcMRkLMZEqcq5VrDdb7swpuUbLFw2', 8084857), ('3PXxPLgjWyiVS5Df1cVWgcZU4fEmBLae2J', 150914), ('18sRsjTSS5aUEuqX4xsfoR89Et88YF3xGi', 79200), ('1D31DcZDQDdKhSsb3sTuNoKHmSu7AHpdfw', 260020), ('3JNtKXAKPt4TTq5BKLmuxjhkCPkpBR7ooC', 93244), ('33tDQwwABZoC545qcbGHeDRbJ5h3J35cXD', 183858), ('bc1q3t7c95qm26sp96umlq8k83n4hayl9ycy0g0zs8', 1000000), ('3M7uaw76aZLPC1AzpHhdM55gJ3M7gFJkiw', 6958117), ('39N3d8Yq2dAJ46nnnsMn9USqf8FkHjgSyB', 770000), ('bc1qukatwjlc4s4d8mxa2sln9427fwqzyz3nmsyqnn', 66445), ('17haZZzeDAPcvPvbXAD2Wy1HHcYXPE6RpB', 322717), ('3DCA7WRK5Pd6yi7hMKwAFaWqa3dYXcMY3b', 517590), ('1JFXykHi28icKphyBGDrLveU7RQaw3reWT', 469968), ('34LpmdRATJuJK9otraQMN4XZ8AxYcZnrVT', 71776), ('3LYjFFfYiWStPUk11TgRF7QRu5P3onqJQi', 141742), ('3BmgqNkrfh6ANV6k7ED4EiEDiaBBZp27xP', 386977), ('33QMQiv41ZELi6UBVg5xDwvZqq8R5wY5wN', 1000000), ('3BeYBfSzKjDWScGLCY59z8gsyt6VTiwfxu', 3130623), ('3EhUngxoUpMVX5xd3ecNJqgDY26L1uX1EB', 109241), ('3KNLmdEuKJsr9xzws8eRhuxhkLpvGoXSUM', 2596447), ('1AyXQNHmJnxEQvaqBJYDU1wQEBZAQCHGA', 255917), ('1BtATFGkZVSJuFtRnnEiKfF4dvXo2vNdFB', 248638), ('3HDRDJyThPkSRg3e5stxXbNwqeK3J5W987', 254179), ('1McSexeq6NoppncugwjDPd2iDhfq7hCdMn', 2600657), ('35qPtx9TxxB51qUhsULmxc44yR1UALZMPD', 190917), ('37fo3DVCyV1dqahfVpD1Texy2G7frLoeM5', 560158), ('bc1q4qmu44hxu5h4550zgs50yyqazpzwa6fakpmu5s', 32797), ('171kB3nswrPJsQbdZExKGEENKicfkD1bWK', 99017), ('3DKn6RXaHH7uBYd6g4SvVqU4SsbKuu6ZXL', 150439), ('3KFYpEtwDwEDeTcykQYsQJV6HjzeXeNxFC', 375496), ('1BYF7N5diwkaqwgueKEQSbnhtAvh82KaQo', 491958), ('36JG4dQSsjg4NeHNjmD5nWWJpc4v1SkcuD', 42672), ('3GGQBrVN9bcCYMXbbTqDoD8MLNWDaRMi3b', 32528), ('1FPpqTUiR4YM9Pi2Z4ACKBmT8d4nHsF4FJ', 45255), ('1Eh31t2jwqa8AMhDd7Mox4DGfG6A3o5hYU', 47417), ('3BXSQdjiMgQRUAKv2akqmc1fDbetB7nwhQ', 193459), ('3Ni3E2hBWyUyNCJ9EYn95LfYzZvWTxtuJe', 68000), ('3FZXqGz8hwXJw9RBx3AgisuX8xPFMFUwgt', 1037213), ('1HBp5UCfnF11CVYp9pgjcJs17gUYa1kQV7', 136159), ('1LphgGXgBjkZsFchgvzNfgFAo4XsjQCfex', 959894), ('34Y3jjUnMZVJM1YtLzvQT1BFcJ3A7tn23J', 150992), ('1G8HtM3PXJQSnfoiKfmDYtgnxHK2VC4wgL', 26335245), ('bc1qfss86742fx0pjcugcpgz72hrusexvvkvvj7483', 189187), ('19hEgQ3zPmUJMUQi3sfEWsdfqM4k3tzmKR', 1598299), ('36bspeHzUsJJwoBUCYv3LV5mmKiY1LXyMK', 273400), ('3Mu56ufnwwZNbijHv4AUjATNeU34FqFKPB', 21678), ('35RjPEGB5z15yLE9vRPjY8ef6VJBLHoFR8', 59675), ('bc1q7uzkt5zsdeyg87xrdjxnenc8j0rt06jkjre5qp', 1335741), ('3C6y13goeorLGBGLuArDK3XjY3fx8iDrj5', 13629)]"
2,b551d7e569b5374319c6ccf66f4bc48b31d2d72a0c84950fa2bed3029fe5c86e,2021-04-14 02:20:25,"[('bc1q3cems7gavepk6nza4zjkznpe8zz403582epc89', 1000000000)]","[('1MHcBm9TAvJiTJbFgzTRS1VroXNYzUWFRG', 1538570), ('35paBxE5pLshy5W4wHKwsh62z6sdHgPjWd', 26193), ('12S8RRKgrEwS4HMibpxruJ33uRWc53wZiK', 72428), ('1CvYyPXXw1mH75JUtAVjh13rptnCpkFEWh', 85535), ('15iAYNfz5UiuEdPYNquipUQTq6gt7m2X5R', 116587), ('35gn6BxpZXf2APaZB9HRdJnGxmW17Cnt4W', 147877), ('35xPdS4tLUD3MHMsCMPCvdAJD9bfuHwfxv', 55307), ('1hiTn5V4hrx9QkodaVDiEH7gNFQouEuvi', 86623), ('bc1q5tzc8v69j3kwcawpgllxxulmh56y5gfdwfzq3u', 157532), ('3QnSR1p7h7qCqpYGnT3KzNFMkAK2r6Hx33', 876318), ('bc1qk04ugmlytc2sxcyyvggkg0v90pdccsa5g5r4ad', 12780000), ('bc1qphrvva5u0x6fr7zxmnyprmduje58mtcw486vq7', 63013), ('3PwEdnz8AYwwfn79Awr7xktyPW2mA5CCrh', 1582016), ('13UcbpbHCgtBXaKYed4sMXg5agGMxG28q5', 57787), ('bc1qu6pvm6spjpzwjstnpfegql69nzngze97yl23n9', 164630), ('3L9sB3enp7XcYcYoNi5dsf94uUtYQWjVgp', 2047921), ('383hdGtRV51gYMVGNagRADHLX5sLF5VTNu', 99446942), ('3NnLt3tXoJkL9rjBzWSjeX2owJkcfgp2bD', 9282282), ('1wsXsdTXtSne9CaQLP19vEBypP11inmr5', 2907198), ('3MSqrAyMLDqgukvgEGkJzFarQyHyqZeAqF', 1109187), ('1Bc3RARLdXFt769N59iP7TYwTtgijEDpnK', 78748), ('bc1qyxz6qlm2n7k4pzhrqw5saaal2h9xyu47t8ae3t', 152767), ('1X884jcYm6JX6zGHJqdDoLKQRhNtSujoL', 221266), ('35ej5gKurBkPCDNdnJsWVXNUXs4WLPPDkt', 11308), ('34z79XSEvxqwnRegrTCusKt5QTjcxqgkZS', 149656), ('3PmBBGT8HFDRjYq3QdTUGcRTX8iXwFF5yj', 2388043), ('35qwUgzvrMsRa6Cwh4JCgqLrGWfPpJh3La', 147878), ('bc1qqmu04f25t03h2vncpwfuwlvw6nhdqlygsjkx98', 760073375), ('172jZVwpAA6Vab8Dusjv3d6opdp7KkgJmX', 23630), ('387LucUuZn1oXQyaFvbdyg1dPsWae2NJ52', 48922), ('33FdWFgSnYsDLDmERpsLw6qaZuJ5BqEAGm', 2467720), ('1Ex4Q1Hdt4tcaVyT4T57RUNqFyZe29EZVk', 78746), ('bc1qhhtepk04ap2834thxk66fgrffdnqdvxcl4ryjg', 31506), ('35RFgsU2bwpHxYNZYo4s5d3vpxYmsQPbYH', 449277), ('3QMshCgAWTjisNWY7yUvdec7aCmFE9beje', 158000), ('369rse4ikhn5BkeAp9v3yH8SiwLhFDkWvn', 64596), ('34KeWtMPyCEiu2Bfy3MGfhqcJ1t9QqJiEg', 117742), ('1EtBPumNqaqdTRz9sn7yBbfbXhb9H4aXUM', 598472), ('bc1qg6vsenwdqlyqrvcd6cv43l063rc8m4ckh4m9td', 460427), ('1CAE4yqEgTncAVp2NRoWmuBFqYCF4ZW6Nx', 131000), ('3K6KcQFo6bUdGDxwE7vgbCFvJKpf25spi7', 6750936), ('3BWb3TZeDrswHpAECYugMwisaB5Ybo8eKJ', 50000000), ('3FB6gKS6sfqyTEGQ7T82unCN2eNMyCfTtc', 1506638), ('1FtHGXekziapwoGMiPyLf2fPYx1aKoRPR6', 504176), ('3B4X7wdX2qszZR4PDiAJyCvGcHdgbp1u5a', 178027), ('3F82ag5uS6w6dyNZjw51v8Wp86Hen6Eug3', 5911480), ('bc1qgpsq6lanjh46m9s94dyns6p4ps6xmtaq5vz06q', 5588140), ('38Gm9RV77xPDLXqKjAt8Ydf4bT5ShTqX8x', 113439), ('3NsPD4t8aYNs1wHAFDjqKgLyk7AH7qzQBw', 788918), ('1Mgfca9RQLJAGswy1JN1pH3EuxnKmzY1aj', 14177), ('3HSeUeQEqrLuYkRgKJ2pK6bCLmL5ctXHfS', 21262), ('3QkVYEmjYzDh6ufuiN843m5v2Qa7vjogzV', 23464), ('1JaBMBdENn5XJg1BT7UwkZnmtmR3CcdFh6', 488791), ('3Kz97H715hFdhAdgUQntgs91YSAtYWkmPw', 147878), ('3BHb33gTf82zv7Zzjsbsr79vi7WvEwj7Fw', 34648), ('3JHHxv7kwDrJtBaNaVKBqBzAd64mPAk7hb', 39411), ('36sXZ6rS4WGFSkquR8aynm8eAeULv2b8uT', 5024345), ('14xoXA5HMWU3zZyyKBLxC6DcKmJEcMr6gE', 34995), ('3PpXJTyvKtaCNnBJYudFj12cE5CzM97h4e', 2397186), ('bc1qu2pn5450fyku4uzwypfs5pldzx2svfr35uksdu', 85597), ('1fZEDMYWoWyVANgGsuGyZHDNzoGQRh32N', 664323), ('3A3XRAQSKiujX2ipgBidA8xAVpLN9eyhfE', 1051913), ('19Wz6xa8mdZujGzxuWeB7qyCXFjDsFV9sq', 19927), ('3B7rsggsAXpdLAgbnPXAK1ABfH2sDpGGtX', 157878), ('3Ghd6cXNeRU2TffqfmzbYLb4MRwwboYwiq', 41082), ('3BLHFXsNezUBwYhmiTqceeKtf37p51tnat', 72613), ('bc1q7jhns4ufwma0kfdvxpszlx9yqh006r6nqdlxaj', 125996), ('12cm879dYRfgjcqmx23Py6sg5qAeNApna9', 12603), ('1MojcxXg8m9m8S8bDbpN4U56PMmBBhJsnD', 286373), ('33MYWL3VzX5w9nziEi4v49bPQHY9gPUyYg', 72422), ('1BsWYZTySmhGiREvD1kDDE9YStzT18Ub6a', 748104), ('34cUMvieac7Rfy7toL9DmwjaDKUKb3dh58', 24071), ('1CAbe6cWQQdnXaq3P212if2PvZGAjxcoum', 5512344), ('13yfUvKQ1ZggSARyRh6gzxj24hBE7i2wCg', 55843), ('3G3U4tfhXN6A4j4jX31WKLrhMJ61MucBAG', 39383), ('32Ye2hgQrXfubKBzejHVXqmMm11F3FFLbW', 223640), ('3BQZeT2VfArRS22pMHzGhFhsDWjRbxiar9', 314985), ('1N51xyy6g6tfdFgZVbSmjYuYbR8rydsb67', 315149), ('39nr6pHkrjtU9KyMfquaLnRcpa6oGbBwC4', 749343), ('1714Ph3TvCdKMFxtn675YTMugLQHdQce9C', 130407), ('35C7Fb2LHiNG8MiDmYZTucgrMvmBfPKYF6', 30894), ('33fLE8Negv2TGr6H1z6puzAj6y2c7wPVXJ', 322860), ('3HZS5cG3h9rcH8Qha9489VqGwhb8GsPjxE', 79000), ('1NEnotPtGaAGvAq6XNX4QLBvVtkzoobKwU', 12146), ('3LCkMHWD7kq2FFEDuaCayvkeu6vifuBTD2', 415500), ('175FRUdzguqfw9w6yTdc75ci6Kjx4neEog', 87172), ('18s5J6R1p9y9BgJfRfWf9g1pQeESwKMuvu', 425230), ('13C5MjBYB5d3v9Kp9UzU97uHDALqCeKTGZ', 15788), ('37kMAS6v69rqYSc2bX29G1s42E9MfG459w', 473000), ('3BLVCyb2LtHh4VpKm3BxZWQ2vqhnfxSqUJ', 3904082), ('3QQ69kTKdxWjAtmRERskKJJLUtSXLJcRTD', 15749), ('19RQC59ZdgpzqY5BLDEZnwWtXR5kjUTdNw', 1574927), ('1AACcukZZ7TNgzhkxiyRpSKjbxxtX1BHaj', 876240), ('3D2HkNnW4QnarK8VRrHeCSF4XjY4xBb3yM', 15594), ('1HeQ7Pjip3FybPZP3VfdCdvENwZdinwNz8', 445100), ('34m2RvBvGvtKUVtvRsiz1YMpoqe63bEp8K', 298585)]"
3,0cb69431928ceaed112bcf0688266d6e87346fe2aed0a05c5ee65d07622fe5c3,2021-04-10 03:19:36,"[('3JKK7k7byvf118GYvb4brGYzse5qD7nHiW', 54743463)]","[('1H4tocsiEAttFoV5DUQuLbHFTVc7Zvqy69', 67932), ('3NCULzz4QBj6gCHUT3RisE7TtySBSQ9ch2', 101893), ('3HAoBXt8RymjLnb1DSSJwJ8kF7DqG5KpR2', 52649), ('3Bod8cA1vjdUvEAF5vAD6HjWfcvotmd4vZ', 356641), ('3QKtCTURDWnDnAe3ySNjUg7YrxSmEVn9u7', 127110), ('3FF85grWR2gwM6GEgV3qDNFUvvfbHbnKYR', 131721), ('bc1qntermtq9gy6kp96ksygudjnejnft2n3q00uc3p', 1622838), ('3DJwGcHQmG2FGZ2LYzGiwYN7qTX1d5wqBL', 25473), ('bc1qzqccwa9py8t8dgpcy7djxl439m9jac9ugzarp0', 13568), ('31ypoddnZQPU5TnQWW2BisG4nWcPwBs9Vg', 84898), ('3LJgBbkDeDbq5RHxq6DBk3iCMw5pYeQkqN', 895099), ('19rtFEACuM8wkeiH6vTo8zmrMh82DUT5Da', 5392301), ('12qbDj9SCDUmBL4i9ffD3aE37kCeHL13kE', 3396577), ('31kYTqRHnUSqQbJ5vT7k9FDuZxKY4UYGKu', 41076), ('3QcDaCZnPzMe1ZRwP4o3GRi7GeixvQrGXk', 13069), ('bc1qal2g7x4g73tzkhyksvzdtnqu5zspygr78tllqt', 8174), ('38Ei9NXoxaGY5Ni5jzMB8rLD2LdABLGJcL', 27247), ('1D4ggFedeVochhGwWv39Q8RChVW85xRuiK', 3396440), ('3MgYmQm2p4KwmHuYqhGLQQQjhy7JQyDtGF', 681536), ('3ARv1CriucLXL7w88vp9jFoWHEmK5Pa7kV', 50949), ('19xcsEKRJ73C4ma4hXYe2qcL6ZqCXSFtPw', 81416), ('3H8b4BJJCoHKWsUCi7A3ap8gA7u5RqV9vN', 500000), ('bc1qkng0cep6375yducptysqvkjwckrhxy3fkrmmdp', 1137191), ('38mrHjzPZt4a7zpsHw4HKRGYSsPq1HpfiQ', 3320204), ('32729pPovTWYscZNiTEy5WSCnhGw7aR3rf', 37361), ('1K5dH6PYNL76g9DUc1zPzYFuvyr8d8W5cH', 305222), ('1N92MmYn9qQ9XYfVea298RqpWWYgxx1KLu', 169593), ('16sJWi8r2Qicq47vaA6XMJXjXyT2ECpg3u', 78114), ('3GHf5QEopxcif3pM2p5vpXJPNtgb5p82u6', 432798), ('3EKKKQzCttyZiLXU2aPd32E69s2AagT4mc', 407573), ('1HzhS71H8a3aNFeV7kDz1smWGUPzsTfeZB', 1153324), ('35HjgQbzPcE9Z9A11uf1oVnZnxp4YvFdAN', 338151), ('3BZdmCsVzmmecz3g7XepVvUTJksxDoVPD4', 391303), ('bc1qxzcrl3ufnzedjxs380ke5lktfchc2uf7mmn2pt', 694986), ('1M8fuuN4Ff3WWFfaMio2URZSFoutL3ism5', 71101), ('1NseUnemGL34TTrGvrqwTWc7PLvgmoHfu8', 1696065), ('3AqXpS1quicwTrwSuk7b3rU5E5nxarR62U', 35019), ('3ARFsdB5vi2jSRuK5cD5W1djmsxCcvh6nv', 509466), ('1Lt28rA26gQpekkvK5TfvgxDHLgyQXS64i', 1528398), ('1343axTEvoJfcQJ6cUk6VW3yyyciGRzjiT', 44055), ('1KJC7tEdognQbqfEAfejTKD8qniQfyxVCi', 40301), ('1GvArZrQnGSrVx4S9r8ptvu6LR4yaE3Xwy', 4466102), ('1KUwNEg98gRXSndxvNHUH9nDk9RLipxNhu', 113389), ('3QZUJG9aWR7NXTDvvA5ohoHN57Tx4WVpt9', 4355691), ('3Cipcxxu5JG1ADddBDyZ7Az1VpRWyZkNS6', 206903), ('186XuBaRkqmfTFJA8xAGRaneS9hV7ZPjDY', 110304), ('3CRZiZdmUUkNqHeyA58qAiW9MtEJV6StP5', 83866), ('3Mqvoq1K29BqpCWvFb96fkppPCQ4Ayxfzv', 1760000), ('34ZKgF4xJKjooR131XdhXvzjNDYENfWU5y', 116499), ('38qtDed8zTDNBnA9mR4STUMr6Q38R7acK9', 67797), ('3KrUtrj9yZqb9Mcq2MpYwwF3CWzyBYEcce', 339593), ('bc1qk04ugmlytc2sxcyyvggkg0v90pdccsa5g5r4ad', 13500000)]"
4,ccb86100735d67c01d74759e1d1121774033bebec48395ca9bb31f6493788032,2021-04-09 20:29:38,"[('1A5PFH8NdhLy1raKXKxFoqUgMAPUaqivqp', 4550814327)]","[('3PuiJUGGjMo4gX7urGzdFM4pSdk4t99k8n', 1000000), ('bc1qk04ugmlytc2sxcyyvggkg0v90pdccsa5g5r4ad', 12083700), ('1A5PFH8NdhLy1raKXKxFoqUgMAPUaqivqp', 4537702914)]"
5,bd841d2a84ca55484fcb43e38030657c4c9cb926c41ade7f38d147e76427becc,2021-04-03 12:20:26,"[('34SVNbs8fgiLUFi4U6ofmFPGjodrQ8kjg4', 972940), ('35fjAeKmMZU1Md2mKNqLdMRq9X2qujdN3f', 966591)]","[('bc1qk04ugmlytc2sxcyyvggkg0v90pdccsa5g5r4ad', 1902360)]"
6,543fabd3041bb36d106e25572fc8829a967c32b11d145e7e8b96999798bd6b09,2021-04-03 00:43:58,"[('354t6PGwuVMpjAd1Kui51eiyDyTdCGCjZW', 4501211415)]","[('37q6r1ZCJpnBEaHMsACgmWiuBUiydFAPHR', 92000), ('bc1qnz784dqa5pljtltmukpt7rd0rqxwp8276ekud9', 100000), ('1bKrvNTyYPRLvd2r1vHPzYkKYHXRFidCx', 2225146), ('1NzKVBykTWGv3sg57rBSByE7CV7rVBxERg', 2949460), ('bc1q5rxyzmt67x7hm5v0ehy2qgr4955k3cg89mravf', 6160247), ('34pNoHAJKzSma5K4gL8o6TteXMrHSuwzmZ', 9736515), ('bc1q23yh2d5n30ycw8wjaa6jmhkzxl4598dk5k0xqu', 10000000), ('bc1qshhvkjs48aru4hxqr4m47y4vuqnvp0raxxc356', 20000000), ('39gsWRkCoucouxpZBe8mwfx7jxdHYD9zx4', 35000000), ('3KdG8hqteLL9mggAdTi7G6FzHNx7hJwHyk', 35207822), ('32vLH9tNBsKtqW92ouNJpUEZyYs5U9XPox', 40000000), ('bc1qnw664a4gat73vzcy84p8fr47rc4c2kgk2kfyxv', 50525550), ('3PAiLyxgo1toMkkSDXECmeFe5FNTwzBU8Q', 74000000), ('3DbFPZCXaMF8sxJr1DDcBnitATLJVjZnC3', 95688955), ('bc1qg8tfpja5kae5kccentr5lexg0g8u0yku8pmzla', 100000000), ('3JKk67uTX286gta3i7jqugiHzBrTo7XR2r', 100816762), ('3HrHF5BUSCQsh3beiFtwMtorPvGZdLTMAu', 125000000), ('3DCFBgWfswete8jTcnB2ySHEntSTb9w2UF', 129439215), ('bc1qk04ugmlytc2sxcyyvggkg0v90pdccsa5g5r4ad', 150980230), ('34LkBqBc37j35gnSv6uo1SBM2JxEQAoPaE', 175000000), ('37XLqdaoV5TAPkohoYjBdBacee82hD2cVp', 401872071), ('3Ppo1uecvEzihFKmwGuvgVq5d4gxN3Lv4P', 2936346743)]"
7,84b47a8c3c92f7633616774725dc3f7ff590890dc3fde239825296e52fcc75e1,2021-04-02 02:13:42,"[('bc1qy7yr68nugrdl02u5p88cvgnsjj90c5fr6ysfe3', 540943707)]","[('13zBjQQfWAqrwdwY9jCWrcnJY27UDhdtXi', 309251), ('146dNGYbuRZAZDynGKxmphdENrp1y18FJJ', 24877), ('3N7MJf3paqQtaAUEHhvW3iqF6eUmNk1VwE', 577334), ('3H8kbduQaXA54ni7rdaWxysCLStZ2BBoq5', 94258), ('1APPRVTEGpV2YUsFkXHdf62Nr9H58e5xdo', 241148), ('31yjPq7g8t9dZKUxkK6jBcM3sUxbhPDpdC', 22082), ('3BXTPzRJj7ac3q9SkKSUgFsVuJ2sxuqrLe', 129570000), ('bc1q6399zytdql3wv6pal0up4s79eg9y7h7ap3x070', 426000), ('1N44i5zLR8H4AXPfiXLZook3uvHbJnXcvh', 159907), ('1BoiELQLmnSz8v1Les94XWF9NXRXyjDVTY', 339591), ('3PVFSS4YAUA9LvGr1pH4vYaX34CWka1fz5', 271900), ('1KvK2YF6vEfCJwA9nwiiPJR8zwoYkFS7dj', 1696065), ('19Qop9ufEH8vLNLxVbT5UXWUiCfb5jJ3yM', 330235), ('3GSMj2urFFhRgZGwW5jf6KbWoiZFRMURPB', 53215), ('3DSSNa2R1zhEkmrzqBhRfdQPjHayM4iD2v', 42000), ('3Qfaq76TiDzfampFwvcDKxMCojPcY7zctN', 3402399), ('3Fh4cZTTmrXaGJdKY6SHRdYQKajUBBiByP', 110623), ('3LHoXU9udJkv5nUMckBhsFxhMLSD8FEkEU', 427538), ('3Ef2UrBW7gdzXbPnYc892CmqSyhbtkT6zi', 47765), ('18Z6QFKAdYTdoATKvH1yki78z9LKbtNVZi', 85328), ('bc1qgxcz54apcjqsgn0nek40ecfutx0catt0j3mlll', 25600), ('1CFsh66ykCJc97vULxJ4C6SdDtrk2YidNG', 52649), ('bc1q335vee4f60skcp6p3nql8rkhpaf3rkvfe7txe0', 380647699), ('1K3cUjnRLCGWghysN9npuXTcNWiccTbZB2', 16978), ('16x6RDVzwHuxRnZKWzyHnYJG7Z2ZiFQJco', 382315), ('3DbVuVqBAU7sUr29CsFKBAzrX7qeMxn91Y', 24360), ('1MN2H1Gt6cLNMFMH5zbrz8eHAi4binrsfi', 3195000), ('1NT4WcoCyGxpHr1GFnZmR2gYxMbMFMfWjH', 81466), ('3H75h49NEXxnch2zE6aES1SdbBmXzgQr5F', 53217), ('1KTBkiePaRANNsYJzhEEhkx5mP4yrvk3Wu', 51000), ('13cVR21etaq4snLzq37yDMLHomNd6AXwtG', 518338), ('3CTUEhkzXyJrtGJkTsD2tEahWt8W8ttRUm', 495766), ('1Hdu7yqKWzavnsEGHhUXLNj6DeZXagj7dn', 16983), ('38X7mSd8phxrjiemJKakgLZepEAoJt87Bg', 33983), ('bc1qk04ugmlytc2sxcyyvggkg0v90pdccsa5g5r4ad', 1900000), ('1KMbaNkg4r8YePLRYj5PfthTVkvHbqnCWK', 16983), ('1PHwVZSW6hjmFPBbRAxYriow34PYWbBrcA', 57442), ('1BUQoLzXws8UtCQGHUWZgdqmTm2srNp44x', 2000000), ('3J6gc232QEC7D4ksG2gvH3YTv1rxsoP9Bx', 112800), ('37DP2oDu6nB5QLUsf9uPf6DwzRiJikxyDW', 247876), ('1CLzeyu1cbCqrxrivMX7g68Aqyjbx4szXa', 891335), ('bc1qtrfd0lewf7wk45dj7frwqxqkcxeecx0he59cjj', 1000000), ('1Z7t26LgEZr3TbdQoLZAXGWq3GU9iRM1n', 2000000), ('3EijahoUDuNsFde6DXoDySWVmaV9u9Gxb3', 85332), ('3FULYk4ZoVwwiD9bmiSKsQXp6NL5PkTuHL', 355098), ('38sZHe9i7d2zdi98uYMxqAVqDbf5dHA8jZ', 410508), ('3KBLp98Zu3NJy5WYkBPwdnALXjYNdJ8qEr', 33929), ('1KExXfPaLz5EueLTdybkcEGMbW4rJC3JiG', 110465), ('1Fey2nnPXRmK3Zf29VR1EHpTtDRjUSXW3h', 81316), ('3FqZ6f1dmXzsycXwXMEsbz4edniQNLLSeG', 393481), ('3AFkTGR3V22ogiMEmFQ3bByHScgatCRQn5', 20380), ('3FMqxKGg2pUjCLM8WJzxd2LAQDPbnGdimW', 84917), ('3JfyrjRkrFxZttcomvf9U49czKSYMJFz8w', 101898), ('1Cfw6nyYUtKwKSEB6Qm9pwTNXCZFeQGMzu', 839538), ('1LLCNJL2PwdAwJhBVois1uyYFMWdwDwUpe', 212764), ('1FwGm6CJtajuHrYzMLF2QSe7CwiMXje43q', 764239), ('3BMEXhg5Jciz496QTtYqyjYMjgqihJK32C', 931578), ('15gcgHaHCGXriaX43RMVYnxkAwea339u7P', 42487), ('1HCwvFszpCtKbSZo4KKEjFHAYGM2m5JLL5', 195310), ('1JLPN6s3tNwQjsjMuisbUSivmZymo4fAvy', 44779), ('3Nzuntkf3xHhVS9cxAkRhJaP3U36EkP4TL', 322433), ('17fkcNZgxtWy7u1GRS6WLr69GGf7xKV8qv', 498657), ('3PcxWBNDrqA6L12xMdxHhRv8wDeu7waGhA', 3190672)]"
8,2b2680179a0ad9528efe48405735143eb8dc34039b32a61279fd71baee650983,2021-03-31 23:00:16,"[('3NbcYyd8FoBz3cpfAtJZ8iJZb7EsxCpYjy', 81135020)]","[('3DZzWejiVZKuqskz2gmN15A9phbQSu6e2C', 10189), ('3AEkcmPUYX5TRdJwQy1Vm8H6REpMdGBvce', 45510), ('3QMQWiJVx2MhG3XR7k2JBuntxPGmMF7zHZ', 52806), ('3HRWNmLWyZnFEighhVb9X7z8HGKgCbkh9r', 3550032), ('38td6bZFBQ2Rn1m1MQHWLkmPgx7S5gfek2', 22440), ('3CTRjPAkRwSXuFNkJk7xn2iHCHiCxzCgx1', 90715), ('1PJBMRCCQp2DwMqJyjm8ZVQodR64isBHJB', 61893), ('13tTgn6KqqZsEeheNUxakx6cckSgZaxSE1', 234869), ('bc1q2gh64xr6zv4s5l99hz35243fp5j9pv7l430w56', 170501), ('39e8zgfKTDppA7EtqSQXCX3nCJre2PT1io', 477403), ('33GUnFxpGgdEagb6a1VwDiCn3zHkLiZoTP', 117715), ('1kjHzHB7d6BTHEqeRWpUD4Frp2Loiu8jp', 292280), ('3E3i7oDV26X2WX8SUGzqkJCyr1zGPbmdnv', 113817), ('18PLNtDST7GzaHday3UZ9AY6Wx2oRUiTro', 85301), ('39TPAnQfStYZ1ivvcdEMbzFphtW3XndLep', 699783), ('14WGDutnw9ygteHd4HdSdx54CqR9wQQXMg', 161561), ('1FVsciHttMWK8C57QxuyTHrynQwpcZBBcH', 92969), ('32H2JZubHWh3sNok3jzQQtH7oyzuJNCWgH', 22484), ('1MV6i5nH6vSTQWMbPJmgE9HWhBYM7wmj3L', 167665), ('3Am9NYu3c5zWe8YwDcvguuxJLhm95TTLSq', 127789), ('36tYmnkjdAfoKg8QBiodGZ2J9L4QChu3v1', 1697804), ('37bMb7G316sqP71y3mFDxRkWkzRA62FMsE', 108944), ('1217UijsTrLDEVjg5xBf73zRJhF1QAK5QR', 34068), ('3BGK5a3bF3S6GHq5PjFB3WmoLM3RB52opw', 848913), ('3JA23ipV9VCTpW4nqhYtsQrmgVbLHV28pE', 15000), ('bc1qp3hckq259z0d47nsk3tn5ahvasd4ek9dxg4xjk', 18475074), ('3JL46AfeQo41kcNGBbvD63ytcixp7NuJEN', 42585), ('bc1qx8a9f6vqw932nksjwnuqf8p45g4el9p5ulwk8u', 12600000), ('3MYRNHxKUwPoNxm3XYgc1FLK9VVjzXZYhX', 140526), ('38GMxnP6zSabNGCfwKsSnuwYpEu4u4cHwX', 83045), ('bc1qasuk42fht5cjw9d5yugthdg0hycg68afmztdre', 309866), ('39hFb4gP6LmJ4j3veog5uxzZNvUzR4PKgW', 820000), ('3BDd1y7xAkfH9hDRnh2DyWxM1QQBb8L98q', 878038), ('bc1qqdp00za5dpsc9qg8032f980r0a6vkjqazj8xfj', 81631), ('1QHGT3cpGDbwBouSyhomRPLU9txm3k3zVh', 648664), ('1HnPXtYYWWkDDD4VHPt2KjRZDxJB1Tb375', 90741), ('3L3S3ZAoyU8EHqYULHWzCvaP8v6BciWWBm', 516244), ('3E21c3gRqChNhwUBf8RE2kCYWTieYbyRZx', 414961), ('3Nbx4vduy6G9TjL2sVDBm8BJdCEo9pGcWx', 98723), ('1At4P1W3uuMLab8nNNWQ4hJjXvFiMRW5z4', 170406), ('3L4zxdppo6sCPQgtLvteHapsF6wh229QGn', 42585), ('3Mz1RpMHHPkpfubazS3UQFxJLTbWfuq3Ks', 1993594), ('1KRJD6ePGatWekJKfnwNZze1kgWmUiZ1Q7', 10213), ('3P7Lj2YfSdkVjHErQACxBLsehcH3YTxZkT', 42500), ('1EQR5CRC7G3EzQEjaruKzd3i8oLifp7xCp', 178858), ('bc1qk04ugmlytc2sxcyyvggkg0v90pdccsa5g5r4ad', 3000000), ('3CnR8NvE86Ru28ZzejijW28DdWPWxnXPMq', 10000000), ('37acS2J2JdbzhY5JmXeWWrXEFKyYvBzqfR', 42625), ('3P8wXaq3dfxRXkfaCB683xPaphPEFc4qWF', 54000), ('1DXb4bb68tCz26Dkp4eFBWhn2QR1zA2K2L', 340681), ('1CWTsmY3by2ypipKuWwgFJL3JbuY7Y4hwC', 127775), ('3JBfrQAwjBR65uMmcFbYQquW3tsPmw8fv5', 77389), ('34f8ueHwdAGEQ52o4nAv4bF2qvjAjWgbK4', 39812), ('39BFPBcJguGRJvA6bZVFHmqRdKuK51FbVv', 1789678), ('1EzLRF4QW7rNdiAmJUmhbNfGTuCaLqUxBt', 201484), ('1H5847Z5rZdVzdEe7pvyDHiWq2F2vzv9DH', 40916), ('1PCBrA62KLfHTQGtnL6VZqZi5FZFU7Kr1g', 205857), ('38PTnnEHSpzbyvCX9734MopXLAyyb1ZKvA', 3399060), ('3Cpc7ATTi1ciLef47CdKvrc6Suk2DhNLBj', 30000), ('3MUEyHVNdg6FoLhz2K4Yc79bjJGM5NoXYA', 831650), ('32M7gosUot92uEVDWLYKb2SzeipHvtqeBk', 85282), ('323R3Umg4Kvqge2SaLXd5ydZG1YawVqxH6', 47688), ('bc1qhtelxslhlztuw96w2gzkh89qxzjp5q9d36wh65', 597800), ('33yaRv7wxwUgT8vxKxHJJxvyg24UKejTmC', 366879), ('35MkXqhwgEEzMZmiAT5CgDkKVTDBob24Ci', 117912), ('31q7xp5YTgPxnzSmoZiSW18AWNoAMJgfKS', 62387), ('3Bt6uS4xBTKZAuQcDXte1gnrv1trj7gNBB', 323294), ('3Je8zMwDMLq6qtDCbWr1bTAsoQd1enUMg9', 93254), ('3LR2RVZgdsggzrcQsfYS2fw6JPxNgBUGAY', 855792), ('bc1qmz7hj6kdk2x5e8hwwx93wwdxd9q297kg3y90n0', 60191), ('17WCjqxVpSD5R6iuLHkmSmn3GcQHiouT79', 3403698), ('3FQVta8BspSzbg6hc8Wgdb8Mo1m71yGuZF', 10000), ('3KTLPT2CzB7c5BnExri2T4p2AQ1jnmhxiU', 71573), ('1Nn4irCSLwccYS6dgiLmuPRY3zK3n5WeJQ', 10220), ('3N7dKiDGif5g6aF7kPcHsSXZspiD7vAxvj', 81760), ('32NTgTD4nAi5DuXJxNLYarXTQvKZiRbEDo', 7323896), ('1BbymCck7Xtf2YwNBMat6EsUKE227idiY1', 136273), ('31j8YeC2bwHZwN6E52UaDdZUF8FX9cZixu', 156779)]"
9,0d34a5df61b019a0b2751c8fb877b5932ba272baad77537f9d5152ea5136955e,2021-03-31 22:33:57,"[('3DdV6zSWVdiWZj1CpnC743PLFQ3gfjKsyD', 48623294)]","[('36itPj8UFyLGBopZY7aa4vhdWgQ48cUfVa', 421779), ('39C3EnancJU8cDCeyMjfjATDVew7TW9JuT', 100209), ('3Jz1v2KfvKFYWwjBJM4gq5DdUiroBbueZt', 1650571), ('3Juctp8FDga49sxdzuaTBeKbMKLSLvShnL', 178255), ('3FtqFTbjnZBwK16N3UHjHsytguY6wTs1KS', 117194), ('1P1z73yAQUyBU1kFhPCwEEUvW6gPyEHy4T', 339850), ('bc1qyfjd5w5rnq5q2j2hwzk58zmnuvjwvt32qveywa', 21300), ('3HqiTmP6QY7VGZJzJwn5SjkXtFVfxM6h4V', 850888), ('3DcGqbKBdd8LTtQX8VsmwfaiuG5g3thuFm', 84923), ('1MemVYekWMyEAE1ydv8duWddeagPBEnUZF', 85448), ('3Bc2vWQWpW4L8VdG35BCRf1FMcFsYVfVLF', 61845), ('3Li1S8fUTrGUEr6j3hsiiGi36pL83G6oV2', 170000), ('3EcQsvQehE2se7CRxfUtFZbz8ChCgtNeu9', 85129), ('15buALtUnpwZ4Ws7L6dZVMkB7SBP5Yd2mM', 1644939), ('13uF33JT9z3iTooU9qBjeSMuD9qfVeaRGg', 92986), ('3LkEWw7aXAtgg8rEuQn6vNHwZPhWn4vL6F', 144651), ('bc1qdlv4dllwhjaffn22mmgjhs7csvfp4nzdx47ag9', 42618), ('bc1qk04ugmlytc2sxcyyvggkg0v90pdccsa5g5r4ad', 340000), ('3Kivg1w82Mcf9psYZfFduu3iiJ1qYQpBTm', 149743), ('14bPKB9KYEB88T5Eit9i5ogVrWUanwHdb8', 118892), ('3Doy6RuoimZMeF2jQoDJyJ8WSuGdjwi2yr', 340542), ('1Nhk6dMaDb3shydXRrf9qXQ3brdXwzFVtt', 199549), ('bc1qaxcem3jslkug3fuayuvv80xhvn6p83tye3fjh7', 13439), ('3FT2bTJgpmw9U6VmmwmkaCt9A2DWPNxAyC', 160514), ('32wmFrtqS71GJELSfcidxsxuo7EWeCiPgx', 425869), ('14Xn8YbQm3qQNhJevEaoXPgjX883ofbDe7', 849232), ('bc1qdvmy4arzx749p2jqpmlh93hxgwypcydxnsrfym', 398579), ('3NtSpdpDGTbE1kD3avM5fGyWpeaMHE5uRR', 64056), ('3BBz4Lnj9PuDyCqoRk9Ln5tw4oUHHQw8VC', 95986), ('3J3Qjwhw9NE8x1qhX5xiXAyaE3VkC7MEwe', 33966), ('3CkfySTJJpVZZ4KCeXxRxU7KJC32nycHGg', 1703475), ('148x5qXjLhdJjvywTvJbiQh8JrijCMY13m', 5500000), ('3DSCX4SLQqCxY5jG491RWBbx7nstKUyKan', 313440), ('3NtNv7taniuwiPgn1j2g7rnTn3gJkh4vyW', 223492), ('bc1q5t4ehrgn9dlt59vz4wj547y7jx5sqfpslsv45n', 54386), ('16pji25kgmPNXEHN4NqgCCtLS7LT1cqukM', 197711), ('1CRUyzC4a4dveJJ8QDSL2oxSfvWEFAAjRq', 254770), ('19TfaNbUx1ZQMFpJ26ApA1CMHGXRENzgug', 67939), ('1LojDwfntt7EVBbFBY2pZaVjeMwHhiRBap', 1907067), ('3ENtiA4fqbLPE2vfHP9xuDYWJC95ydoa3X', 339693), ('3FpJQBCajPngTbmzZ3AgwuQE1m9WkZ1GiR', 169846), ('18n8zgCaUswVQ3RtPodKvrm9W55mrGPtr2', 382000), ('3F8sRQgszNdh85A3xk3EmBFtzC4ebiGyun', 17029), ('3ArGNU9xQTth2MaCQdifmTuYCQ1y8yvH93', 127306), ('3FdGtz8nv2pTe7hnQn64ReSFKafqTLv98b', 33512), ('1DTqKPeazH3SRN14Y6jZEJvk8uMmaq2hoC', 165197), ('1BS1KSKyb1YmxCSaHGHxfsP16wcTCu3wsu', 1741729), ('38UPa2rcxTYNiZSq9ZnZqJqtjXv8zsrWjK', 61760), ('14qBPNePNcd32HoG6ZPCWaJ8oV2EcgZZXd', 338815), ('3GqLQuBkJSRRxB2d2Pj8yYx61ASXZja4i8', 100000), ('12e8iwg9HVVtSc3P4SjFrqg5J21BQ7aatw', 78824), ('34nsYxXSyebN8BziC5Ywz5LeT5oAWiU8Pk', 30000), ('bc1qrytwl2qtwde63wrs0ly63cyv39hpuf2tz7u555', 10191), ('3F5e8YuMCVxxseXCG9UEexZtkfFscHHCzY', 10000), ('3BtNNNVYbgfkT36QK6bCjTmjCLSkADG96p', 16985), ('3CmyJnqSKHETDAia33Jq7vzSp2PWMiqGpy', 11904), ('3Kqve7SoiT93tFPQx8b5yCpBGebKZBfLdm', 84923), ('3QjLLQGsgjsAqNtqxibQHTXnnerwKkbmj9', 1624793), ('1GnS1JmfocuZc16TFrB4Bwv7BD394fTqRB', 56028), ('3DyxKgeAkYpFffY41qNaaaR7YSSF9pAhih', 413175), ('3P1NmvmXuHs7d4Pp4hppmMmfywmoZh3XZ7', 254875), ('1LDk3fSZFCU2vbM4u32KbB96jprTRj9Ltj', 42462), ('38fJ5mSznbi1e3joVfRan5fNEJTi7e3ZBt', 746139), ('1332NmLxN9e78gVJ4JnkY5owhUfpjfS5FQ', 50591), ('3JREPLHZ3rDsyqQLnBC8TQjuVpEx7dFUso', 850930), ('bc1qq5f6fve0akd8p2g6syfc8sfafj6c2xt4jjwgz3', 279500), ('33ArXGUXcb6vEiKw5xzdpj9C9kG8NHzks2', 180000), ('1Khdi5DvVDW5AnA3NBgTLk7UUBfRA53f6w', 29635), ('113wSszFqeynjbJhdrD3KS152mEhVr7vkP', 8520000), ('3H4KKtrQt6GbKHBunffwLsQsiKac5muzhV', 216106), ('1DdpSVEucx2JN5Cjqhb5N9AEhXA3EUhZCR', 78129), ('3DMwVpc5S4QP2DHtfsqiA6hwCYPBk1aFpi', 195583), ('31xMcJkpNUaywXCTWkHNYKef4gEcMVR6iR', 464156), ('32JYaTtu8a6KuCV1isKL2nz9dTP2SqJpTM', 4197439), ('bc1qvv390w3k39fj8x4u7k24yqcume0gynws386hkk', 225689), ('1FKDKGP7uiSPPTvMwKTpMYG4n318xhV763', 1599174), ('1JBegS5ENGWGdQaZTA2jHoXV4o4jpBrKMp', 168151), ('bc1q6304cuccdqlvcwe7takwvngf29xq436qr9fvd0', 152324), ('3KCCLxiwep5dkagV9aA47TFdahhPpfY9qj', 1530186), ('1MEwWETKfGb7baLmFs9B9pmxQA4VpQS868', 368420), ('3FJcRCjqShucmQediaDP4FLc6TYKfD7Y12', 70950), ('3BJgQTnyzLbA5yUViLHEzXAUetQ1LNuia1', 1397240), ('32eNsBpUvqVNwkEyiNSQ9x3qWFyFiXw9Lb', 90018), ('34ShcFfq7S7VYeHgcY7gcmG2rNG6daT34D', 20600), ('3JzPhq7mdAesCJezdVk6sgTvoTDkj6Vesc', 22817), ('1HWQQooafWW3sKFrTNGzFzWxEzUDaA5d4d', 585970), ('3NFQgNTnJxdtjWnrF92dgFCyvBc6RA8a7U', 165987), ('18xBsBUu7taWz3mMN1Y8g6cR4YXjtVAew3', 43369), ('bc1qkxast7pfzpw2lgvgua27ukpu8kjs88f6ks93x9', 485865), ('3D67eKD8U7BvPtt31JxDW9ed4MjQpjDQhC', 16996), ('bc1qzqptcehl0uf4g7k5j9nde8wrtfh486n97scdst', 11900)]"
10,514a162d6baff1b0dcbc46cbbbcd0935a6b2404064d678d12e28bfe432b9a2eb,2021-03-30 19:15:13,"[('38SUSsg94ftrMe5vniwQwYC578ih94KHd4', 200000000)]","[('3LbK89YLdNJfh49EzsQmUzLnj4Jm3BhmFT', 118956), ('3MvCbAYMi3yw9q7keBv1QaKDSEdwJBQn1Y', 16988), ('39ooZtNJ2SUgsRKLQMNYivzY52CwGfMEcm', 202158), ('1AYj6GeFtCmVguTQYD1Kqaox5JXhXtY2pC', 280463), ('37fJeVJdgY5Nd61mmePixM7BNTDgaiJSKq', 27194), ('3JACsSpwuBs4n15SScmsyWAbrKEvL4BNEd', 20178), ('1XKAzF6mcoAtDvurWHLWtxcvUdKJKAzht', 59819), ('1FgkMUePMBWXuTux2fqPdM4yjrgMWvzSmF', 61166), ('1H7sHkzUTKMkEbaemKVd6Zte9uJVy72B8W', 41149), ('3DRDKAPxcKfCcoh9usLxSuSp6VkHXpi1XP', 198761), ('1ESS7NLR6w1SwDsXn67HhJ8dwktf4fGAaL', 1278190), ('37ZeH57ywiTxeKF1DqGe1LzFe65PyLJAZh', 842222), ('39FTXwg3HQzP4tT3v9Q2AfsBSrQKonkWtG', 255019), ('1GjjrirsFSp1C8VXAavBEXNA9RW464iTXV', 207104), ('32vJGyDjPpdJgXzqpLzqp7S86TnPmCb47e', 32208), ('3NwbcQMw5g1MACHEBrjPrgErdXMBndrFce', 896100), ('1FKGhFgyZKYA8BwGw3ofP3Cxuk3pvQRF8c', 66893), ('1FSyywQZVmhYT9mT61HBdea1ifA2VJtRVu', 115539), ('3NFk4RxtbiMuEcr9er5o4tu5ncxEx8bG9J', 169963), ('1CwHyfjBwPRBimnX8iQLP9BB7xVMpuakSd', 162897), ('3MPD8dtgokmbMgEEyvSsHY3VUEgT9D35nc', 5582402), ('3KzPTcr38Si6Aofm65Y3vbjXG5jfXW7zZw', 28034645), ('18wtPqT6qNDvEmjeLfm85jdHqrpuSXcYnY', 11277696), ('1AF3stLCaLCNgfQiwemBLGE1WtPtXSZQQW', 15631), ('3EZxGvoZdmJvurWkm3MkvtKhgwqNvAparu', 424860), ('1Q61A1YxesNDZxKYrxt4mk4YwPMSyrQkip', 1622323), ('3Gb68NfLXCCdCZDj6sRRoBjHMA4iDfieYS', 169000), ('bc1q6pzl6x50zh2xkmyxwzlf4vhhpz3yu6mwl4yklj', 23364), ('1LabZ8GMJh1HWMnrey9yhbFkzAQAJWuZJ2', 56069), ('3E3fRswBqEosJsp5oribEYPVb4srJzLj86', 238087), ('bc1q7hm7hhjz2etft3qq2tr8uvv2zhc3sxce005aqa', 46516358), ('1JvEV6Qua7Z1ticNxrRdw8bQiy6QdeMGZq', 387500), ('3BQDTpHCKpfYxJvtwawL2BUQef6dhHia1t', 16990), ('16aViFy6DB2PA87GQzggDx9rx2x7ywRfoF', 81592), ('bc1qzpg95x2hy7ytlesknxj8x38zn336gwjmrgxsm7', 445890), ('bc1qk04ugmlytc2sxcyyvggkg0v90pdccsa5g5r4ad', 9860000), ('3EWngnwWWefxwSWkonHWaw2rL4aJwnAK4y', 150061), ('17Z1MnA7hdjqCaDpCUkBroj8DcwChhBWjS', 70040), ('3FHktkDEaUqyHJ9fZqWFMG8CerW7HEfHmD', 29910), ('3Ka87nsPS5rETSnE1J4JWYiu3ZYPym8mRM', 37388), ('bc1qm970h2lmsxny6u95c3sfawhzuglqeh0chmx0ux', 16861752), ('3L7ZQ9RSS6ERfYzQQMVyk6PJC1GoH3Abrr', 413822), ('3LexNxhnzD4hg1mZsnwAG6pzmXUoS6D5bv', 424702), ('35rFFDU9khDEnU1FhFxXJnA9hmNAddcbAC', 23322), ('32L6SGDZZa5TDCCGUBue6oLLY1PhpHkknS', 1227235), ('33aThaZiGNUALdFRjnwxnysS7ACYArEGfZ', 875000), ('3NS4yQ5TdMgvM4G2McMovihVNwLoYWEhHf', 230761), ('bc1qfwxknvf0gup6ky0cz658s5deutwn2yejkkn6lu', 55429), ('14eSYndwwNkXJAQb8bGVawgXgbaqLCjjr9', 14441891), ('144tLrdZYCBeKmjb89jcUCK2pKw6TvuXEL', 135978), ('3FWhf74zpj3pS35i94STAnafy3KEsXhHLd', 105000), ('bc1qvhv9crfyv7sj08zhrdvejuk06y2xq0r3rsm9jm', 169599), ('19yYxBZL3c4eBJqk95YhX5evUyqtJ5DUyh', 271726), ('3QMimuDoqLWQoZBG88jQruS8X9gx3sSaJZ', 273979), ('1H3YwKXVKcVQpTNk9Vt1mDbwRUwcCy5i7V', 1282495), ('bc1qmv34yp48naxcwve20jylspp007g2mzp8rgksxh', 398676), ('32LTqKAm7xeHG28ZBT1typ9GGiZnumAbsz', 44710), ('15zjQwBXtD1NgqjNTf6mHMm9xZqBpctxmy', 47601), ('12UTZSg6YHXKXYSEo78QSGqbgnBk4QEHz6', 2549431), ('1CttXBc4BCahdXweDYrSKnKXshsX3YEW36', 16988), ('35BxN1pSxTd6zYGgV2ZARMZQNKG5KnDb5V', 42330), ('3JLJnXgxDaxKYiCdTdvYELXoBrWvrJYo3Z', 20000), ('37FnK3MMHEd9PBGZuyC2SZuZ6RiZMAJJUY', 896829), ('16AfuZiVsov2KfoqUrYgyEghFiUpB8fW1N', 1000000), ('3QDHkZHgsHpmMGN6Ly9iW2F391ZWVx6fST', 168319), ('341bsbaDy6U3Sdf9rxEi6EQn1PCymv6v5A', 424572), ('1BZRWjeTpJa4scURQUdB75CuDZmDVihKSo', 61567), ('3CSMSmaFv44mxjoATBzmajbyeQ7hSbrK6b', 3398092), ('1QCK3NmB1cQZC3fmPWbr6j76TDipmzuZQ1', 1164291), ('1BoMDhApNyJhPQhLYG1Lr7dza1Ag6kmiyK', 300000), ('3L8Lrw57MfUpC4xep3AjRz1fhuGZuNvgCQ', 180890), ('1FvAJi7VqPC14uJ1LYg4UFiRXkDTcN1n79', 135981), ('3NL1Xui1L9ZJ6WLQmUcDBw9nw8n6SQmkyD', 397844), ('3BjBKZrDhZEdEEYKX3esZrdNdccbVQBRra', 219626), ('19ME5SC5zp7uR19wXTfsFpUUP1c7DgcFZS', 1217271), ('12iN5SDLxRV2Aq5SXvmULQLvThAETzjsiL', 17148), ('16rLnBZZsVxQcDmNAQzP8h9WQfFKoy2NwC', 129876), ('3DCDhQ3oHVVFPCkMudQemTUJ2dndBywBER', 8495458), ('3HBbjH7Yu1CHGPK91nfc8716UznDQ8krS6', 44127), ('35WWg2aLz8MonoUciQ4e5AZjRV8hw6G3iQ', 16994), ('3EE2JSTn5veS5WnAhz4DJKJEhvyAmX3Jgw', 1560000), ('12x1MsFP9AY4vGZLHwNdctzBF3Y6i48i7f', 1193440), ('38kgQK6YEi6G8ygJE4KMyFa6ppDtG9oeBL', 52675), ('1PBaKqz5x6PE9HtY2mpcQPj5iLvhpMMtb5', 462247), ('17MVyVwj6JPnnA4sVpFroot95czg4ABHhQ', 111099), ('3PJxi3yN75YmGt2DNHEJG6gD2sNGFVaob4', 163551), ('3C1CjXHS4JgrVqXC8XPunqfB4TTLCKdy5f', 423062), ('1Fkmt9UdKx5LU3BtRDdFb6DTe75dhQjvre', 102197), ('1GV4qb29biLdMCBeCqbCCxkyhcLPnnXxgA', 54369), ('bc1q93skm5t67nxvzp884uhhwcuwx9k7r2mncefk30', 25072994), ('1D63zcrkGH9cyYuvpYiNrKSGTM9eRpp5eY', 1867000), ('3HmtbuJpykt4W7jhm7HBSGfT8dbVokKDnq', 201891), ('bc1q977h8zjgr6552m8zhh93svaey4dgv27smj4mrm', 200867)]"
11,e3f75399f0e80a7878b82b861d7ba6b0c58f68cf8f877ae4f5660040a72658f0,2021-03-24 01:47:47,"[('3293W2Hah16tBAdWRYbvtW3p3geFsXg7w5', 300242148)]","[('bc1qa9len9z484cdr5u003z8ymmld8fnja9ygknln3', 19861613), ('3PyBDbgkWEKoPVrja7HaVSoFsBxZtaFETC', 2500000), ('bc1q3du4ra0mh7njx6zcn488ejev4yz2u0fghskxh7', 1000000), ('37jnt1jn87iENQQReVQvmTR9EtuDabWqoM', 290000), ('35dtYwVFHLNV1Dh1QAoWixq35djiLGUjpQ', 40963), ('38jEXyJey8bmZ97CFsFVDY8bFJ7JbqXLw3', 30448), ('bc1qvk77nae6xsf4fjfxev5qpp6krjaxs267h7h6mw', 177968), ('3DbaupkNhAsV65f8kJcS4qgdWzVLnRwXms', 149604), ('17CpUta4XwiBAHVm6wweVazCQz5Wd9JiYK', 92079), ('1BuJyk4v6Ygian9vfbmv27tLYvBAgTx9QC', 174270), ('3NyVsv2HCtN3dqNYJZVuX4K8BZNWmaha9M', 164960), ('151FEx5R4feWjHwGJBZqAMNpC9dVMAUHcB', 18564), ('1MkUwWTsZ7JyrXHbheNiZbZsGHNozYkBuf', 359131), ('12hMMDyhtuPkDitEksdzJd7bbPgDMMkA9h', 21000000), ('1MryQx4kxAxHfvL6RqvGkuoWN9dpb9zsEF', 206401), ('1CXZLTXgGuko76h18Za1EuDNa7Mme2RXU5', 100000), ('3Hwg9opk4zVkWdhtNuxkfSoaZAMeqenRkZ', 184580), ('3HVRagfZWr11Hnuo8Wvfdfi8oA6wxhYzr3', 45584264), ('3JEc2bBnERcXqjo5LL8jDvLbRibpZLtjFN', 4000000), ('1FsUzKiNFcnhWspZ8wSp2a6QCVQRhRebQA', 301098), ('1DUdVFQzRQhcgxiN7Twqbz4VU26LsJbVq4', 174825), ('1LUBfjX7UcPBCDK1ZmgqivuvgmUDyzmMDt', 64580), ('1MYygHYM5Rrh4JskCQKY83M93gVwQBhtne', 350198), ('3HKYHsBbtMDjgghWzWNqTyAwWmikThyxcy', 18410), ('1CLbpkTbDD1PmmWq9X8FsfHodo6xi1ZMU2', 92157), ('3EiQ7BYMKXVVLGBDYVzAnmq2uy6XxGCfWE', 300000), ('1PXt44vdKcQBhm9Zp7BqykNXfxr6W2MGwd', 152239), ('1Nk8DKR2oXvB5XLPYgzFH2F9ovyyJ8fLZR', 13045), ('36JKhB2DVodToT8zi1R2xPEFKCqjW2jaX2', 13396), ('3HRXWa1rESkfwMBynWTEwkbtVgq9zd3dsH', 85860), ('376XdqcwL1dckPUUbFVodH216ppBviuTLS', 38706), ('1BqZQSvNkYong8ZD8Xs3zHq39pBoAHT96b', 36818), ('35RP14RDYiyyCvMPh65gVrHPDPH2H1bNBX', 10336), ('112F6TPQAqvJkxDP9mRh49fT1UUKBz4xjU', 21935), ('3NfPxpnPrhjCGtAnUUJXYPCYLMUn4tJ7wp', 129634), ('bc1qk04ugmlytc2sxcyyvggkg0v90pdccsa5g5r4ad', 4900000), ('bc1q6v5j5hx5j96afyk6vgxwccfyqn9mpqwmkppl4u', 1844813), ('3Mxc9sSpM2mGzzf1Ccg5Rb2vL4gCtH5KuS', 58247), ('1Bgs7um88PxkfMqtK1Fk1rzkiVqvynrkmS', 169570), ('bc1qzuzqus2kjlevja8caayj3swv4ntk8f0n86x5yz', 1254765), ('bc1qrclsj6t05dhtx6cp563gvj3zkwdn232kwhx3sv', 187028353), ('31rcpfWprsX8tvUKx7syRK1W3bTYonhAiz', 177323), ('37zhgg3NnnbNbbATDH7UxMwekAWQ5futMu', 3072076), ('13RDrQUAVJxFmCZzNDXL2v1yELz38eVkq5', 801199), ('bc1q25letejrjmr27re4y0d3whf7emy64kzet4qhsh', 184308), ('36FfdAo47WcmwxPGEGsbrNhxCw4zztcxoH', 12619), ('1MgiJoYUvqC1hTGsg3ectvkSHruhscdVyw', 23928), ('3Knzm3wtw8xb6eBYH3fpiVdcykhg58M2XV', 44233), ('3CUuariqmiDqK6T8aAuxRbkWtj4YjEtEAP', 1475107), ('3Q3sSHL5Db1SmRMW3DtWPzU15mh1kCmtbF', 1320651), ('17aa4DnkG6h7s6PJEVcu9tBfjYDEJbURQx', 10251)]"
12,89a570f5f0f3739c44d9e72f78b2e5fcceaeb3cd7e9f1714f3563a38e87fd165,2021-05-26 02:13:24,"[('bc1qyymzpzunhg4scdu6qr3jyf2s3k65h7pud8y7u0', 1000000000)]","[('1PZA52HxbJkt5RHtrY8J9xkt8xustthMQn', 506117), ('36i78484PJ199kV6JeLEZHWyWEw1xa7jF6', 129893), ('36XM1py9CKNMfHSi8PadMoJCsHYTLR2xLF', 718000), ('15u4x7PH6rwXFfnxhtb3DheMCY6c1Dx5WT', 2339912), ('1MiXr89MBLweq8fXdWcZLc86Ycetq6cPdM', 376973), ('bc1qk04ugmlytc2sxcyyvggkg0v90pdccsa5g5r4ad', 2730000), ('3D4WL2HxFqytLPC9C8DqsBv84BcTce99nn', 610977), ('39wt2BiNhUwsF4hrouWTDY1Jxhu57SwSvR', 48655420), ('3Pexch6JwZ3Ciz29T776pGiGn3LfazBHPT', 1529049), ('32WcgkiGfsuBJtZerwHoQqtgJJDkyB86o5', 177359), ('3QaQzV3uG6XnJtZR6r6sZ8rYkGgw1aFhEM', 247675), ('3Qjccr76YduMMcxGENZ6FH5XtEL4ipG4Cd', 369887), ('33AVG8pRTtwhK93fh1fNkk4LTFyPvfDbTn', 1280608), ('bc1q2eru8txcpt6v0w8dcwtfcwawsssgf9wjecr853', 856422591), ('1LxPLohS7HFQFhUGnnyiuhDZQtarnL4ZT2', 7000000), ('14cBBrNgoYRzHc7UaqZgMoY4z5GNYkaHSb', 50139), ('158VUd2HYSKjMDAVEJhyoYiez4PXS674JG', 2542657), ('bc1qhjwuasckvxm4t8p9wf0cnx2vp5xg6v3s5ys8zl', 2274352), ('3KeReaYhKEvjiMqj6zTB5aoT5CGqrQprUh', 129995), ('bc1qsyrwse4uejnk0j4lg2uzplxpsk4unyjqajmjma', 636453), ('3KMKXsBtSEroetciwzjLAL7tUninCZPjB7', 129783), ('31sjFyCPHjG9nWshTSGeRafsAT1LaGYwmS', 768939), ('1dicyjEQf4Frt1TKBNkLaDDdCZhL1NKvi', 135089), ('36Vw6zoM8P7FM7o4Sp6diLbyxJGFeoK4a4', 415984), ('39xUJTbPC4YgoyWqMbZBeTtHKqU8aG1vpr', 124795), ('bc1qp7a9wvpk0q8f60cczxrj9uzjkpnd5cnpvt7agd', 731055), ('3AkTyaBzpe31nA8oQh6AQ7MZypnsKis85c', 129888), ('32AEfoVFZ4LHr93Cv9aUaVZymnKQ3oRBYQ', 280612), ('bc1qeh0ykj5jgf56neczwa23ff8trvfv5cq2vj4742', 64998), ('3BXBEeKcWM7RuQ15QyBDV5NCEE1aW4GtyJ', 79830), ('3Ds19q2Bv4j8tzKCjk5kbVnXVfSRV5gVgr', 19659), ('1D9o9dcy48vUL86EwS9yusBVenusKkKrBA', 105859), ('35nLdTMwfvLY85jPi71bJtJ845FrVTZwTs', 665661), ('3Nuhgqy7wGDv4atMHe7iQ6REEQLS8FgHTw', 1157445), ('1GCuUwADKLTpWh2QC3gTFCgihvLHouPMAi', 2543919), ('166c3J7UBRYTqgq2NGnLbaAqgAPsChHUUr', 38950), ('3LEv1ymB4vus9sK1aHtZt9TeDuHCJQAKm8', 1042659), ('bc1qze267kj4v5au7gv0me6z5lzwyghav9l7dnemsp', 13177574), ('35dAarVpjuNcHwkrc1TXwdHKWjg7LT3D7P', 531459), ('1E2q7dfPBvNQkbDYnrrVUrnMPwS2YWKKJ9', 225264), ('3JREFs8N1k5LcmBU4HYzho2yToQcMbiXKb', 16360059), ('17vJw51y5AzcuQALS5Ai4gytTNxVq84cwU', 1324861), ('327Vs7NTA6zQYAPq1vNE1g5YddRVZ6yJbH', 90224), ('bc1qgh5gqeej883hwurx2j2mxf2cezr3c7cxw3a80z', 125429), ('19jGjabfbv1RtYQhrZNsxQDZ87PjFTFpAY', 569880), ('1EiFRb2YRppbuxGTx3wRkLgLinmHgBGMv1', 991218), ('3DLtZEC2iXsLEfDBiQAXLs8Lz7orvG5zor', 742238), ('bc1qr2lydcmafxwhxjqlzxs82fqk4lzkkypk47f39l', 2587988), ('bc1qpefwu6kzj0334xash7ty5zw622nwq4wufhfk0a', 5000000), ('1AtE17ZuVUnHrJduCTKS9qefGZCo9ABT22', 458000), ('15ENBwsvgxJj93hg6oZzkLB7T5boQqQNJ1', 144159), ('1MZNTG57V9NFFAHP6NkUfksQ14R4u3hYND', 3843213), ('bc1qpgwxezwxk5tuk95mtnzt2fnvk9pzc8wm36cvsz', 232418), ('3LcinYUpGNpvGU38xCSfiMJmRxo9L9QbTT', 1000000), ('3QeN8fDdGToMZgDDZgTb4aXjT1fULixCjh', 57738), ('bc1q8kge90aqsqmncesdwfpvyuxv9850t7er8d0xm5', 250112), ('32Wjc1bhzRHb4hJSxzspQS6P2JuWAR2ygm', 194839), ('bc1q6retsxe8j3vpn9mwwms5tjzn33ajp7cmkl0p0d', 13025216), ('34Kwt3JNQRdF8cw8BwXKmaHvjXg36Jdv5e', 206238), ('1FEPbLJzwqnnjyJENTDS3nte3NvKgbdKkS', 210927), ('38kA4qPajtXPwR8HZG5CqWY8RDGa2W6YWd', 869263), ('34YGCs1Zpvqkfvz64hyAy9uPBmwCRFnae6', 45481), ('17xKHxv3FpYZhjkhTTc8P8RCKTNfBeCuwp', 49897), ('12nbxYHVgVdP4wVF9eoa4vb5bdLrR8yShS', 82000), ('17ZgdvvWTSFDPmjTTVLzZNw323i22uDwtq', 131557), ('18JeYCNb5DCTLMXFKVKcu7S4oyqhhPE8H6', 96196)]"
13,a0d0248ba0fe7b33106cc62427c54474c769919cc306acb974069331733eeb02,2021-05-21 23:13:00,"[('3NJfF1VS3xqK9UVJZyLEwChJB81xR5Piwn', 69394872)]","[('1HUN4mE3yRthQbQPkZkQCFQm6adHm7xQG9', 241365), ('34Pym7FEzMtdU5yKQnVYmsRyQg6hcHmUbb', 81000), ('1G1NZ4o8C9XU1jgYzDqAnqo7WVmg3m5AFB', 326286), ('bc1qwjhvswaal3nc8zj64jdc0jasuzqrmhqe2rzs06', 1735176), ('3LEPnkX9TcdruGGaPfDYdpzhp5zHFke448', 745906), ('bc1qk04ugmlytc2sxcyyvggkg0v90pdccsa5g5r4ad', 1030000), ('1MQMdyCmyPYwvWyRaED1vkJbxKDzU3zMQw', 204313), ('3KFVNWnGKioy7L2TbjhsdtfKkufcA1PpA4', 51905), ('3AHKfSyyVtzfggL7rF7FBNAzuniZ2CKskS', 158790), ('1PwTGFd1FUdUYhJ6yvJtwxzxJZkSWWxLDf', 61271), ('bc1q8mjxqtnkeu8sfn0lx50u9296cdpv43kqkt7cls', 300000), ('1Gz92HcMRkLMZEqcq5VrDdb7swpuUbLFw2', 8084857), ('3PXxPLgjWyiVS5Df1cVWgcZU4fEmBLae2J', 150914), ('18sRsjTSS5aUEuqX4xsfoR89Et88YF3xGi', 79200), ('1D31DcZDQDdKhSsb3sTuNoKHmSu7AHpdfw', 260020), ('3JNtKXAKPt4TTq5BKLmuxjhkCPkpBR7ooC', 93244), ('33tDQwwABZoC545qcbGHeDRbJ5h3J35cXD', 183858), ('bc1q3t7c95qm26sp96umlq8k83n4hayl9ycy0g0zs8', 1000000), ('3M7uaw76aZLPC1AzpHhdM55gJ3M7gFJkiw', 6958117), ('39N3d8Yq2dAJ46nnnsMn9USqf8FkHjgSyB', 770000), ('bc1qukatwjlc4s4d8mxa2sln9427fwqzyz3nmsyqnn', 66445), ('17haZZzeDAPcvPvbXAD2Wy1HHcYXPE6RpB', 322717), ('3DCA7WRK5Pd6yi7hMKwAFaWqa3dYXcMY3b', 517590), ('1JFXykHi28icKphyBGDrLveU7RQaw3reWT', 469968), ('34LpmdRATJuJK9otraQMN4XZ8AxYcZnrVT', 71776), ('3LYjFFfYiWStPUk11TgRF7QRu5P3onqJQi', 141742), ('3BmgqNkrfh6ANV6k7ED4EiEDiaBBZp27xP', 386977), ('33QMQiv41ZELi6UBVg5xDwvZqq8R5wY5wN', 1000000), ('3BeYBfSzKjDWScGLCY59z8gsyt6VTiwfxu', 3130623), ('3EhUngxoUpMVX5xd3ecNJqgDY26L1uX1EB', 109241), ('3KNLmdEuKJsr9xzws8eRhuxhkLpvGoXSUM', 2596447), ('1AyXQNHmJnxEQvaqBJYDU1wQEBZAQCHGA', 255917), ('1BtATFGkZVSJuFtRnnEiKfF4dvXo2vNdFB', 248638), ('3HDRDJyThPkSRg3e5stxXbNwqeK3J5W987', 254179), ('1McSexeq6NoppncugwjDPd2iDhfq7hCdMn', 2600657), ('35qPtx9TxxB51qUhsULmxc44yR1UALZMPD', 190917), ('37fo3DVCyV1dqahfVpD1Texy2G7frLoeM5', 560158), ('bc1q4qmu44hxu5h4550zgs50yyqazpzwa6fakpmu5s', 32797), ('171kB3nswrPJsQbdZExKGEENKicfkD1bWK', 99017), ('3DKn6RXaHH7uBYd6g4SvVqU4SsbKuu6ZXL', 150439), ('3KFYpEtwDwEDeTcykQYsQJV6HjzeXeNxFC', 375496), ('1BYF7N5diwkaqwgueKEQSbnhtAvh82KaQo', 491958), ('36JG4dQSsjg4NeHNjmD5nWWJpc4v1SkcuD', 42672), ('3GGQBrVN9bcCYMXbbTqDoD8MLNWDaRMi3b', 32528), ('1FPpqTUiR4YM9Pi2Z4ACKBmT8d4nHsF4FJ', 45255), ('1Eh31t2jwqa8AMhDd7Mox4DGfG6A3o5hYU', 47417), ('3BXSQdjiMgQRUAKv2akqmc1fDbetB7nwhQ', 193459), ('3Ni3E2hBWyUyNCJ9EYn95LfYzZvWTxtuJe', 68000), ('3FZXqGz8hwXJw9RBx3AgisuX8xPFMFUwgt', 1037213), ('1HBp5UCfnF11CVYp9pgjcJs17gUYa1kQV7', 136159), ('1LphgGXgBjkZsFchgvzNfgFAo4XsjQCfex', 959894), ('34Y3jjUnMZVJM1YtLzvQT1BFcJ3A7tn23J', 150992), ('1G8HtM3PXJQSnfoiKfmDYtgnxHK2VC4wgL', 26335245), ('bc1qfss86742fx0pjcugcpgz72hrusexvvkvvj7483', 189187), ('19hEgQ3zPmUJMUQi3sfEWsdfqM4k3tzmKR', 1598299), ('36bspeHzUsJJwoBUCYv3LV5mmKiY1LXyMK', 273400), ('3Mu56ufnwwZNbijHv4AUjATNeU34FqFKPB', 21678), ('35RjPEGB5z15yLE9vRPjY8ef6VJBLHoFR8', 59675), ('bc1q7uzkt5zsdeyg87xrdjxnenc8j0rt06jkjre5qp', 1335741), ('3C6y13goeorLGBGLuArDK3XjY3fx8iDrj5', 13629)]"
14,b551d7e569b5374319c6ccf66f4bc48b31d2d72a0c84950fa2bed3029fe5c86e,2021-04-14 02:20:25,"[('bc1q3cems7gavepk6nza4zjkznpe8zz403582epc89', 1000000000)]","[('1MHcBm9TAvJiTJbFgzTRS1VroXNYzUWFRG', 1538570), ('35paBxE5pLshy5W4wHKwsh62z6sdHgPjWd', 26193), ('12S8RRKgrEwS4HMibpxruJ33uRWc53wZiK', 72428), ('1CvYyPXXw1mH75JUtAVjh13rptnCpkFEWh', 85535), ('15iAYNfz5UiuEdPYNquipUQTq6gt7m2X5R', 116587), ('35gn6BxpZXf2APaZB9HRdJnGxmW17Cnt4W', 147877), ('35xPdS4tLUD3MHMsCMPCvdAJD9bfuHwfxv', 55307), ('1hiTn5V4hrx9QkodaVDiEH7gNFQouEuvi', 86623), ('bc1q5tzc8v69j3kwcawpgllxxulmh56y5gfdwfzq3u', 157532), ('3QnSR1p7h7qCqpYGnT3KzNFMkAK2r6Hx33', 876318), ('bc1qk04ugmlytc2sxcyyvggkg0v90pdccsa5g5r4ad', 12780000), ('bc1qphrvva5u0x6fr7zxmnyprmduje58mtcw486vq7', 63013), ('3PwEdnz8AYwwfn79Awr7xktyPW2mA5CCrh', 1582016), ('13UcbpbHCgtBXaKYed4sMXg5agGMxG28q5', 57787), ('bc1qu6pvm6spjpzwjstnpfegql69nzngze97yl23n9', 164630), ('3L9sB3enp7XcYcYoNi5dsf94uUtYQWjVgp', 2047921), ('383hdGtRV51gYMVGNagRADHLX5sLF5VTNu', 99446942), ('3NnLt3tXoJkL9rjBzWSjeX2owJkcfgp2bD', 9282282), ('1wsXsdTXtSne9CaQLP19vEBypP11inmr5', 2907198), ('3MSqrAyMLDqgukvgEGkJzFarQyHyqZeAqF', 1109187), ('1Bc3RARLdXFt769N59iP7TYwTtgijEDpnK', 78748), ('bc1qyxz6qlm2n7k4pzhrqw5saaal2h9xyu47t8ae3t', 152767), ('1X884jcYm6JX6zGHJqdDoLKQRhNtSujoL', 221266), ('35ej5gKurBkPCDNdnJsWVXNUXs4WLPPDkt', 11308), ('34z79XSEvxqwnRegrTCusKt5QTjcxqgkZS', 149656), ('3PmBBGT8HFDRjYq3QdTUGcRTX8iXwFF5yj', 2388043), ('35qwUgzvrMsRa6Cwh4JCgqLrGWfPpJh3La', 147878), ('bc1qqmu04f25t03h2vncpwfuwlvw6nhdqlygsjkx98', 760073375), ('172jZVwpAA6Vab8Dusjv3d6opdp7KkgJmX', 23630), ('387LucUuZn1oXQyaFvbdyg1dPsWae2NJ52', 48922), ('33FdWFgSnYsDLDmERpsLw6qaZuJ5BqEAGm', 2467720), ('1Ex4Q1Hdt4tcaVyT4T57RUNqFyZe29EZVk', 78746), ('bc1qhhtepk04ap2834thxk66fgrffdnqdvxcl4ryjg', 31506), ('35RFgsU2bwpHxYNZYo4s5d3vpxYmsQPbYH', 449277), ('3QMshCgAWTjisNWY7yUvdec7aCmFE9beje', 158000), ('369rse4ikhn5BkeAp9v3yH8SiwLhFDkWvn', 64596), ('34KeWtMPyCEiu2Bfy3MGfhqcJ1t9QqJiEg', 117742), ('1EtBPumNqaqdTRz9sn7yBbfbXhb9H4aXUM', 598472), ('bc1qg6vsenwdqlyqrvcd6cv43l063rc8m4ckh4m9td', 460427), ('1CAE4yqEgTncAVp2NRoWmuBFqYCF4ZW6Nx', 131000), ('3K6KcQFo6bUdGDxwE7vgbCFvJKpf25spi7', 6750936), ('3BWb3TZeDrswHpAECYugMwisaB5Ybo8eKJ', 50000000), ('3FB6gKS6sfqyTEGQ7T82unCN2eNMyCfTtc', 1506638), ('1FtHGXekziapwoGMiPyLf2fPYx1aKoRPR6', 504176), ('3B4X7wdX2qszZR4PDiAJyCvGcHdgbp1u5a', 178027), ('3F82ag5uS6w6dyNZjw51v8Wp86Hen6Eug3', 5911480), ('bc1qgpsq6lanjh46m9s94dyns6p4ps6xmtaq5vz06q', 5588140), ('38Gm9RV77xPDLXqKjAt8Ydf4bT5ShTqX8x', 113439), ('3NsPD4t8aYNs1wHAFDjqKgLyk7AH7qzQBw', 788918), ('1Mgfca9RQLJAGswy1JN1pH3EuxnKmzY1aj', 14177), ('3HSeUeQEqrLuYkRgKJ2pK6bCLmL5ctXHfS', 21262), ('3QkVYEmjYzDh6ufuiN843m5v2Qa7vjogzV', 23464), ('1JaBMBdENn5XJg1BT7UwkZnmtmR3CcdFh6', 488791), ('3Kz97H715hFdhAdgUQntgs91YSAtYWkmPw', 147878), ('3BHb33gTf82zv7Zzjsbsr79vi7WvEwj7Fw', 34648), ('3JHHxv7kwDrJtBaNaVKBqBzAd64mPAk7hb', 39411), ('36sXZ6rS4WGFSkquR8aynm8eAeULv2b8uT', 5024345), ('14xoXA5HMWU3zZyyKBLxC6DcKmJEcMr6gE', 34995), ('3PpXJTyvKtaCNnBJYudFj12cE5CzM97h4e', 2397186), ('bc1qu2pn5450fyku4uzwypfs5pldzx2svfr35uksdu', 85597), ('1fZEDMYWoWyVANgGsuGyZHDNzoGQRh32N', 664323), ('3A3XRAQSKiujX2ipgBidA8xAVpLN9eyhfE', 1051913), ('19Wz6xa8mdZujGzxuWeB7qyCXFjDsFV9sq', 19927), ('3B7rsggsAXpdLAgbnPXAK1ABfH2sDpGGtX', 157878), ('3Ghd6cXNeRU2TffqfmzbYLb4MRwwboYwiq', 41082), ('3BLHFXsNezUBwYhmiTqceeKtf37p51tnat', 72613), ('bc1q7jhns4ufwma0kfdvxpszlx9yqh006r6nqdlxaj', 125996), ('12cm879dYRfgjcqmx23Py6sg5qAeNApna9', 12603), ('1MojcxXg8m9m8S8bDbpN4U56PMmBBhJsnD', 286373), ('33MYWL3VzX5w9nziEi4v49bPQHY9gPUyYg', 72422), ('1BsWYZTySmhGiREvD1kDDE9YStzT18Ub6a', 748104), ('34cUMvieac7Rfy7toL9DmwjaDKUKb3dh58', 24071), ('1CAbe6cWQQdnXaq3P212if2PvZGAjxcoum', 5512344), ('13yfUvKQ1ZggSARyRh6gzxj24hBE7i2wCg', 55843), ('3G3U4tfhXN6A4j4jX31WKLrhMJ61MucBAG', 39383), ('32Ye2hgQrXfubKBzejHVXqmMm11F3FFLbW', 223640), ('3BQZeT2VfArRS22pMHzGhFhsDWjRbxiar9', 314985), ('1N51xyy6g6tfdFgZVbSmjYuYbR8rydsb67', 315149), ('39nr6pHkrjtU9KyMfquaLnRcpa6oGbBwC4', 749343), ('1714Ph3TvCdKMFxtn675YTMugLQHdQce9C', 130407), ('35C7Fb2LHiNG8MiDmYZTucgrMvmBfPKYF6', 30894), ('33fLE8Negv2TGr6H1z6puzAj6y2c7wPVXJ', 322860), ('3HZS5cG3h9rcH8Qha9489VqGwhb8GsPjxE', 79000), ('1NEnotPtGaAGvAq6XNX4QLBvVtkzoobKwU', 12146), ('3LCkMHWD7kq2FFEDuaCayvkeu6vifuBTD2', 415500), ('175FRUdzguqfw9w6yTdc75ci6Kjx4neEog', 87172), ('18s5J6R1p9y9BgJfRfWf9g1pQeESwKMuvu', 425230), ('13C5MjBYB5d3v9Kp9UzU97uHDALqCeKTGZ', 15788), ('37kMAS6v69rqYSc2bX29G1s42E9MfG459w', 473000), ('3BLVCyb2LtHh4VpKm3BxZWQ2vqhnfxSqUJ', 3904082), ('3QQ69kTKdxWjAtmRERskKJJLUtSXLJcRTD', 15749), ('19RQC59ZdgpzqY5BLDEZnwWtXR5kjUTdNw', 1574927), ('1AACcukZZ7TNgzhkxiyRpSKjbxxtX1BHaj', 876240), ('3D2HkNnW4QnarK8VRrHeCSF4XjY4xBb3yM', 15594), ('1HeQ7Pjip3FybPZP3VfdCdvENwZdinwNz8', 445100), ('34m2RvBvGvtKUVtvRsiz1YMpoqe63bEp8K', 298585)]"
15,0cb69431928ceaed112bcf0688266d6e87346fe2aed0a05c5ee65d07622fe5c3,2021-04-10 03:19:36,"[('3JKK7k7byvf118GYvb4brGYzse5qD7nHiW', 54743463)]","[('1H4tocsiEAttFoV5DUQuLbHFTVc7Zvqy69', 67932), ('3NCULzz4QBj6gCHUT3RisE7TtySBSQ9ch2', 101893), ('3HAoBXt8RymjLnb1DSSJwJ8kF7DqG5KpR2', 52649), ('3Bod8cA1vjdUvEAF5vAD6HjWfcvotmd4vZ', 356641), ('3QKtCTURDWnDnAe3ySNjUg7YrxSmEVn9u7', 127110), ('3FF85grWR2gwM6GEgV3qDNFUvvfbHbnKYR', 131721), ('bc1qntermtq9gy6kp96ksygudjnejnft2n3q00uc3p', 1622838), ('3DJwGcHQmG2FGZ2LYzGiwYN7qTX1d5wqBL', 25473), ('bc1qzqccwa9py8t8dgpcy7djxl439m9jac9ugzarp0', 13568), ('31ypoddnZQPU5TnQWW2BisG4nWcPwBs9Vg', 84898), ('3LJgBbkDeDbq5RHxq6DBk3iCMw5pYeQkqN', 895099), ('19rtFEACuM8wkeiH6vTo8zmrMh82DUT5Da', 5392301), ('12qbDj9SCDUmBL4i9ffD3aE37kCeHL13kE', 3396577), ('31kYTqRHnUSqQbJ5vT7k9FDuZxKY4UYGKu', 41076), ('3QcDaCZnPzMe1ZRwP4o3GRi7GeixvQrGXk', 13069), ('bc1qal2g7x4g73tzkhyksvzdtnqu5zspygr78tllqt', 8174), ('38Ei9NXoxaGY5Ni5jzMB8rLD2LdABLGJcL', 27247), ('1D4ggFedeVochhGwWv39Q8RChVW85xRuiK', 3396440), ('3MgYmQm2p4KwmHuYqhGLQQQjhy7JQyDtGF', 681536), ('3ARv1CriucLXL7w88vp9jFoWHEmK5Pa7kV', 50949), ('19xcsEKRJ73C4ma4hXYe2qcL6ZqCXSFtPw', 81416), ('3H8b4BJJCoHKWsUCi7A3ap8gA7u5RqV9vN', 500000), ('bc1qkng0cep6375yducptysqvkjwckrhxy3fkrmmdp', 1137191), ('38mrHjzPZt4a7zpsHw4HKRGYSsPq1HpfiQ', 3320204), ('32729pPovTWYscZNiTEy5WSCnhGw7aR3rf', 37361), ('1K5dH6PYNL76g9DUc1zPzYFuvyr8d8W5cH', 305222), ('1N92MmYn9qQ9XYfVea298RqpWWYgxx1KLu', 169593), ('16sJWi8r2Qicq47vaA6XMJXjXyT2ECpg3u', 78114), ('3GHf5QEopxcif3pM2p5vpXJPNtgb5p82u6', 432798), ('3EKKKQzCttyZiLXU2aPd32E69s2AagT4mc', 407573), ('1HzhS71H8a3aNFeV7kDz1smWGUPzsTfeZB', 1153324), ('35HjgQbzPcE9Z9A11uf1oVnZnxp4YvFdAN', 338151), ('3BZdmCsVzmmecz3g7XepVvUTJksxDoVPD4', 391303), ('bc1qxzcrl3ufnzedjxs380ke5lktfchc2uf7mmn2pt', 694986), ('1M8fuuN4Ff3WWFfaMio2URZSFoutL3ism5', 71101), ('1NseUnemGL34TTrGvrqwTWc7PLvgmoHfu8', 1696065), ('3AqXpS1quicwTrwSuk7b3rU5E5nxarR62U', 35019), ('3ARFsdB5vi2jSRuK5cD5W1djmsxCcvh6nv', 509466), ('1Lt28rA26gQpekkvK5TfvgxDHLgyQXS64i', 1528398), ('1343axTEvoJfcQJ6cUk6VW3yyyciGRzjiT', 44055), ('1KJC7tEdognQbqfEAfejTKD8qniQfyxVCi', 40301), ('1GvArZrQnGSrVx4S9r8ptvu6LR4yaE3Xwy', 4466102), ('1KUwNEg98gRXSndxvNHUH9nDk9RLipxNhu', 113389), ('3QZUJG9aWR7NXTDvvA5ohoHN57Tx4WVpt9', 4355691), ('3Cipcxxu5JG1ADddBDyZ7Az1VpRWyZkNS6', 206903), ('186XuBaRkqmfTFJA8xAGRaneS9hV7ZPjDY', 110304), ('3CRZiZdmUUkNqHeyA58qAiW9MtEJV6StP5', 83866), ('3Mqvoq1K29BqpCWvFb96fkppPCQ4Ayxfzv', 1760000), ('34ZKgF4xJKjooR131XdhXvzjNDYENfWU5y', 116499), ('38qtDed8zTDNBnA9mR4STUMr6Q38R7acK9', 67797), ('3KrUtrj9yZqb9Mcq2MpYwwF3CWzyBYEcce', 339593), ('bc1qk04ugmlytc2sxcyyvggkg0v90pdccsa5g5r4ad', 13500000)]"
16,ccb86100735d67c01d74759e1d1121774033bebec48395ca9bb31f6493788032,2021-04-09 20:29:38,"[('1A5PFH8NdhLy1raKXKxFoqUgMAPUaqivqp', 4550814327)]","[('3PuiJUGGjMo4gX7urGzdFM4pSdk4t99k8n', 1000000), ('bc1qk04ugmlytc2sxcyyvggkg0v90pdccsa5g5r4ad', 12083700), ('1A5PFH8NdhLy1raKXKxFoqUgMAPUaqivqp', 4537702914)]"
17,bd841d2a84ca55484fcb43e38030657c4c9cb926c41ade7f38d147e76427becc,2021-04-03 12:20:26,"[('34SVNbs8fgiLUFi4U6ofmFPGjodrQ8kjg4', 972940), ('35fjAeKmMZU1Md2mKNqLdMRq9X2qujdN3f', 966591)]","[('bc1qk04ugmlytc2sxcyyvggkg0v90pdccsa5g5r4ad', 1902360)]"
18,543fabd3041bb36d106e25572fc8829a967c32b11d145e7e8b96999798bd6b09,2021-04-03 00:43:58,"[('354t6PGwuVMpjAd1Kui51eiyDyTdCGCjZW', 4501211415)]","[('37q6r1ZCJpnBEaHMsACgmWiuBUiydFAPHR', 92000), ('bc1qnz784dqa5pljtltmukpt7rd0rqxwp8276ekud9', 100000), ('1bKrvNTyYPRLvd2r1vHPzYkKYHXRFidCx', 2225146), ('1NzKVBykTWGv3sg57rBSByE7CV7rVBxERg', 2949460), ('bc1q5rxyzmt67x7hm5v0ehy2qgr4955k3cg89mravf', 6160247), ('34pNoHAJKzSma5K4gL8o6TteXMrHSuwzmZ', 9736515), ('bc1q23yh2d5n30ycw8wjaa6jmhkzxl4598dk5k0xqu', 10000000), ('bc1qshhvkjs48aru4hxqr4m47y4vuqnvp0raxxc356', 20000000), ('39gsWRkCoucouxpZBe8mwfx7jxdHYD9zx4', 35000000), ('3KdG8hqteLL9mggAdTi7G6FzHNx7hJwHyk', 35207822), ('32vLH9tNBsKtqW92ouNJpUEZyYs5U9XPox', 40000000), ('bc1qnw664a4gat73vzcy84p8fr47rc4c2kgk2kfyxv', 50525550), ('3PAiLyxgo1toMkkSDXECmeFe5FNTwzBU8Q', 74000000), ('3DbFPZCXaMF8sxJr1DDcBnitATLJVjZnC3', 95688955), ('bc1qg8tfpja5kae5kccentr5lexg0g8u0yku8pmzla', 100000000), ('3JKk67uTX286gta3i7jqugiHzBrTo7XR2r', 100816762), ('3HrHF5BUSCQsh3beiFtwMtorPvGZdLTMAu', 125000000), ('3DCFBgWfswete8jTcnB2ySHEntSTb9w2UF', 129439215), ('bc1qk04ugmlytc2sxcyyvggkg0v90pdccsa5g5r4ad', 150980230), ('34LkBqBc37j35gnSv6uo1SBM2JxEQAoPaE', 175000000), ('37XLqdaoV5TAPkohoYjBdBacee82hD2cVp', 401872071), ('3Ppo1uecvEzihFKmwGuvgVq5d4gxN3Lv4P', 2936346743)]"
19,84b47a8c3c92f7633616774725dc3f7ff590890dc3fde239825296e52fcc75e1,2021-04-02 02:13:42,"[('bc1qy7yr68nugrdl02u5p88cvgnsjj90c5fr6ysfe3', 540943707)]","[('13zBjQQfWAqrwdwY9jCWrcnJY27UDhdtXi', 309251), ('146dNGYbuRZAZDynGKxmphdENrp1y18FJJ', 24877), ('3N7MJf3paqQtaAUEHhvW3iqF6eUmNk1VwE', 577334), ('3H8kbduQaXA54ni7rdaWxysCLStZ2BBoq5', 94258), ('1APPRVTEGpV2YUsFkXHdf62Nr9H58e5xdo', 241148), ('31yjPq7g8t9dZKUxkK6jBcM3sUxbhPDpdC', 22082), ('3BXTPzRJj7ac3q9SkKSUgFsVuJ2sxuqrLe', 129570000), ('bc1q6399zytdql3wv6pal0up4s79eg9y7h7ap3x070', 426000), ('1N44i5zLR8H4AXPfiXLZook3uvHbJnXcvh', 159907), ('1BoiELQLmnSz8v1Les94XWF9NXRXyjDVTY', 339591), ('3PVFSS4YAUA9LvGr1pH4vYaX34CWka1fz5', 271900), ('1KvK2YF6vEfCJwA9nwiiPJR8zwoYkFS7dj', 1696065), ('19Qop9ufEH8vLNLxVbT5UXWUiCfb5jJ3yM', 330235), ('3GSMj2urFFhRgZGwW5jf6KbWoiZFRMURPB', 53215), ('3DSSNa2R1zhEkmrzqBhRfdQPjHayM4iD2v', 42000), ('3Qfaq76TiDzfampFwvcDKxMCojPcY7zctN', 3402399), ('3Fh4cZTTmrXaGJdKY6SHRdYQKajUBBiByP', 110623), ('3LHoXU9udJkv5nUMckBhsFxhMLSD8FEkEU', 427538), ('3Ef2UrBW7gdzXbPnYc892CmqSyhbtkT6zi', 47765), ('18Z6QFKAdYTdoATKvH1yki78z9LKbtNVZi', 85328), ('bc1qgxcz54apcjqsgn0nek40ecfutx0catt0j3mlll', 25600), ('1CFsh66ykCJc97vULxJ4C6SdDtrk2YidNG', 52649), ('bc1q335vee4f60skcp6p3nql8rkhpaf3rkvfe7txe0', 380647699), ('1K3cUjnRLCGWghysN9npuXTcNWiccTbZB2', 16978), ('16x6RDVzwHuxRnZKWzyHnYJG7Z2ZiFQJco', 382315), ('3DbVuVqBAU7sUr29CsFKBAzrX7qeMxn91Y', 24360), ('1MN2H1Gt6cLNMFMH5zbrz8eHAi4binrsfi', 3195000), ('1NT4WcoCyGxpHr1GFnZmR2gYxMbMFMfWjH', 81466), ('3H75h49NEXxnch2zE6aES1SdbBmXzgQr5F', 53217), ('1KTBkiePaRANNsYJzhEEhkx5mP4yrvk3Wu', 51000), ('13cVR21etaq4snLzq37yDMLHomNd6AXwtG', 518338), ('3CTUEhkzXyJrtGJkTsD2tEahWt8W8ttRUm', 495766), ('1Hdu7yqKWzavnsEGHhUXLNj6DeZXagj7dn', 16983), ('38X7mSd8phxrjiemJKakgLZepEAoJt87Bg', 33983), ('bc1qk04ugmlytc2sxcyyvggkg0v90pdccsa5g5r4ad', 1900000), ('1KMbaNkg4r8YePLRYj5PfthTVkvHbqnCWK', 16983), ('1PHwVZSW6hjmFPBbRAxYriow34PYWbBrcA', 57442), ('1BUQoLzXws8UtCQGHUWZgdqmTm2srNp44x', 2000000), ('3J6gc232QEC7D4ksG2gvH3YTv1rxsoP9Bx', 112800), ('37DP2oDu6nB5QLUsf9uPf6DwzRiJikxyDW', 247876), ('1CLzeyu1cbCqrxrivMX7g68Aqyjbx4szXa', 891335), ('bc1qtrfd0lewf7wk45dj7frwqxqkcxeecx0he59cjj', 1000000), ('1Z7t26LgEZr3TbdQoLZAXGWq3GU9iRM1n', 2000000), ('3EijahoUDuNsFde6DXoDySWVmaV9u9Gxb3', 85332), ('3FULYk4ZoVwwiD9bmiSKsQXp6NL5PkTuHL', 355098), ('38sZHe9i7d2zdi98uYMxqAVqDbf5dHA8jZ', 410508), ('3KBLp98Zu3NJy5WYkBPwdnALXjYNdJ8qEr', 33929), ('1KExXfPaLz5EueLTdybkcEGMbW4rJC3JiG', 110465), ('1Fey2nnPXRmK3Zf29VR1EHpTtDRjUSXW3h', 81316), ('3FqZ6f1dmXzsycXwXMEsbz4edniQNLLSeG', 393481), ('3AFkTGR3V22ogiMEmFQ3bByHScgatCRQn5', 20380), ('3FMqxKGg2pUjCLM8WJzxd2LAQDPbnGdimW', 84917), ('3JfyrjRkrFxZttcomvf9U49czKSYMJFz8w', 101898), ('1Cfw6nyYUtKwKSEB6Qm9pwTNXCZFeQGMzu', 839538), ('1LLCNJL2PwdAwJhBVois1uyYFMWdwDwUpe', 212764), ('1FwGm6CJtajuHrYzMLF2QSe7CwiMXje43q', 764239), ('3BMEXhg5Jciz496QTtYqyjYMjgqihJK32C', 931578), ('15gcgHaHCGXriaX43RMVYnxkAwea339u7P', 42487), ('1HCwvFszpCtKbSZo4KKEjFHAYGM2m5JLL5', 195310), ('1JLPN6s3tNwQjsjMuisbUSivmZymo4fAvy', 44779), ('3Nzuntkf3xHhVS9cxAkRhJaP3U36EkP4TL', 322433), ('17fkcNZgxtWy7u1GRS6WLr69GGf7xKV8qv', 498657), ('3PcxWBNDrqA6L12xMdxHhRv8wDeu7waGhA', 3190672)]"
20,2b2680179a0ad9528efe48405735143eb8dc34039b32a61279fd71baee650983,2021-03-31 23:00:16,"[('3NbcYyd8FoBz3cpfAtJZ8iJZb7EsxCpYjy', 81135020)]","[('3DZzWejiVZKuqskz2gmN15A9phbQSu6e2C', 10189), ('3AEkcmPUYX5TRdJwQy1Vm8H6REpMdGBvce', 45510), ('3QMQWiJVx2MhG3XR7k2JBuntxPGmMF7zHZ', 52806), ('3HRWNmLWyZnFEighhVb9X7z8HGKgCbkh9r', 3550032), ('38td6bZFBQ2Rn1m1MQHWLkmPgx7S5gfek2', 22440), ('3CTRjPAkRwSXuFNkJk7xn2iHCHiCxzCgx1', 90715), ('1PJBMRCCQp2DwMqJyjm8ZVQodR64isBHJB', 61893), ('13tTgn6KqqZsEeheNUxakx6cckSgZaxSE1', 234869), ('bc1q2gh64xr6zv4s5l99hz35243fp5j9pv7l430w56', 170501), ('39e8zgfKTDppA7EtqSQXCX3nCJre2PT1io', 477403), ('33GUnFxpGgdEagb6a1VwDiCn3zHkLiZoTP', 117715), ('1kjHzHB7d6BTHEqeRWpUD4Frp2Loiu8jp', 292280), ('3E3i7oDV26X2WX8SUGzqkJCyr1zGPbmdnv', 113817), ('18PLNtDST7GzaHday3UZ9AY6Wx2oRUiTro', 85301), ('39TPAnQfStYZ1ivvcdEMbzFphtW3XndLep', 699783), ('14WGDutnw9ygteHd4HdSdx54CqR9wQQXMg', 161561), ('1FVsciHttMWK8C57QxuyTHrynQwpcZBBcH', 92969), ('32H2JZubHWh3sNok3jzQQtH7oyzuJNCWgH', 22484), ('1MV6i5nH6vSTQWMbPJmgE9HWhBYM7wmj3L', 167665), ('3Am9NYu3c5zWe8YwDcvguuxJLhm95TTLSq', 127789), ('36tYmnkjdAfoKg8QBiodGZ2J9L4QChu3v1', 1697804), ('37bMb7G316sqP71y3mFDxRkWkzRA62FMsE', 108944), ('1217UijsTrLDEVjg5xBf73zRJhF1QAK5QR', 34068), ('3BGK5a3bF3S6GHq5PjFB3WmoLM3RB52opw', 848913), ('3JA23ipV9VCTpW4nqhYtsQrmgVbLHV28pE', 15000), ('bc1qp3hckq259z0d47nsk3tn5ahvasd4ek9dxg4xjk', 18475074), ('3JL46AfeQo41kcNGBbvD63ytcixp7NuJEN', 42585), ('bc1qx8a9f6vqw932nksjwnuqf8p45g4el9p5ulwk8u', 12600000), ('3MYRNHxKUwPoNxm3XYgc1FLK9VVjzXZYhX', 140526), ('38GMxnP6zSabNGCfwKsSnuwYpEu4u4cHwX', 83045), ('bc1qasuk42fht5cjw9d5yugthdg0hycg68afmztdre', 309866), ('39hFb4gP6LmJ4j3veog5uxzZNvUzR4PKgW', 820000), ('3BDd1y7xAkfH9hDRnh2DyWxM1QQBb8L98q', 878038), ('bc1qqdp00za5dpsc9qg8032f980r0a6vkjqazj8xfj', 81631), ('1QHGT3cpGDbwBouSyhomRPLU9txm3k3zVh', 648664), ('1HnPXtYYWWkDDD4VHPt2KjRZDxJB1Tb375', 90741), ('3L3S3ZAoyU8EHqYULHWzCvaP8v6BciWWBm', 516244), ('3E21c3gRqChNhwUBf8RE2kCYWTieYbyRZx', 414961), ('3Nbx4vduy6G9TjL2sVDBm8BJdCEo9pGcWx', 98723), ('1At4P1W3uuMLab8nNNWQ4hJjXvFiMRW5z4', 170406), ('3L4zxdppo6sCPQgtLvteHapsF6wh229QGn', 42585), ('3Mz1RpMHHPkpfubazS3UQFxJLTbWfuq3Ks', 1993594), ('1KRJD6ePGatWekJKfnwNZze1kgWmUiZ1Q7', 10213), ('3P7Lj2YfSdkVjHErQACxBLsehcH3YTxZkT', 42500), ('1EQR5CRC7G3EzQEjaruKzd3i8oLifp7xCp', 178858), ('bc1qk04ugmlytc2sxcyyvggkg0v90pdccsa5g5r4ad', 3000000), ('3CnR8NvE86Ru28ZzejijW28DdWPWxnXPMq', 10000000), ('37acS2J2JdbzhY5JmXeWWrXEFKyYvBzqfR', 42625), ('3P8wXaq3dfxRXkfaCB683xPaphPEFc4qWF', 54000), ('1DXb4bb68tCz26Dkp4eFBWhn2QR1zA2K2L', 340681), ('1CWTsmY3by2ypipKuWwgFJL3JbuY7Y4hwC', 127775), ('3JBfrQAwjBR65uMmcFbYQquW3tsPmw8fv5', 77389), ('34f8ueHwdAGEQ52o4nAv4bF2qvjAjWgbK4', 39812), ('39BFPBcJguGRJvA6bZVFHmqRdKuK51FbVv', 1789678), ('1EzLRF4QW7rNdiAmJUmhbNfGTuCaLqUxBt', 201484), ('1H5847Z5rZdVzdEe7pvyDHiWq2F2vzv9DH', 40916), ('1PCBrA62KLfHTQGtnL6VZqZi5FZFU7Kr1g', 205857), ('38PTnnEHSpzbyvCX9734MopXLAyyb1ZKvA', 3399060), ('3Cpc7ATTi1ciLef47CdKvrc6Suk2DhNLBj', 30000), ('3MUEyHVNdg6FoLhz2K4Yc79bjJGM5NoXYA', 831650), ('32M7gosUot92uEVDWLYKb2SzeipHvtqeBk', 85282), ('323R3Umg4Kvqge2SaLXd5ydZG1YawVqxH6', 47688), ('bc1qhtelxslhlztuw96w2gzkh89qxzjp5q9d36wh65', 597800), ('33yaRv7wxwUgT8vxKxHJJxvyg24UKejTmC', 366879), ('35MkXqhwgEEzMZmiAT5CgDkKVTDBob24Ci', 117912), ('31q7xp5YTgPxnzSmoZiSW18AWNoAMJgfKS', 62387), ('3Bt6uS4xBTKZAuQcDXte1gnrv1trj7gNBB', 323294), ('3Je8zMwDMLq6qtDCbWr1bTAsoQd1enUMg9', 93254), ('3LR2RVZgdsggzrcQsfYS2fw6JPxNgBUGAY', 855792), ('bc1qmz7hj6kdk2x5e8hwwx93wwdxd9q297kg3y90n0', 60191), ('17WCjqxVpSD5R6iuLHkmSmn3GcQHiouT79', 3403698), ('3FQVta8BspSzbg6hc8Wgdb8Mo1m71yGuZF', 10000), ('3KTLPT2CzB7c5BnExri2T4p2AQ1jnmhxiU', 71573), ('1Nn4irCSLwccYS6dgiLmuPRY3zK3n5WeJQ', 10220), ('3N7dKiDGif5g6aF7kPcHsSXZspiD7vAxvj', 81760), ('32NTgTD4nAi5DuXJxNLYarXTQvKZiRbEDo', 7323896), ('1BbymCck7Xtf2YwNBMat6EsUKE227idiY1', 136273), ('31j8YeC2bwHZwN6E52UaDdZUF8FX9cZixu', 156779)]"
21,0d34a5df61b019a0b2751c8fb877b5932ba272baad77537f9d5152ea5136955e,2021-03-31 22:33:57,"[('3DdV6zSWVdiWZj1CpnC743PLFQ3gfjKsyD', 48623294)]","[('36itPj8UFyLGBopZY7aa4vhdWgQ48cUfVa', 421779), ('39C3EnancJU8cDCeyMjfjATDVew7TW9JuT', 100209), ('3Jz1v2KfvKFYWwjBJM4gq5DdUiroBbueZt', 1650571), ('3Juctp8FDga49sxdzuaTBeKbMKLSLvShnL', 178255), ('3FtqFTbjnZBwK16N3UHjHsytguY6wTs1KS', 117194), ('1P1z73yAQUyBU1kFhPCwEEUvW6gPyEHy4T', 339850), ('bc1qyfjd5w5rnq5q2j2hwzk58zmnuvjwvt32qveywa', 21300), ('3HqiTmP6QY7VGZJzJwn5SjkXtFVfxM6h4V', 850888), ('3DcGqbKBdd8LTtQX8VsmwfaiuG5g3thuFm', 84923), ('1MemVYekWMyEAE1ydv8duWddeagPBEnUZF', 85448), ('3Bc2vWQWpW4L8VdG35BCRf1FMcFsYVfVLF', 61845), ('3Li1S8fUTrGUEr6j3hsiiGi36pL83G6oV2', 170000), ('3EcQsvQehE2se7CRxfUtFZbz8ChCgtNeu9', 85129), ('15buALtUnpwZ4Ws7L6dZVMkB7SBP5Yd2mM', 1644939), ('13uF33JT9z3iTooU9qBjeSMuD9qfVeaRGg', 92986), ('3LkEWw7aXAtgg8rEuQn6vNHwZPhWn4vL6F', 144651), ('bc1qdlv4dllwhjaffn22mmgjhs7csvfp4nzdx47ag9', 42618), ('bc1qk04ugmlytc2sxcyyvggkg0v90pdccsa5g5r4ad', 340000), ('3Kivg1w82Mcf9psYZfFduu3iiJ1qYQpBTm', 149743), ('14bPKB9KYEB88T5Eit9i5ogVrWUanwHdb8', 118892), ('3Doy6RuoimZMeF2jQoDJyJ8WSuGdjwi2yr', 340542), ('1Nhk6dMaDb3shydXRrf9qXQ3brdXwzFVtt', 199549), ('bc1qaxcem3jslkug3fuayuvv80xhvn6p83tye3fjh7', 13439), ('3FT2bTJgpmw9U6VmmwmkaCt9A2DWPNxAyC', 160514), ('32wmFrtqS71GJELSfcidxsxuo7EWeCiPgx', 425869), ('14Xn8YbQm3qQNhJevEaoXPgjX883ofbDe7', 849232), ('bc1qdvmy4arzx749p2jqpmlh93hxgwypcydxnsrfym', 398579), ('3NtSpdpDGTbE1kD3avM5fGyWpeaMHE5uRR', 64056), ('3BBz4Lnj9PuDyCqoRk9Ln5tw4oUHHQw8VC', 95986), ('3J3Qjwhw9NE8x1qhX5xiXAyaE3VkC7MEwe', 33966), ('3CkfySTJJpVZZ4KCeXxRxU7KJC32nycHGg', 1703475), ('148x5qXjLhdJjvywTvJbiQh8JrijCMY13m', 5500000), ('3DSCX4SLQqCxY5jG491RWBbx7nstKUyKan', 313440), ('3NtNv7taniuwiPgn1j2g7rnTn3gJkh4vyW', 223492), ('bc1q5t4ehrgn9dlt59vz4wj547y7jx5sqfpslsv45n', 54386), ('16pji25kgmPNXEHN4NqgCCtLS7LT1cqukM', 197711), ('1CRUyzC4a4dveJJ8QDSL2oxSfvWEFAAjRq', 254770), ('19TfaNbUx1ZQMFpJ26ApA1CMHGXRENzgug', 67939), ('1LojDwfntt7EVBbFBY2pZaVjeMwHhiRBap', 1907067), ('3ENtiA4fqbLPE2vfHP9xuDYWJC95ydoa3X', 339693), ('3FpJQBCajPngTbmzZ3AgwuQE1m9WkZ1GiR', 169846), ('18n8zgCaUswVQ3RtPodKvrm9W55mrGPtr2', 382000), ('3F8sRQgszNdh85A3xk3EmBFtzC4ebiGyun', 17029), ('3ArGNU9xQTth2MaCQdifmTuYCQ1y8yvH93', 127306), ('3FdGtz8nv2pTe7hnQn64ReSFKafqTLv98b', 33512), ('1DTqKPeazH3SRN14Y6jZEJvk8uMmaq2hoC', 165197), ('1BS1KSKyb1YmxCSaHGHxfsP16wcTCu3wsu', 1741729), ('38UPa2rcxTYNiZSq9ZnZqJqtjXv8zsrWjK', 61760), ('14qBPNePNcd32HoG6ZPCWaJ8oV2EcgZZXd', 338815), ('3GqLQuBkJSRRxB2d2Pj8yYx61ASXZja4i8', 100000), ('12e8iwg9HVVtSc3P4SjFrqg5J21BQ7aatw', 78824), ('34nsYxXSyebN8BziC5Ywz5LeT5oAWiU8Pk', 30000), ('bc1qrytwl2qtwde63wrs0ly63cyv39hpuf2tz7u555', 10191), ('3F5e8YuMCVxxseXCG9UEexZtkfFscHHCzY', 10000), ('3BtNNNVYbgfkT36QK6bCjTmjCLSkADG96p', 16985), ('3CmyJnqSKHETDAia33Jq7vzSp2PWMiqGpy', 11904), ('3Kqve7SoiT93tFPQx8b5yCpBGebKZBfLdm', 84923), ('3QjLLQGsgjsAqNtqxibQHTXnnerwKkbmj9', 1624793), ('1GnS1JmfocuZc16TFrB4Bwv7BD394fTqRB', 56028), ('3DyxKgeAkYpFffY41qNaaaR7YSSF9pAhih', 413175), ('3P1NmvmXuHs7d4Pp4hppmMmfywmoZh3XZ7', 254875), ('1LDk3fSZFCU2vbM4u32KbB96jprTRj9Ltj', 42462), ('38fJ5mSznbi1e3joVfRan5fNEJTi7e3ZBt', 746139), ('1332NmLxN9e78gVJ4JnkY5owhUfpjfS5FQ', 50591), ('3JREPLHZ3rDsyqQLnBC8TQjuVpEx7dFUso', 850930), ('bc1qq5f6fve0akd8p2g6syfc8sfafj6c2xt4jjwgz3', 279500), ('33ArXGUXcb6vEiKw5xzdpj9C9kG8NHzks2', 180000), ('1Khdi5DvVDW5AnA3NBgTLk7UUBfRA53f6w', 29635), ('113wSszFqeynjbJhdrD3KS152mEhVr7vkP', 8520000), ('3H4KKtrQt6GbKHBunffwLsQsiKac5muzhV', 216106), ('1DdpSVEucx2JN5Cjqhb5N9AEhXA3EUhZCR', 78129), ('3DMwVpc5S4QP2DHtfsqiA6hwCYPBk1aFpi', 195583), ('31xMcJkpNUaywXCTWkHNYKef4gEcMVR6iR', 464156), ('32JYaTtu8a6KuCV1isKL2nz9dTP2SqJpTM', 4197439), ('bc1qvv390w3k39fj8x4u7k24yqcume0gynws386hkk', 225689), ('1FKDKGP7uiSPPTvMwKTpMYG4n318xhV763', 1599174), ('1JBegS5ENGWGdQaZTA2jHoXV4o4jpBrKMp', 168151), ('bc1q6304cuccdqlvcwe7takwvngf29xq436qr9fvd0', 152324), ('3KCCLxiwep5dkagV9aA47TFdahhPpfY9qj', 1530186), ('1MEwWETKfGb7baLmFs9B9pmxQA4VpQS868', 368420), ('3FJcRCjqShucmQediaDP4FLc6TYKfD7Y12', 70950), ('3BJgQTnyzLbA5yUViLHEzXAUetQ1LNuia1', 1397240), ('32eNsBpUvqVNwkEyiNSQ9x3qWFyFiXw9Lb', 90018), ('34ShcFfq7S7VYeHgcY7gcmG2rNG6daT34D', 20600), ('3JzPhq7mdAesCJezdVk6sgTvoTDkj6Vesc', 22817), ('1HWQQooafWW3sKFrTNGzFzWxEzUDaA5d4d', 585970), ('3NFQgNTnJxdtjWnrF92dgFCyvBc6RA8a7U', 165987), ('18xBsBUu7taWz3mMN1Y8g6cR4YXjtVAew3', 43369), ('bc1qkxast7pfzpw2lgvgua27ukpu8kjs88f6ks93x9', 485865), ('3D67eKD8U7BvPtt31JxDW9ed4MjQpjDQhC', 16996), ('bc1qzqptcehl0uf4g7k5j9nde8wrtfh486n97scdst', 11900)]"
22,514a162d6baff1b0dcbc46cbbbcd0935a6b2404064d678d12e28bfe432b9a2eb,2021-03-30 19:15:13,"[('38SUSsg94ftrMe5vniwQwYC578ih94KHd4', 200000000)]","[('3LbK89YLdNJfh49EzsQmUzLnj4Jm3BhmFT', 118956), ('3MvCbAYMi3yw9q7keBv1QaKDSEdwJBQn1Y', 16988), ('39ooZtNJ2SUgsRKLQMNYivzY52CwGfMEcm', 202158), ('1AYj6GeFtCmVguTQYD1Kqaox5JXhXtY2pC', 280463), ('37fJeVJdgY5Nd61mmePixM7BNTDgaiJSKq', 27194), ('3JACsSpwuBs4n15SScmsyWAbrKEvL4BNEd', 20178), ('1XKAzF6mcoAtDvurWHLWtxcvUdKJKAzht', 59819), ('1FgkMUePMBWXuTux2fqPdM4yjrgMWvzSmF', 61166), ('1H7sHkzUTKMkEbaemKVd6Zte9uJVy72B8W', 41149), ('3DRDKAPxcKfCcoh9usLxSuSp6VkHXpi1XP', 198761), ('1ESS7NLR6w1SwDsXn67HhJ8dwktf4fGAaL', 1278190), ('37ZeH57ywiTxeKF1DqGe1LzFe65PyLJAZh', 842222), ('39FTXwg3HQzP4tT3v9Q2AfsBSrQKonkWtG', 255019), ('1GjjrirsFSp1C8VXAavBEXNA9RW464iTXV', 207104), ('32vJGyDjPpdJgXzqpLzqp7S86TnPmCb47e', 32208), ('3NwbcQMw5g1MACHEBrjPrgErdXMBndrFce', 896100), ('1FKGhFgyZKYA8BwGw3ofP3Cxuk3pvQRF8c', 66893), ('1FSyywQZVmhYT9mT61HBdea1ifA2VJtRVu', 115539), ('3NFk4RxtbiMuEcr9er5o4tu5ncxEx8bG9J', 169963), ('1CwHyfjBwPRBimnX8iQLP9BB7xVMpuakSd', 162897), ('3MPD8dtgokmbMgEEyvSsHY3VUEgT9D35nc', 5582402), ('3KzPTcr38Si6Aofm65Y3vbjXG5jfXW7zZw', 28034645), ('18wtPqT6qNDvEmjeLfm85jdHqrpuSXcYnY', 11277696), ('1AF3stLCaLCNgfQiwemBLGE1WtPtXSZQQW', 15631), ('3EZxGvoZdmJvurWkm3MkvtKhgwqNvAparu', 424860), ('1Q61A1YxesNDZxKYrxt4mk4YwPMSyrQkip', 1622323), ('3Gb68NfLXCCdCZDj6sRRoBjHMA4iDfieYS', 169000), ('bc1q6pzl6x50zh2xkmyxwzlf4vhhpz3yu6mwl4yklj', 23364), ('1LabZ8GMJh1HWMnrey9yhbFkzAQAJWuZJ2', 56069), ('3E3fRswBqEosJsp5oribEYPVb4srJzLj86', 238087), ('bc1q7hm7hhjz2etft3qq2tr8uvv2zhc3sxce005aqa', 46516358), ('1JvEV6Qua7Z1ticNxrRdw8bQiy6QdeMGZq', 387500), ('3BQDTpHCKpfYxJvtwawL2BUQef6dhHia1t', 16990), ('16aViFy6DB2PA87GQzggDx9rx2x7ywRfoF', 81592), ('bc1qzpg95x2hy7ytlesknxj8x38zn336gwjmrgxsm7', 445890), ('bc1qk04ugmlytc2sxcyyvggkg0v90pdccsa5g5r4ad', 9860000), ('3EWngnwWWefxwSWkonHWaw2rL4aJwnAK4y', 150061), ('17Z1MnA7hdjqCaDpCUkBroj8DcwChhBWjS', 70040), ('3FHktkDEaUqyHJ9fZqWFMG8CerW7HEfHmD', 29910), ('3Ka87nsPS5rETSnE1J4JWYiu3ZYPym8mRM', 37388), ('bc1qm970h2lmsxny6u95c3sfawhzuglqeh0chmx0ux', 16861752), ('3L7ZQ9RSS6ERfYzQQMVyk6PJC1GoH3Abrr', 413822), ('3LexNxhnzD4hg1mZsnwAG6pzmXUoS6D5bv', 424702), ('35rFFDU9khDEnU1FhFxXJnA9hmNAddcbAC', 23322), ('32L6SGDZZa5TDCCGUBue6oLLY1PhpHkknS', 1227235), ('33aThaZiGNUALdFRjnwxnysS7ACYArEGfZ', 875000), ('3NS4yQ5TdMgvM4G2McMovihVNwLoYWEhHf', 230761), ('bc1qfwxknvf0gup6ky0cz658s5deutwn2yejkkn6lu', 55429), ('14eSYndwwNkXJAQb8bGVawgXgbaqLCjjr9', 14441891), ('144tLrdZYCBeKmjb89jcUCK2pKw6TvuXEL', 135978), ('3FWhf74zpj3pS35i94STAnafy3KEsXhHLd', 105000), ('bc1qvhv9crfyv7sj08zhrdvejuk06y2xq0r3rsm9jm', 169599), ('19yYxBZL3c4eBJqk95YhX5evUyqtJ5DUyh', 271726), ('3QMimuDoqLWQoZBG88jQruS8X9gx3sSaJZ', 273979), ('1H3YwKXVKcVQpTNk9Vt1mDbwRUwcCy5i7V', 1282495), ('bc1qmv34yp48naxcwve20jylspp007g2mzp8rgksxh', 398676), ('32LTqKAm7xeHG28ZBT1typ9GGiZnumAbsz', 44710), ('15zjQwBXtD1NgqjNTf6mHMm9xZqBpctxmy', 47601), ('12UTZSg6YHXKXYSEo78QSGqbgnBk4QEHz6', 2549431), ('1CttXBc4BCahdXweDYrSKnKXshsX3YEW36', 16988), ('35BxN1pSxTd6zYGgV2ZARMZQNKG5KnDb5V', 42330), ('3JLJnXgxDaxKYiCdTdvYELXoBrWvrJYo3Z', 20000), ('37FnK3MMHEd9PBGZuyC2SZuZ6RiZMAJJUY', 896829), ('16AfuZiVsov2KfoqUrYgyEghFiUpB8fW1N', 1000000), ('3QDHkZHgsHpmMGN6Ly9iW2F391ZWVx6fST', 168319), ('341bsbaDy6U3Sdf9rxEi6EQn1PCymv6v5A', 424572), ('1BZRWjeTpJa4scURQUdB75CuDZmDVihKSo', 61567), ('3CSMSmaFv44mxjoATBzmajbyeQ7hSbrK6b', 3398092), ('1QCK3NmB1cQZC3fmPWbr6j76TDipmzuZQ1', 1164291), ('1BoMDhApNyJhPQhLYG1Lr7dza1Ag6kmiyK', 300000), ('3L8Lrw57MfUpC4xep3AjRz1fhuGZuNvgCQ', 180890), ('1FvAJi7VqPC14uJ1LYg4UFiRXkDTcN1n79', 135981), ('3NL1Xui1L9ZJ6WLQmUcDBw9nw8n6SQmkyD', 397844), ('3BjBKZrDhZEdEEYKX3esZrdNdccbVQBRra', 219626), ('19ME5SC5zp7uR19wXTfsFpUUP1c7DgcFZS', 1217271), ('12iN5SDLxRV2Aq5SXvmULQLvThAETzjsiL', 17148), ('16rLnBZZsVxQcDmNAQzP8h9WQfFKoy2NwC', 129876), ('3DCDhQ3oHVVFPCkMudQemTUJ2dndBywBER', 8495458), ('3HBbjH7Yu1CHGPK91nfc8716UznDQ8krS6', 44127), ('35WWg2aLz8MonoUciQ4e5AZjRV8hw6G3iQ', 16994), ('3EE2JSTn5veS5WnAhz4DJKJEhvyAmX3Jgw', 1560000), ('12x1MsFP9AY4vGZLHwNdctzBF3Y6i48i7f', 1193440), ('38kgQK6YEi6G8ygJE4KMyFa6ppDtG9oeBL', 52675), ('1PBaKqz5x6PE9HtY2mpcQPj5iLvhpMMtb5', 462247), ('17MVyVwj6JPnnA4sVpFroot95czg4ABHhQ', 111099), ('3PJxi3yN75YmGt2DNHEJG6gD2sNGFVaob4', 163551), ('3C1CjXHS4JgrVqXC8XPunqfB4TTLCKdy5f', 423062), ('1Fkmt9UdKx5LU3BtRDdFb6DTe75dhQjvre', 102197), ('1GV4qb29biLdMCBeCqbCCxkyhcLPnnXxgA', 54369), ('bc1q93skm5t67nxvzp884uhhwcuwx9k7r2mncefk30', 25072994), ('1D63zcrkGH9cyYuvpYiNrKSGTM9eRpp5eY', 1867000), ('3HmtbuJpykt4W7jhm7HBSGfT8dbVokKDnq', 201891), ('bc1q977h8zjgr6552m8zhh93svaey4dgv27smj4mrm', 200867)]"
23,e3f75399f0e80a7878b82b861d7ba6b0c58f68cf8f877ae4f5660040a72658f0,2021-03-24 01:47:47,"[('3293W2Hah16tBAdWRYbvtW3p3geFsXg7w5', 300242148)]","[('bc1qa9len9z484cdr5u003z8ymmld8fnja9ygknln3', 19861613), ('3PyBDbgkWEKoPVrja7HaVSoFsBxZtaFETC', 2500000), ('bc1q3du4ra0mh7njx6zcn488ejev4yz2u0fghskxh7', 1000000), ('37jnt1jn87iENQQReVQvmTR9EtuDabWqoM', 290000), ('35dtYwVFHLNV1Dh1QAoWixq35djiLGUjpQ', 40963), ('38jEXyJey8bmZ97CFsFVDY8bFJ7JbqXLw3', 30448), ('bc1qvk77nae6xsf4fjfxev5qpp6krjaxs267h7h6mw', 177968), ('3DbaupkNhAsV65f8kJcS4qgdWzVLnRwXms', 149604), ('17CpUta4XwiBAHVm6wweVazCQz5Wd9JiYK', 92079), ('1BuJyk4v6Ygian9vfbmv27tLYvBAgTx9QC', 174270), ('3NyVsv2HCtN3dqNYJZVuX4K8BZNWmaha9M', 164960), ('151FEx5R4feWjHwGJBZqAMNpC9dVMAUHcB', 18564), ('1MkUwWTsZ7JyrXHbheNiZbZsGHNozYkBuf', 359131), ('12hMMDyhtuPkDitEksdzJd7bbPgDMMkA9h', 21000000), ('1MryQx4kxAxHfvL6RqvGkuoWN9dpb9zsEF', 206401), ('1CXZLTXgGuko76h18Za1EuDNa7Mme2RXU5', 100000), ('3Hwg9opk4zVkWdhtNuxkfSoaZAMeqenRkZ', 184580), ('3HVRagfZWr11Hnuo8Wvfdfi8oA6wxhYzr3', 45584264), ('3JEc2bBnERcXqjo5LL8jDvLbRibpZLtjFN', 4000000), ('1FsUzKiNFcnhWspZ8wSp2a6QCVQRhRebQA', 301098), ('1DUdVFQzRQhcgxiN7Twqbz4VU26LsJbVq4', 174825), ('1LUBfjX7UcPBCDK1ZmgqivuvgmUDyzmMDt', 64580), ('1MYygHYM5Rrh4JskCQKY83M93gVwQBhtne', 350198), ('3HKYHsBbtMDjgghWzWNqTyAwWmikThyxcy', 18410), ('1CLbpkTbDD1PmmWq9X8FsfHodo6xi1ZMU2', 92157), ('3EiQ7BYMKXVVLGBDYVzAnmq2uy6XxGCfWE', 300000), ('1PXt44vdKcQBhm9Zp7BqykNXfxr6W2MGwd', 152239), ('1Nk8DKR2oXvB5XLPYgzFH2F9ovyyJ8fLZR', 13045), ('36JKhB2DVodToT8zi1R2xPEFKCqjW2jaX2', 13396), ('3HRXWa1rESkfwMBynWTEwkbtVgq9zd3dsH', 85860), ('376XdqcwL1dckPUUbFVodH216ppBviuTLS', 38706), ('1BqZQSvNkYong8ZD8Xs3zHq39pBoAHT96b', 36818), ('35RP14RDYiyyCvMPh65gVrHPDPH2H1bNBX', 10336), ('112F6TPQAqvJkxDP9mRh49fT1UUKBz4xjU', 21935), ('3NfPxpnPrhjCGtAnUUJXYPCYLMUn4tJ7wp', 129634), ('bc1qk04ugmlytc2sxcyyvggkg0v90pdccsa5g5r4ad', 4900000), ('bc1q6v5j5hx5j96afyk6vgxwccfyqn9mpqwmkppl4u', 1844813), ('3Mxc9sSpM2mGzzf1Ccg5Rb2vL4gCtH5KuS', 58247), ('1Bgs7um88PxkfMqtK1Fk1rzkiVqvynrkmS', 169570), ('bc1qzuzqus2kjlevja8caayj3swv4ntk8f0n86x5yz', 1254765), ('bc1qrclsj6t05dhtx6cp563gvj3zkwdn232kwhx3sv', 187028353), ('31rcpfWprsX8tvUKx7syRK1W3bTYonhAiz', 177323), ('37zhgg3NnnbNbbATDH7UxMwekAWQ5futMu', 3072076), ('13RDrQUAVJxFmCZzNDXL2v1yELz38eVkq5', 801199), ('bc1q25letejrjmr27re4y0d3whf7emy64kzet4qhsh', 184308), ('36FfdAo47WcmwxPGEGsbrNhxCw4zztcxoH', 12619), ('1MgiJoYUvqC1hTGsg3ectvkSHruhscdVyw', 23928), ('3Knzm3wtw8xb6eBYH3fpiVdcykhg58M2XV', 44233), ('3CUuariqmiDqK6T8aAuxRbkWtj4YjEtEAP', 1475107), ('3Q3sSHL5Db1SmRMW3DtWPzU15mh1kCmtbF', 1320651), ('17aa4DnkG6h7s6PJEVcu9tBfjYDEJbURQx', 10251)]"
